0.202128 0.315074 0.226364 0.134864 0.0413705 0.123789 0.0561715 0.0241106 0 0 0 0 0 0 0 0 0 0 0 0 0 0 0 0 0 0 0 0 0.134461 0.0385877 0.0510721 0.0967137 0.190654 0.178825 0.188965 0.414558 0.904328 2.00169 
1.12953 0.145276 0.533367 0.548418 0.283109 0.515441 0.0693874 0.136498 0 0 0 0 0 0 0 0 0 0 0 0 0 0 0 0 0 0 0 0 0.169591 0.12909 0.120355 0.508541 0.0298513 0.248063 1.08811 1.11448 1.73578 7.01424 
1.37866 1.49745 1.38454 0.323598 0.365676 0.401782 0.707748 0.223115 0 0 0 0 0 0 0 0 0 0 0 0 0 0 0 0 0 0 0 0 0.0420496 0.729281 0.331298 0.475517 0.669964 0.474967 1.47907 1.66535 3.55558 4.97258 
1.06859 0.222568 0.0780708 0.203273 0.162589 0.240529 0.0945407 0.216013 0 0 0 0 0 0 0 0 0 0 0 0 0 0 0 0 0 0 0 0 0.133967 0.144702 0.173191 0.167629 0.263731 0.368814 0.430773 0.887175 1.54176 8.11906 
0.251238 0.216371 0.0754893 0.361759 0.35362 0.227889 0.240635 0.151946 0 0 0 0 0 0 0 0 0 0 0 0 0 0 0 0 0 0 0 0 0.122453 0.124268 0.0753174 0.0928378 0.211069 0.228925 0.222004 0.433082 0.564207 3.28003 
0.352327 0.0981923 0.0796007 0.0717145 0.1048 0.0923422 0.136965 0.0459751 0 0 0 0 0 0 0 0 0 0 0 0 0 0 0 0 0 0 0 0 0.0715644 0.15957 0.0252355 0.0466294 0.16534 0.257557 0.476234 0.74643 0.795168 3.22925 
1.44189 0.520774 1.15627 0.375618 0.678509 0.566458 0.438564 0.222121 0 0 0 0 0 0 0 0 0 0 0 0 0 0 0 0 0 0 0 0 0.376181 0.408506 0.325891 0.613045 0.510439 0.612782 0.84566 1.61948 0.500349 8.57373 
0.307096 0.218185 0.372662 0.159621 0.13824 0.182436 0.0504768 0.038601 0 0 0 0 0 0 0 0 0 0 0 0 0 0 0 0 0 0 0 0 0.129704 0.0873216 0.0773561 0.173188 0.0337779 0.234851 0.300293 0.210398 0.958887 2.63776 
1.50882 0.447437 0.104437 0.303972 0.0635025 0.145102 0.209284 0.147507 0 0 0 0 0 0 0 0 0 0 0 0 0 0 0 0 0 0 0 0 0.16908 0.114089 0.10632 0.253986 0.239745 0.403726 0.506423 0.820705 1.145 5.47052 
2.83524 0.475453 0.80005 1.08482 0.878545 0.541696 0.491078 0.0757172 0 0 0 0 0 0 0 0 0 0 0 0 0 0 0 0 0 0 0 0 0.332312 0.288177 0.178338 0.429454 0.242299 1.11089 1.9833 2.74616 2.24217 17.4761 
1.21756 0.472273 1.06736 0.52083 0.507854 0.324265 0.52188 0.102157 0 0 0 0 0 0 0 0 0 0 0 0 0 0 0 0 0 0 0 0 0.353022 0.316232 0.401438 0.342401 0.248782 1.24649 1.17821 0.454879 2.62939 5.77512 
0.236513 0.445472 0.0753457 0.188843 0.0757858 0.135514 0.0316255 0.111888 0 0 0 0 0 0 0 0 0 0 0 0 0 0 0 0 0 0 0 0 0.0328885 0.0878236 0.0505254 0.114352 0.0466454 0.106714 0.0332617 0.318705 0.135164 3.92348 
0.160942 0.438245 0.0590841 0.149489 0.0872621 0.0916399 0.169578 0.028001 0 0 0 0 0 0 0 0 0 0 0 0 0 0 0 0 0 0 0 0 0.0771805 0.0596272 0.209732 0.0834226 0.174597 0.196659 0.197924 0.578805 0.439544 2.0725 
0.492802 0.541648 0.398168 0.113771 0.131797 0.0374016 0.101501 0.0439274 0 0 0 0 0 0 0 0 0 0 0 0 0 0 0 0 0 0 0 0 0.0679096 0.0369837 0.0529725 0.0946857 0.148355 0.171084 0.0771764 0.497652 0.419722 6.7054 
1.24842 1.56131 1.29584 1.68878 0.240675 1.02691 0.298832 0.146359 0 0 0 0 0 0 0 0 0 0 0 0 0 0 0 0 0 0 0 0 0.582923 0.123628 0.591606 0.406606 0.423668 0.835724 1.6831 1.16072 5.70234 10.5618 
0.761708 1.03679 0.431154 0.309559 0.242077 0.0990391 0.189424 0.168399 0 0 0 0 0 0 0 0 0 0 0 0 0 0 0 0 0 0 0 0 0.0898874 0.17601 0.205165 0.373346 0.486571 0.44722 0.756992 0.617199 0.849537 6.81839 
2.32216 4.49724 1.32277 0.750235 0.717523 0.888143 1.46331 0.930731 0 0 0 0 0 0 0 0 0 0 0 0 0 0 0 0 0 0 0 0 0.65196 0.549499 1.43006 0.439521 0.959079 3.08065 1.02963 0.933471 4.06121 18.6981 
1.08356e-006 2.1993 2.95515e-007 0.224153 9.85052e-008 0.587266 9.85052e-008 0.199026 0 0 0 0 0 0 0 0 0 0 0 0 0 0 0 0 0 0 0 0 0 0.344667 9.85052e-008 0.247025 9.85052e-008 0.752401 2.95515e-007 0.381134 1.08356e-006 17.354 
1.26585 0.612276 0.123762 0.538328 0.59416 0.408562 0.177346 0.102204 0 0 0 0 0 0 0 0 0 0 0 0 0 0 0 0 0 0 0 0 0.18067 0.142337 0.0741803 0.239408 0.347278 0.402267 0.729823 1.61941 3.17699 5.74924 
0.579769 0.347207 0.195769 0.164232 0.235574 0.182791 0.115848 0.133128 0 0 0 0 0 0 0 0 0 0 0 0 0 0 0 0 0 0 0 0 0.0772475 0.0887763 0.136766 0.136434 0.098057 0.224165 0.0404712 0.267284 0.439393 3.85939 
0.477319 0.147476 0.255751 0.121305 0.0222489 0.0811948 0.0500694 0.0846928 0 0 0 0 0 0 0 0 0 0 0 0 0 0 0 0 0 0 0 0 0.0836375 0.0462414 0.0628482 0.0895734 0.190383 0.0487819 0.1657 0.183786 1.02253 3.76119 
1.07078 0.505771 0.541787 0.221591 0.458916 0.241747 0.109007 0.286902 0 0 0 0 0 0 0 0 0 0 0 0 0 0 0 0 0 0 0 0 0.0993523 0.423451 0.224526 0.276429 0.691875 0.326315 0.626905 0.796788 0.71318 3.73871 
0.581482 0.19936 0.169814 0.27411 0.339313 0.267115 0.169234 0.0827824 0 0 0 0 0 0 0 0 0 0 0 0 0 0 0 0 0 0 0 0 0.234803 0.154322 0.0425914 0.0399738 0.0994241 0.192976 0.28147 0.812401 1.79934 1.9487 
1.0638 2.52416 0.545253 0.728907 0.175677 0.202175 0.159448 0.175056 0 0 0 0 0 0 0 0 0 0 0 0 0 0 0 0 0 0 0 0 0.102098 0.109693 0.455036 0.362037 0.408479 1.22047 0.445158 1.17652 1.59506 7.99469 
0.867745 0.548271 0.420923 0.209844 0.311571 0.226546 0.158185 0.211112 0 0 0 0 0 0 0 0 0 0 0 0 0 0 0 0 0 0 0 0 0.270958 0.192584 0.399262 0.259997 0.567994 0.321359 0.569412 0.942889 0.669168 4.57569 
0.161781 0.248258 0.322792 0.377668 0.206005 0.214932 0.0828384 0.0630389 0 0 0 0 0 0 0 0 0 0 0 0 0 0 0 0 0 0 0 0 0.117144 0.149463 0.104586 0.151912 0.335795 0.37383 0.64396 0.400784 0.510249 3.12724 
0.471092 5.12399 3.99926 1.58522 1.75322 3.40894 18.9624 0 0 0 0 0 0 0 0 0 0 0 0 0 0 0 0 0 0 0 0 0 0 301.921 1 0.471092 5.12399 3.99926 1.58522 1.75322 3.40894 18.9624 
0.300589 0.806777 0.388901 0.372689 0.33456 0.0272531 0.308897 0.124664 0 0 0 0 0 0 0 0 0 0 0 0 0 0 0 0 0 0 0 0 0.214613 0.232689 0.440952 0.1323 0.607917 0.283215 0.647596 1.24564 0.427078 8.28952 
1.19859 0.147971 1.99511 0.180428 1.36495 1.47214 0.841274 0.517512 0 0 0 0 0 0 0 0 0 0 0 0 0 0 0 0 0 0 0 0 1.15365 0.519894 0.798785 0.927305 0.430157 2.03845 3.06536 3.93875 1.09691 15.1708 
1.01857 0.221122 0.460282 0.32662 0.0995181 0.242637 0.265037 0.117724 0 0 0 0 0 0 0 0 0 0 0 0 0 0 0 0 0 0 0 0 0.11823 0.0668622 0.141721 0.22192 0.204268 0.137105 0.160594 0.780928 0.705696 3.00952 
12.0846 20.0188 8.86386 7.00911 17.1368 2.52301 4.47278 5.3099 0 0 0 0 0 0 0 0 0 0 0 0 0 0 0 0 0 0 0 0 3.20489 7.41413 6.56192 14.6586 14.2958 9.88483 14.7287 38.3514 59.0155 118.042 
0.562172 0.300284 0.165063 0.0694874 0.0455586 0.0141061 0.0249201 0.05346 0 0 0 0 0 0 0 0 0 0 0 0 0 0 0 0 0 0 0 0 0.166157 0.208158 0.272557 0.289259 0.286112 0.354353 0.328681 0.359295 0.825751 3.20583 
0.646358 0.298919 0.425789 0.988695 0.542462 0.186314 0.106315 0.132616 0 0 0 0 0 0 0 0 0 0 0 0 0 0 0 0 0 0 0 0 0.255645 0.187955 0.425942 0.391937 0.280729 0.320775 0.994005 2.86212 6.18655 8.82307 
0.224678 0.136389 0.217184 0.188036 0.126156 0.0667012 0.0610434 0.052895 0 0 0 0 0 0 0 0 0 0 0 0 0 0 0 0 0 0 0 0 0.0594118 0.115891 0.0633958 0.179529 0.070018 0.140968 0.347918 0.312324 0.888673 5.03172 
0.49053 0.199169 0.186519 0.17968 0.0968046 0.0952265 0.110986 0.0730695 0 0 0 0 0 0 0 0 0 0 0 0 0 0 0 0 0 0 0 0 0.0616037 0.108906 0.0864142 0.109649 0.186575 0.22619 0.33834 0.346981 0.9129 4.04246 
0.5363 0.575745 0.168341 0.243991 0.230889 0.114362 0.16926 0.0799698 0 0 0 0 0 0 0 0 0 0 0 0 0 0 0 0 0 0 0 0 0.0920855 0.132054 0.146354 0.212121 0.277937 0.276621 0.604886 0.670981 0.783998 5.7818 
0.081413 0.524076 0.0651718 0.352181 0.0398042 0.266073 0.0367647 0.200743 0 0 0 0 0 0 0 0 0 0 0 0 0 0 0 0 0 0 0 0 0.0305472 0.242864 0.0478924 0.317313 0.0418758 0.449737 0.0689101 0.900317 0.0939108 4.30291 
0.167814 0.109489 0.0547738 0.0802406 0.0775949 0.0336729 0.013836 0.0575017 0 0 0 0 0 0 0 0 0 0 0 0 0 0 0 0 0 0 0 0 0.0577956 0.0296357 0.020048 0.0940726 0.0700202 0.0536557 0.176706 0.117507 1.16276 2.24619 
0.0845656 0.0516771 0.300216 0.193413 0.185396 0.237583 0.207789 0.114458 0 0 0 0 0 0 0 0 0 0 0 0 0 0 0 0 0 0 0 0 0.228179 0.11903 0.195756 0.0806049 0.07157 0.187303 0.141027 0.538584 0.373956 2.37356 
0.573916 0.0728916 0.289751 0.136181 0.062987 0.200307 0.171923 0.0888654 0 0 0 0 0 0 0 0 0 0 0 0 0 0 0 0 0 0 0 0 0.132238 0.0756465 0.128191 0.165387 0.0777673 0.0588093 0.704159 0.630968 0.642897 3.44851 
0.143617 0.443004 0.356817 0.123805 0.296559 0.16887 0.236222 0.0422532 0 0 0 0 0 0 0 0 0 0 0 0 0 0 0 0 0 0 0 0 0.0300534 0.114436 0.160336 0.0847557 0.216611 0.194204 0.755383 0.365223 0.738216 4.12816 
1.64464 2.83872 1.75609 0.349553 0.666122 0.740396 0.696461 0.92735 0 0 0 0 0 0 0 0 0 0 0 0 0 0 0 0 0 0 0 0 0.600465 0.719928 0.849735 0.778561 0.71208 0.712877 0.278128 1.05331 5.3281 27.3585 
0.144173 0.389091 0.107915 0.0811422 0.154829 0.0986734 0.0945237 0.106895 0 0 0 0 0 0 0 0 0 0 0 0 0 0 0 0 0 0 0 0 0.0447809 0.115177 0.128587 0.203564 0.288403 0.292707 0.118238 0.306925 0.993987 2.86679 
0.195032 0.079511 0.130439 0.100404 0.0657815 0.0223481 0.0320892 0.0382278 0 0 0 0 0 0 0 0 0 0 0 0 0 0 0 0 0 0 0 0 0.0618361 0.110376 0.0857653 0.0271774 0.108468 0.0824865 0.171364 0.178856 0.332697 1.79733 
0.598221 0.625171 0.273307 0.361656 0.298901 0.170314 0.204908 0.0493302 0 0 0 0 0 0 0 0 0 0 0 0 0 0 0 0 0 0 0 0 0.0475847 0.0692659 0.10143 0.0442568 0.284235 0.321844 0.410494 0.903727 0.809286 5.35367 
0.318902 0.406435 0.118318 0.159279 0.149666 0.0557552 0.131207 0.0827141 0 0 0 0 0 0 0 0 0 0 0 0 0 0 0 0 0 0 0 0 0.346103 0.442416 0.33227 0.168913 0.368559 0.228877 0.312072 0.750988 0.854395 5.25108 
0.62486 0.416231 0.319526 0.0688505 0.340468 0.0521318 0.201513 0.16841 0 0 0 0 0 0 0 0 0 0 0 0 0 0 0 0 0 0 0 0 0.114183 0.10953 0.190981 0.226149 0.140365 0.399844 0.298225 0.499975 0.866816 8.5627 
0.410049 0.660185 0.260866 0.176602 0.168291 0.110428 0.108513 0.130445 0 0 0 0 0 0 0 0 0 0 0 0 0 0 0 0 0 0 0 0 0.141427 0.126295 0.0256744 0.136656 0.207149 0.408236 0.263365 0.174215 0.896591 2.63879 
0.502159 2.0879 0.507036 0.323615 0.267531 0.358719 0.262529 0.224345 0 0 0 0 0 0 0 0 0 0 0 0 0 0 0 0 0 0 0 0 0.0896071 0.00941113 0.543802 0.36304 0.419828 0.91588 0.748801 0.866159 1.47896 22.2353 
0.0620707 0.127811 0.123889 0.0530208 0.0555989 0.0222201 0.0362757 0.0362385 0 0 0 0 0 0 0 0 0 0 0 0 0 0 0 0 0 0 0 0 0.0251048 0.0483967 0.00775091 0.130274 0.123128 0.138707 0.221789 0.273 0.0653201 1.8104 
0.727656 0.315399 0.18174 0.181352 0.238262 0.0915186 0.256567 0.19124 0 0 0 0 0 0 0 0 0 0 0 0 0 0 0 0 0 0 0 0 0.118603 0.0645823 0.134345 0.159086 0.185723 0.311674 0.568978 0.39908 0.826126 4.38311 
0.0749276 0.0756654 0.018758 0.107798 0.145125 0.0282158 0.0869519 0.0496746 0 0 0 0 0 0 0 0 0 0 0 0 0 0 0 0 0 0 0 0 0.0398321 0.0710665 0.0426164 0.112697 0.160859 0.129631 0.0878332 0.195085 0.229575 1.93392 
0.515805 1.13787 1.67054 0.262248 0.258755 0.233321 0.146847 0.130715 0 0 0 0 0 0 0 0 0 0 0 0 0 0 0 0 0 0 0 0 0.255088 0.23151 0.363974 0.520942 0.425086 0.503322 0.695285 2.51551 2.93294 5.40594 
0.935355 0.0254478 0.0121409 0.116546 0.0525058 0.197574 0.117535 0.11272 0 0 0 0 0 0 0 0 0 0 0 0 0 0 0 0 0 0 0 0 0.018147 0.0631114 0.144672 0.0869315 0.0974983 0.257336 0.366277 0.459528 0.548258 2.93251 
0.368341 0.0563482 0.212499 0.110704 0.0659405 0.0521993 0.0872408 0.129024 0 0 0 0 0 0 0 0 0 0 0 0 0 0 0 0 0 0 0 0 0.130983 0.101926 0.144704 0.248252 0.0718913 0.1305 0.411138 0.520066 0.589258 4.66347 
2.20436 0.956163 0.536089 0.578428 0.952139 1.33765 0.392062 0.528763 0 0 0 0 0 0 0 0 0 0 0 0 0 0 0 0 0 0 0 0 0.870906 0.598327 0.374413 0.0522972 0.97376 1.28623 2.12419 2.16539 2.6953 10.0958 
0.651522 0.0835525 0.304432 0.116104 0.166197 0.0529056 0.185624 0.0659958 0 0 0 0 0 0 0 0 0 0 0 0 0 0 0 0 0 0 0 0 0.0314257 0.0595237 0.0719377 0.248931 0.25491 0.0967052 0.355813 0.197543 0.982343 6.5063 
0.553929 0.403181 0.346077 0.524956 0.398832 0.168362 0.142073 0.0951838 0 0 0 0 0 0 0 0 0 0 0 0 0 0 0 0 0 0 0 0 0.248104 0.343137 0.291415 0.592703 0.472363 0.332506 0.284408 1.17502 0.714098 8.10431 
1.45222 1.23367 0.151887 0.241392 1.05391 0.833575 0.498612 0.931727 0 0 0 0 0 0 0 0 0 0 0 0 0 0 0 0 0 0 0 0 0.728426 0.730835 1.10109 1.02019 0.977414 0.799842 1.13245 0.394259 2.13262 9.55565 
0.885705 0.148307 0.933324 0.158881 0.323291 0.360913 0.234335 0.173184 0 0 0 0 0 0 0 0 0 0 0 0 0 0 0 0 0 0 0 0 0.0772843 0.19013 0.431039 0.100074 0.712331 0.495899 0.670955 0.728116 1.69128 4.37608 
0.715546 2.81087 1.20022 1.53003 0.5622 0.82359 0.67761 0.894434 0 0 0 0 0 0 0 0 0 0 0 0 0 0 0 0 0 0 0 0 0.577147 1.5324 1.40099 0.952025 1.05697 1.44575 2.58216 3.60985 11.5573 12.3557 
0.218631 0.262824 0.176182 0.0835866 0.18898 0.10311 0.0961136 0.0196171 0 0 0 0 0 0 0 0 0 0 0 0 0 0 0 0 0 0 0 0 0.14353 0.0436681 0.0821838 0.0957901 0.21346 0.0578721 0.555031 1.16296 0.19962 2.83367 
0.60075 0.350829 0.31523 0.263255 0.13373 0.207566 0.155261 0.129024 0 0 0 0 0 0 0 0 0 0 0 0 0 0 0 0 0 0 0 0 0.150879 0.159512 0.240365 0.213238 0.264848 0.392583 0.498428 0.585222 0.926514 5.4189 
0.300745 0.137501 0.0517723 0.191449 0.0583613 0.0688822 0.0563993 0.0372943 0 0 0 0 0 0 0 0 0 0 0 0 0 0 0 0 0 0 0 0 0.0506507 0.0686718 0.0826143 0.00820062 0.123417 0.100762 0.0994245 0.296986 0.887781 1.779 
1.00346 1.15643 0.587418 0.679347 0.201479 0.207436 0.496476 0.521053 0 0 0 0 0 0 0 0 0 0 0 0 0 0 0 0 0 0 0 0 0.374264 0.596517 0.862492 0.637217 0.547179 0.269618 0.444034 1.10077 3.75282 5.60813 
1.3982 0.765386 0.490791 1.14026 0.375937 0.5853 0.140921 0.270831 0 0 0 0 0 0 0 0 0 0 0 0 0 0 0 0 0 0 0 0 0.0936766 0.2525 0.198637 0.128102 0.205361 1.20884 0.755928 2.33134 3.75301 3.81257 
0.862777 0.246369 0.651395 0.448957 0.64854 0.498016 0.346252 0.150176 0 0 0 0 0 0 0 0 0 0 0 0 0 0 0 0 0 0 0 0 0.226226 0.195961 0.198465 0.227212 0.14778 0.0773296 0.454984 0.756665 0.428242 7.70416 
0.16652 0.172754 0.251863 0.0875452 0.0556945 0.173502 0.0469678 0.0995734 0 0 0 0 0 0 0 0 0 0 0 0 0 0 0 0 0 0 0 0 0.0379293 0.132238 0.107973 0.0814014 0.219223 0.142283 0.29696 0.222543 0.52157 2.66334 
0.430877 0.22705 0.110668 0.0812721 0.0545208 0.00448109 0.0315657 0.0643133 0 0 0 0 0 0 0 0 0 0 0 0 0 0 0 0 0 0 0 0 0.0542297 0.0531472 0.046008 0.00567705 0.0875966 0.147247 0.13197 0.28193 0.598395 1.68694 
0.455549 0.362914 0.31084 0.0384546 0.155319 0.233219 0.101265 0.084038 0 0 0 0 0 0 0 0 0 0 0 0 0 0 0 0 0 0 0 0 0.132358 0.174021 0.190399 0.203486 0.252474 0.134948 0.322323 0.290404 1.79534 9.27226 
0.21907 0.170393 0.228903 0.219122 0.0853891 0.251139 0.0883975 0.106685 0 0 0 0 0 0 0 0 0 0 0 0 0 0 0 0 0 0 0 0 0.13635 0.0986855 0.106954 0.283642 0.137615 0.328619 0.219539 0.49837 0.110748 3.56339 
0.625706 0.677945 0.266555 0.251677 0.53468 0.47207 0.177349 0.155579 0 0 0 0 0 0 0 0 0 0 0 0 0 0 0 0 0 0 0 0 0.277949 0.089837 0.394904 0.530955 0.366562 0.164978 0.635959 0.875326 0.911544 3.39692 
1.06152 1.38469 0.404175 0.203777 0.248082 0.148697 0.156679 0.327937 0 0 0 0 0 0 0 0 0 0 0 0 0 0 0 0 0 0 0 0 0.208447 0.482577 0.441792 0.370439 0.253688 0.18991 0.874961 0.31058 1.35144 11.6744 
0.28185 0.269082 0.1404 0.20351 0.0395573 0.0668385 0.0542355 0.0285093 0 0 0 0 0 0 0 0 0 0 0 0 0 0 0 0 0 0 0 0 0.0234746 0.015554 0.0239852 0.0555222 0.134257 0.0256032 0.348491 0.221176 0.494899 1.77589 
1.1315 0.365923 0.516868 0.629665 0.180759 0.351562 0.378349 0.126596 0 0 0 0 0 0 0 0 0 0 0 0 0 0 0 0 0 0 0 0 0.0933001 0.15699 0.407991 0.243731 0.236137 0.671182 1.0076 0.411162 2.80712 6.94839 
0.490545 0.274534 0.547043 0.142425 0.150571 0.147966 0.18092 0.144238 0 0 0 0 0 0 0 0 0 0 0 0 0 0 0 0 0 0 0 0 0.039327 0.0749079 0.192241 0.114158 0.202071 0.385113 0.284692 0.24584 1.19541 5.46429 
3.86472 3.18477 2.24908 1.37092 1.53427 1.14298 0.941216 0.644274 0 0 0 0 0 0 0 0 0 0 0 0 0 0 0 0 0 0 0 0 1.26167 1.0479 1.25154 1.96385 2.22441 2.15431 1.98918 4.25089 0.289331 7.75466 
0.222995 0.229499 0.0922491 0.0280434 0.081224 0.0377273 0.0290829 0.0337184 0 0 0 0 0 0 0 0 0 0 0 0 0 0 0 0 0 0 0 0 0.0296725 0.031571 0.0344834 0.0326349 0.055134 0.00332877 0.113748 0.233023 0.998951 3.30003 
0.318441 0.327083 0.29447 0.00600397 0.180908 0.124854 0.120134 0.110615 0 0 0 0 0 0 0 0 0 0 0 0 0 0 0 0 0 0 0 0 0.038629 0.178995 0.107762 0.151565 0.248255 0.0586682 0.392529 0.333119 0.553734 2.20834 
0.457217 0.376712 0.227471 0.149093 0.213081 0.0906538 0.200753 0.0272992 0 0 0 0 0 0 0 0 0 0 0 0 0 0 0 0 0 0 0 0 0.118658 0.0423825 0.172711 0.0563029 0.214304 0.212142 0.283432 0.577795 0.438805 3.35621 
0.432706 0.188435 0.150316 0.139814 0.125724 0.0534398 0.0336065 0.0451472 0 0 0 0 0 0 0 0 0 0 0 0 0 0 0 0 0 0 0 0 0.0418446 0.0458094 0.0379955 0.0174138 0.0907205 0.100337 0.132205 0.447231 1.31167 3.15948 
0.257027 0.616974 0.101317 0.170522 0.144 0.0526561 0.0579835 0.0692421 0 0 0 0 0 0 0 0 0 0 0 0 0 0 0 0 0 0 0 0 0.0766071 0.0367109 0.0567785 0.0335304 0.0802542 0.0732633 0.110291 0.20741 0.47484 4.83113 
1.30365 0.708159 0.451934 0.453644 0.211735 0.258416 0.124524 0.0104596 0 0 0 0 0 0 0 0 0 0 0 0 0 0 0 0 0 0 0 0 0.142465 0.0740106 0.160639 0.131363 0.169404 0.473411 0.305727 0.924989 1.3217 4.98918 
0.547338 0.221427 0.232949 0.0890543 0.110781 0.119299 0.071895 0.100901 0 0 0 0 0 0 0 0 0 0 0 0 0 0 0 0 0 0 0 0 0.133614 0.146386 0.160427 0.216624 0.233807 0.221504 0.301372 0.367441 0.591877 1.01221 
0.0882522 0.201871 0.284097 0.474398 0.219432 0.108561 0.219217 0.0719907 0 0 0 0 0 0 0 0 0 0 0 0 0 0 0 0 0 0 0 0 0.0954128 0.10743 0.118241 0.229198 0.228266 0.462284 0.661518 0.0955375 1.42328 2.66108 
0.257725 0.262144 0.307849 0.350479 0.255205 0.208802 0.226277 0.274608 0 0 0 0 0 0 0 0 0 0 0 0 0 0 0 0 0 0 0 0 0.0996613 0.179836 0.265627 0.354386 0.46029 0.579466 0.734499 1.19121 1.53652 2.38323 
0.439621 0.295352 0.38264 0.0424962 0.253208 0.151357 0.106395 0.175127 0 0 0 0 0 0 0 0 0 0 0 0 0 0 0 0 0 0 0 0 0.0304773 0.198732 0.114007 0.180845 0.29168 0.0540592 0.483057 0.383018 0.677109 2.43085 
0.252083 0.171788 0.360474 0.0590893 0.0267903 0.112362 0.105849 0.149483 0 0 0 0 0 0 0 0 0 0 0 0 0 0 0 0 0 0 0 0 0.205211 0.149609 0.0753749 0.129575 0.154011 0.239454 0.325499 0.585658 0.490244 2.83048 
7.40803 17.6227 12.5836 0.498628 2.03494 0.822189 2.57142 2.16254 0 0 0 0 0 0 0 0 0 0 0 0 0 0 0 0 0 0 0 0 1.15091 1.75182 1.98349 2.39253 6.93112 3.72677 2.46848 0.842462 16.6417 97.0706 
0.774663 2.42072 0.336295 0.681984 0.667189 0.156192 0.253626 0.592274 0 0 0 0 0 0 0 0 0 0 0 0 0 0 0 0 0 0 0 0 0.980967 0.366979 0.0998072 0.406446 0.250944 0.828176 0.444015 1.39484 0.0672554 12.4125 
0.660971 0.30029 0.23032 0.149264 0.129605 0.116565 0.0947696 0.0874341 0 0 0 0 0 0 0 0 0 0 0 0 0 0 0 0 0 0 0 0 0.209815 0.23248 0.269974 0.289489 0.32879 0.347163 0.414682 0.566371 0.790326 2.23816 
2.6886 7.02834 1.4713 0.574811 0.613782 0.814537 0.579029 0.355951 0 0 0 0 0 0 0 0 0 0 0 0 0 0 0 0 0 0 0 0 0.630912 0.472251 0.788746 0.900506 1.32956 2.97581 1.98338 1.5264 5.53323 78.3836 
0.379784 0.63729 0.46151 0.188771 0.196186 0.274979 0.0516025 0.107536 0 0 0 0 0 0 0 0 0 0 0 0 0 0 0 0 0 0 0 0 0.182591 0.277897 0.189775 0.262747 0.255895 0.314302 0.242006 0.286076 1.16652 3.06248 
0.707846 0.954722 0.787974 0.641606 0.472614 0.434094 0.348017 0.257374 0 0 0 0 0 0 0 0 0 0 0 0 0 0 0 0 0 0 0 0 0.263882 0.428864 0.249008 0.34932 0.826565 0.495031 0.908231 1.57299 2.5517 10.8003 
0.340932 0.869589 0.202066 0.313847 0.403456 0.352123 0.355718 0.111528 0 0 0 0 0 0 0 0 0 0 0 0 0 0 0 0 0 0 0 0 0.0736553 0.173017 0.229791 0.351792 0.147857 0.630137 0.325868 1.01035 0.685079 3.50001 
0.569029 0.132145 0.260952 0.550418 0.314807 0.0978293 0.264044 0.0979629 0 0 0 0 0 0 0 0 0 0 0 0 0 0 0 0 0 0 0 0 0.329805 0.192368 0.360069 0.243238 0.201292 0.286639 0.545734 1.19646 0.848564 9.89693 
0.60944 0.257597 0.134275 0.416522 0.00820495 0.151445 0.0625867 0.0979694 0 0 0 0 0 0 0 0 0 0 0 0 0 0 0 0 0 0 0 0 0.0740228 0.0810099 0.179147 0.055763 0.151185 0.292003 0.132617 0.570084 0.534974 1.50395 
0.103017 0.452097 0.204955 0.0923978 0.141737 0.155159 0.076611 0.043802 0 0 0 0 0 0 0 0 0 0 0 0 0 0 0 0 0 0 0 0 0.0734277 0.173445 0.128888 0.140924 0.0381909 0.156274 0.141541 0.344653 0.413166 2.87883 
0.234144 1.03378 0.461066 0.71461 0.445926 0.374003 0.23636 0.327243 0 0 0 0 0 0 0 0 0 0 0 0 0 0 0 0 0 0 0 0 0.299287 0.372439 0.433497 0.433647 0.85176 1.01118 0.423494 0.204376 0.0468104 8.47174 
0.473269 0.644761 0.431702 0.384846 0.139285 0.32296 0.105089 0.307156 0 0 0 0 0 0 0 0 0 0 0 0 0 0 0 0 0 0 0 0 0.161769 0.256969 0.162922 0.421681 0.0936229 0.527789 0.584004 1.13784 1.19429 3.16595 
0.165254 0.587809 0.407764 0.200284 0.296738 0.0343874 0.209212 0.0436731 0 0 0 0 0 0 0 0 0 0 0 0 0 0 0 0 0 0 0 0 0.0656812 0.0773678 0.112128 0.0784019 0.306427 0.183011 0.810803 0.834702 1.57844 5.97243 
0.178015 0.567603 0.300785 0.204338 0.215617 0.129966 0.185047 0.441813 0 0 0 0 0 0 0 0 0 0 0 0 0 0 0 0 0 0 0 0 0.204338 0.215617 0.129966 0.185047 0.441813 0.218565 0.287964 0.636654 0.537221 1.92249 
0.292585 0.0861494 0.0516332 0.159062 0.196849 0.340649 0.0640872 0.143048 0 0 0 0 0 0 0 0 0 0 0 0 0 0 0 0 0 0 0 0 0.040826 0.0786583 0.445885 0.153144 0.207034 0.179558 0.567913 1.17275 1.86699 2.78521 
1.65027 1.86188 0.990519 0.453273 0.608759 0.181981 0.539406 0.320679 0 0 0 0 0 0 0 0 0 0 0 0 0 0 0 0 0 0 0 0 0.317661 0.493676 0.835135 1.26342 0.935737 0.217959 0.158036 1.80205 4.51593 8.11194 
0.645269 0.494565 0.00751954 0.599769 0.328977 0.488811 0.00201486 0.937919 0 0 0 0 0 0 0 0 0 0 0 0 0 0 0 0 0 0 0 0 0.645269 0.494565 0.00751954 0.599769 0.328977 0.488811 0.00201486 0.937919 0.678687 2.73194 
0.418923 0.520663 0.0484152 0.134954 0.159702 0.227739 0.181163 0.0244293 0 0 0 0 0 0 0 0 0 0 0 0 0 0 0 0 0 0 0 0 0.088564 0.0477781 0.0471681 0.038386 0.252436 0.134119 0.428561 0.517551 0.255343 3.27897 
0.0676161 0.0717711 0.0731876 0.0256417 0.0488762 0.0600621 0.0868599 0.0986555 0 0 0 0 0 0 0 0 0 0 0 0 0 0 0 0 0 0 0 0 0.0468211 0.0839998 0.0167479 0.0866321 0.130704 0.190241 0.0428521 0.371346 0.115211 1.69391 
1.22368 0.869641 0.498908 0.457836 0.528296 0.716986 0.356056 0.20055 0 0 0 0 0 0 0 0 0 0 0 0 0 0 0 0 0 0 0 0 0.0457425 0.134038 0.470419 0.541803 0.448957 0.0555707 1.30276 0.372932 3.48057 8.3163 
0.313396 0.426593 0.21552 0.0813419 0.0628878 0.0359132 0.0260442 0.0496279 0 0 0 0 0 0 0 0 0 0 0 0 0 0 0 0 0 0 0 0 0.0115378 0.0657676 0.0686789 0.0711914 0.103333 0.103506 0.228778 0.512089 0.630377 3.99594 
0.713954 0.402611 0.639348 0.444809 0.183654 0.183699 0.192142 0.267884 0 0 0 0 0 0 0 0 0 0 0 0 0 0 0 0 0 0 0 0 0.246021 0.305833 0.371573 0.288711 0.465052 0.706536 0.60872 0.743952 2.70509 6.44163 
0.742663 0.849848 0.3916 0.122261 0.0301145 0.1489 0.222272 0.0420784 0 0 0 0 0 0 0 0 0 0 0 0 0 0 0 0 0 0 0 0 0.251738 0.215508 0.271628 0.323136 0.283698 0.472101 0.302692 0.243145 1.63458 5.66899 
0.459002 0.650643 0.981229 0.678925 0.354183 0.465893 0.0527045 0.175893 0 0 0 0 0 0 0 0 0 0 0 0 0 0 0 0 0 0 0 0 0.291334 0.34839 0.181907 0.618145 0.621901 0.645218 1.31482 0.517711 2.70921 6.35644 
4.14867 65.3983 2.96924 0.208257 1.38963 11.3149 0.851235 0.292106 0 0 0 0 0 0 0 0 0 0 0 0 0 0 0 0 0 0 0 0 0.869435 6.56155 0.83195 0.357064 1.22099 21.2467 0.578701 0.589311 7.89146 567.916 
0.802462 0.437524 0.215822 0.159522 0.199173 0.179257 0.0699755 0.13463 0 0 0 0 0 0 0 0 0 0 0 0 0 0 0 0 0 0 0 0 0.218065 0.143918 0.081801 0.192691 0.214899 0.167952 0.230289 0.451825 0.811155 1.02814 
0.640475 1.35729 0.545728 0.741217 0.634206 1.7791 0.435838 0.629736 0 0 0 0 0 0 0 0 0 0 0 0 0 0 0 0 0 0 0 0 0.393372 1.83227 0.769458 0.98275 0.796359 0.264905 0.909182 0.656081 0.571739 53.3792 
1.86921 0.864092 0.296951 0.145263 0.285053 0.20578 0.0641884 0.158169 0 0 0 0 0 0 0 0 0 0 0 0 0 0 0 0 0 0 0 0 0.22455 0.203084 0.0865193 0.160716 0.108262 0.06877 0.454836 1.05564 2.72276 2.04099 
1.76964 0.588655 0.858431 0.396646 0.42665 0.186369 0.446142 0.143607 0 0 0 0 0 0 0 0 0 0 0 0 0 0 0 0 0 0 0 0 0.456819 0.138224 0.535538 0.165028 0.409379 0.701806 0.411068 1.09041 1.20041 7.73831 
1.70603 0.919203 0.204439 0.171874 0.490428 0.3207 0.257904 0.0351683 0 0 0 0 0 0 0 0 0 0 0 0 0 0 0 0 0 0 0 0 0.104019 0.0262479 0.0969801 0.28885 0.19603 0.613357 0.464384 0.283732 1.39143 4.71361 
0.108582 0.221299 0.0133165 0.143319 0.0859049 0.0656418 0.114154 0.0148221 0 0 0 0 0 0 0 0 0 0 0 0 0 0 0 0 0 0 0 0 0.0726972 0.105529 0.122428 0.158041 0.12071 0.118056 0.361731 0.773626 1.34761 1.52565 
0.429171 0.109843 0.310345 0.041667 0.121607 0.0644731 0.172875 0.0684127 0 0 0 0 0 0 0 0 0 0 0 0 0 0 0 0 0 0 0 0 0.429045 0.585635 0.640455 0.702077 0.732978 0.725853 1.11219 1.33884 1.86208 3.34122 
0.368959 0.175385 0.0489909 0.00779884 0.0699893 0.0940893 0.0380346 0.0165195 0 0 0 0 0 0 0 0 0 0 0 0 0 0 0 0 0 0 0 0 0.0207472 0.0480937 0.108559 0.0614648 0.080114 0.304452 0.515332 0.423756 0.650176 4.2181 
0.21341 0.216492 0.0759741 0.0579115 0.10117 0.0883154 0.0785838 0.0567893 0 0 0 0 0 0 0 0 0 0 0 0 0 0 0 0 0 0 0 0 0.0698529 0.0731559 0.164072 0.193344 0.386878 0.077399 0.166499 0.170769 0.295265 2.84133 