1.40684 1.16995 0.067831 0.539506 0.326612 0.295103 0.428406 0.355387 0 0 0 0 0 0 0 0 0 0 0 0 0 0 0 0 0 0 0 0 0.143595 0.132781 0.170073 0.469335 1.1919 0.494196 0.867222 1.21889 0.223744 10.9105 
0.401247 0.270263 0.209477 0.101271 0.176941 0.124299 0.166767 0.0634899 0 0 0 0 0 0 0 0 0 0 0 0 0 0 0 0 0 0 0 0 0.160186 0.0823267 0.109339 0.193722 0.171613 0.463766 0.446609 0.318238 0.840896 5.767 
0.428741 0.3599 0.734827 0.90751 0.508506 0.36314 0.167867 0.373043 0 0 0 0 0 0 0 0 0 0 0 0 0 0 0 0 0 0 0 0 0.268707 0.260036 0.245606 0.521807 0.604368 0.674349 0.858781 1.48053 5.62912 11.8189 
0.161053 0.439103 0.218778 0.102257 0.146386 0.0596182 0.0595744 0.131966 0 0 0 0 0 0 0 0 0 0 0 0 0 0 0 0 0 0 0 0 0.0272356 0.0373775 0.0508384 0.0592255 0.199639 0.153683 0.381226 0.329503 0.905675 4.53179 
0.177336 0.0867577 0.192069 0.09957 0.085112 0.0505279 0.118965 0.0356477 0 0 0 0 0 0 0 0 0 0 0 0 0 0 0 0 0 0 0 0 0.0388257 0.0335891 0.130969 0.055098 0.0538796 0.189758 0.0657055 0.303095 0.293501 2.06063 
0.143846 0.119209 0.0322265 0.0170181 0.0559001 0.0376369 0.0334535 0.0410873 0 0 0 0 0 0 0 0 0 0 0 0 0 0 0 0 0 0 0 0 0.022213 0.0514981 0.0485329 0.00765397 0.0195521 0.0507564 0.159312 0.0795702 0.484568 1.20674 
0.545789 0.690371 0.506289 0.510838 0.0414982 0.078706 0.0510211 0.0526047 0 0 0 0 0 0 0 0 0 0 0 0 0 0 0 0 0 0 0 0 0.152531 0.100293 0.129298 0.173213 0.23547 0.348171 0.326787 0.364635 2.39494 1.92851 
0.580679 0.33352 0.320024 0.248564 0.161781 0.0637838 0.0429799 0.0500601 0 0 0 0 0 0 0 0 0 0 0 0 0 0 0 0 0 0 0 0 0.0369857 0.0662009 0.111867 0.101203 0.0853919 0.140385 0.247397 0.595675 1.68301 1.76869 
0.192431 0.146402 0.0850485 0.17645 0.159612 0.0650228 0.0634822 0.039537 0 0 0 0 0 0 0 0 0 0 0 0 0 0 0 0 0 0 0 0 0.00477021 0.0373694 0.0781994 0.072851 0.192678 0.0508033 0.142633 0.543188 0.338081 2.51373 
0.495735 0.584663 0.114431 0.180559 0.0758875 0.57205 0.120925 0.198037 0 0 0 0 0 0 0 0 0 0 0 0 0 0 0 0 0 0 0 0 0.264936 0.449513 0.165287 0.304605 0.264723 0.595224 0.53001 0.636838 0.243273 14.9992 
0.588641 0.415776 0.495636 0.727927 0.358524 0.350514 0.254584 0.296083 0 0 0 0 0 0 0 0 0 0 0 0 0 0 0 0 0 0 0 0 0.168647 0.153966 0.335804 0.150337 0.268616 1.16765 0.719066 0.834845 2.05397 11.8005 
0.107625 0.102026 0.222278 0.068835 0.0843865 0.00643037 0.109718 0.0946024 0 0 0 0 0 0 0 0 0 0 0 0 0 0 0 0 0 0 0 0 0.035993 0.0256927 0.0675 0.131486 0.100468 0.0346669 0.353009 0.152015 0.697912 1.78745 
0.593547 0.184014 0.114575 0.173072 0.278416 0.113041 0.115323 0.0672294 0 0 0 0 0 0 0 0 0 0 0 0 0 0 0 0 0 0 0 0 0.0190357 0.0847975 0.14016 0.0381999 0.189251 0.221731 0.172212 0.222507 0.976141 2.1621 
0.348462 0.104621 0.0711328 0.0709934 0.184929 0.179617 0.0631982 0.108538 0 0 0 0 0 0 0 0 0 0 0 0 0 0 0 0 0 0 0 0 0.160305 0.0870535 0.122265 0.0389576 0.0201935 0.178283 0.379363 0.57554 0.722116 2.9193 
0.32576 0.248456 0.201534 0.137661 0.0959231 0.0757475 0.0319873 0.019925 0 0 0 0 0 0 0 0 0 0 0 0 0 0 0 0 0 0 0 0 0.115894 0.0591561 0.0937935 0.129291 0.110605 0.0680279 0.146742 0.802429 1.6775 2.49122 
0.277637 0.121536 0.459948 0.439603 0.0683923 0.149329 0.00355608 0.116203 0 0 0 0 0 0 0 0 0 0 0 0 0 0 0 0 0 0 0 0 0.0929042 0.174218 0.341752 0.304928 0.39919 0.356155 0.363441 0.816199 0.99507 5.35821 
1.02006 0.59488 0.286661 0.669366 0.141622 0.236192 0.0756684 0.127392 0 0 0 0 0 0 0 0 0 0 0 0 0 0 0 0 0 0 0 0 0.0382758 0.214126 0.114367 0.308325 0.0931461 0.349212 0.345503 0.799492 2.82585 2.75135 
1.97332 0.583164 0.77927 0.299142 0.221557 0.198168 0.0418561 0.0898327 0 0 0 0 0 0 0 0 0 0 0 0 0 0 0 0 0 0 0 0 0.0516982 0.0591944 0.121094 0.158688 0.0959703 0.545459 0.376162 1.27819 1.40328 2.54688 
0.742814 0.652443 0.733989 0.521315 0.327257 0.419673 0.324296 0.0131946 0 0 0 0 0 0 0 0 0 0 0 0 0 0 0 0 0 0 0 0 0.11766 0.170383 0.219604 0.415737 0.870841 0.722058 0.92052 1.55697 0.871124 18.722 
0.445519 0.262005 0.292231 0.109616 0.165276 0.0744242 0.0571517 0.0730902 0 0 0 0 0 0 0 0 0 0 0 0 0 0 0 0 0 0 0 0 0.148498 0.0286663 0.235266 0.0411292 0.124135 0.154406 0.360989 0.209736 0.580398 4.50301 
0.536543 0.218921 0.369528 0.20442 0.18444 0.24632 0.100738 0.020051 0 0 0 0 0 0 0 0 0 0 0 0 0 0 0 0 0 0 0 0 0.0674397 0.17421 0.110413 0.204186 0.0885084 0.122683 0.43747 0.46461 1.62633 6.69634 
0.25775 0.887235 0.279896 0.258189 0.295184 0.177147 0.349663 0.115989 0 0 0 0 0 0 0 0 0 0 0 0 0 0 0 0 0 0 0 0 0.126501 0.0986568 0.0761157 0.409808 0.599023 0.244597 0.147739 1.1792 4.09782 4.38554 
0.547358 1.30741 0.186784 0.449145 0.180435 0.37591 0.249444 0.159308 0 0 0 0 0 0 0 0 0 0 0 0 0 0 0 0 0 0 0 0 0.193722 0.372873 0.446852 0.254382 0.660576 0.0889174 0.554866 0.728089 1.56737 13.6754 
0.43714 0.238462 0.161735 0.0373825 0.0769915 0.019083 0.0441933 0.0148635 0 0 0 0 0 0 0 0 0 0 0 0 0 0 0 0 0 0 0 0 0.0351369 0.0783441 0.033704 0.0764341 0.0508953 0.101424 0.136399 0.375582 0.294886 1.4978 
0.469465 0.206985 0.112329 0.0605736 0.0673199 0.10741 0.0134635 0.0479319 0 0 0 0 0 0 0 0 0 0 0 0 0 0 0 0 0 0 0 0 0.019478 0.0222371 0.0677443 0.0525299 0.104326 0.105832 0.103912 0.436389 0.708436 2.53934 
0.411566 0.241995 0.263267 0.204493 0.163855 0.130442 0.121736 0.0755573 0 0 0 0 0 0 0 0 0 0 0 0 0 0 0 0 0 0 0 0 0.0758967 0.169295 0.0686647 0.258715 0.160854 0.165397 0.184191 0.542066 0.622583 2.67214 
0.371843 0.440078 0.353944 0.0618161 0.376409 0.0406167 0.253034 0.119354 0 0 0 0 0 0 0 0 0 0 0 0 0 0 0 0 0 0 0 0 0.226463 0.140244 0.243755 0.285408 0.318394 0.18525 0.529665 0.270261 0.845318 3.49709 
0.251991 0.276059 0.129201 0.363598 0.140074 0.103546 0.0538508 0.075429 0 0 0 0 0 0 0 0 0 0 0 0 0 0 0 0 0 0 0 0 0.0430122 0.0241781 0.0130794 0.0617726 0.243818 0.275079 0.249303 0.281856 0.934009 2.63029 
0.122586 0.275926 0.713461 0.202031 0.234886 0.0247993 0.117491 0.105078 0 0 0 0 0 0 0 0 0 0 0 0 0 0 0 0 0 0 0 0 0.125384 0.165924 0.104124 0.169336 0.131602 0.301849 0.474262 0.424142 0.338214 3.91891 
0.180389 0.494143 0.311128 0.600982 0.80941 0.317681 0.155639 0.45769 0 0 0 0 0 0 0 0 0 0 0 0 0 0 0 0 0 0 0 0 0.374838 0.356038 0.501993 0.339772 0.482396 0.508776 0.358412 0.366923 2.54217 10.2328 
0.544847 0.264201 0.577757 0.31704 0.0103022 0.209284 0.149044 0.123942 0 0 0 0 0 0 0 0 0 0 0 0 0 0 0 0 0 0 0 0 0.10172 0.109804 0.10388 0.194883 0.20046 0.377307 0.464807 0.5227 0.489047 3.15352 
0.622877 0.19096 0.212463 0.101078 0.194239 0.179219 0.102724 0.127628 0 0 0 0 0 0 0 0 0 0 0 0 0 0 0 0 0 0 0 0 0.0810928 0.0667271 0.0612457 0.0979894 0.0713669 0.135782 0.319182 0.898226 0.491394 2.92483 
1.40703 0.96409 1.04068 1.4501 0.702431 0.448551 0.726379 0.272438 0 0 0 0 0 0 0 0 0 0 0 0 0 0 0 0 0 0 0 0 0.304195 0.331539 0.186445 0.0150194 0.485964 0.631975 0.471569 2.35014 2.81642 6.27349 
0.495401 1.08558 0.786272 0.427823 0.308059 0.146942 0.13968 0.141949 0 0 0 0 0 0 0 0 0 0 0 0 0 0 0 0 0 0 0 0 0.184124 0.179242 0.129729 0.129076 0.30894 0.611591 0.198048 1.24712 1.9805 4.22595 
2.36521 1.58032 0.381876 0.510993 0.118156 0.516374 0.317739 0.172042 0 0 0 0 0 0 0 0 0 0 0 0 0 0 0 0 0 0 0 0 0.182654 0.165316 0.13108 0.312895 0.765407 0.874341 0.58941 2.60049 1.96587 9.63526 
0.870214 0.314531 0.525874 0.0799658 0.135712 0.119581 0.189422 0.116109 0 0 0 0 0 0 0 0 0 0 0 0 0 0 0 0 0 0 0 0 0.0460154 0.00252941 0.0996679 0.0755774 0.261679 0.152409 0.369217 0.581438 0.89246 3.03563 
0.984779 0.470472 0.0683203 0.127799 0.0273651 0.305638 0.322537 0.0829122 0 0 0 0 0 0 0 0 0 0 0 0 0 0 0 0 0 0 0 0 0.231755 0.2264 0.282175 0.191878 0.0962492 0.171221 0.749739 1.19895 1.84765 6.52808 
0.353909 0.211351 0.194296 0.226927 0.0977147 0.105651 0.189364 0.099448 0 0 0 0 0 0 0 0 0 0 0 0 0 0 0 0 0 0 0 0 0.149041 0.0692074 0.155762 0.13104 0.42417 0.251606 0.554072 0.929161 0.858974 5.07378 
1.13165 0.188443 0.345061 0.135994 0.176772 0.202159 0.0771884 0.0148625 0 0 0 0 0 0 0 0 0 0 0 0 0 0 0 0 0 0 0 0 0.0349579 0.0975698 0.180077 0.120132 0.330351 0.489365 0.553336 0.231323 1.12787 4.53619 
0.150564 0.32676 0.208972 0.255042 0.288973 0.172809 0.178361 0.175536 0 0 0 0 0 0 0 0 0 0 0 0 0 0 0 0 0 0 0 0 0.0975314 0.0899527 0.170999 0.276661 0.121557 0.136859 0.110795 0.529828 0.608599 2.55303 
0.237857 0.215985 0.0656458 0.0611628 0.0195918 0.018108 0.0236284 0.0456102 0 0 0 0 0 0 0 0 0 0 0 0 0 0 0 0 0 0 0 0 0.0059442 0.0440041 0.0163167 0.0424035 0.0456669 0.0830172 0.106384 0.304294 0.164973 1.54174 
0.177168 0.113562 0.383921 0.0670488 0.24304 0.0340559 0.1449 0.00546086 0 0 0 0 0 0 0 0 0 0 0 0 0 0 0 0 0 0 0 0 0.0427118 0.0861528 0.106853 0.149203 0.16673 0.238441 0.309647 0.235427 0.392061 2.96708 
0.156311 0.609518 0.272741 0.182415 0.0722831 0.172528 0.110927 0.057292 0 0 0 0 0 0 0 0 0 0 0 0 0 0 0 0 0 0 0 0 0.0750927 0.0827082 0.0271317 0.0610323 0.27017 0.288395 0.288396 0.460706 1.04029 4.67922 
1.426 0.646745 0.439754 0.17429 0.23099 0.142034 0.162456 0.0822501 0 0 0 0 0 0 0 0 0 0 0 0 0 0 0 0 0 0 0 0 0.0311194 0.0523599 0.0914426 0.149537 0.0431884 0.149992 0.64524 0.558735 1.49945 7.64271 
1.12588 0.145751 0.25881 0.544492 0.32662 0.314575 0.196295 0.179514 0 0 0 0 0 0 0 0 0 0 0 0 0 0 0 0 0 0 0 0 0.0790811 0.111459 0.166924 0.222448 0.205827 0.61726 0.848221 1.39138 1.57046 5.46567 
0.495146 0.162115 0.221752 0.212164 0.282515 0.152774 0.0456064 0.0487187 0 0 0 0 0 0 0 0 0 0 0 0 0 0 0 0 0 0 0 0 0.117981 0.124459 0.109756 0.123138 0.136496 0.167515 0.318595 0.395867 0.329753 1.91593 
2.66724 1.04068 1.71758 0.242936 0.308063 1.08059 0.127303 0.200868 0 0 0 0 0 0 0 0 0 0 0 0 0 0 0 0 0 0 0 0 0.741615 0.726695 0.555075 0.535901 0.429609 2.16314 1.50076 1.25257 0.261378 15.805 
0.107704 0.387439 0.254246 0.0883831 0.0877993 0.187438 0.0576629 0.0840008 0 0 0 0 0 0 0 0 0 0 0 0 0 0 0 0 0 0 0 0 0.0636861 0.0915341 0.121842 0.187552 0.137199 0.203439 0.541296 0.281425 0.212911 4.64145 
0.399585 0.162548 0.129504 0.0658625 0.0491528 0.0620883 0.00756316 0.0617025 0 0 0 0 0 0 0 0 0 0 0 0 0 0 0 0 0 0 0 0 0.0749477 0.114884 0.0855044 0.0832552 0.151329 0.154318 0.190938 0.156603 0.41321 1.95435 
0.427985 0.411143 0.296686 0.0738864 0.121587 0.0470415 0.144234 0.0349143 0 0 0 0 0 0 0 0 0 0 0 0 0 0 0 0 0 0 0 0 0.185427 0.0699676 0.128788 0.128835 0.240864 0.21593 0.551196 0.647986 0.534904 2.23311 
0.231425 0.0762088 0.148182 0.12794 0.0699102 0.00613833 0.0351088 0.0445592 0 0 0 0 0 0 0 0 0 0 0 0 0 0 0 0 0 0 0 0 0.0481817 0.0629969 0.0458129 0.0247691 0.0830154 0.120713 0.123904 0.0772371 0.20469 1.42626 
0.273053 0.541021 0.160206 0.43983 0.102492 0.203238 0.0943796 0.262655 0 0 0 0 0 0 0 0 0 0 0 0 0 0 0 0 0 0 0 0 0.0497589 0.0730238 0.158748 0.403125 0.0841955 0.184732 0.247852 0.862674 0.38229 14.5148 
0.783866 0.60605 0.19206 0.0996722 0.224699 0.124831 0.114674 0.141982 0 0 0 0 0 0 0 0 0 0 0 0 0 0 0 0 0 0 0 0 0.0647739 0.0651318 0.169568 0.320554 0.131575 0.176622 0.226962 0.802812 0.866212 8.40883 
1.29225 1.68834 0.740643 0.436501 0.482484 0.371849 0.540801 0.0699238 0 0 0 0 0 0 0 0 0 0 0 0 0 0 0 0 0 0 0 0 0.462175 0.416559 0.610255 0.413405 0.116919 0.577282 0.728788 1.11728 1.19349 9.41542 
0.96586 1.15584 0.242827 0.69459 0.163546 0.329831 0.297541 0.0910169 0 0 0 0 0 0 0 0 0 0 0 0 0 0 0 0 0 0 0 0 0.0807896 0.224139 0.0761057 0.23376 0.482386 0.269443 0.664729 0.929968 1.94077 7.88036 
0.277565 0.131451 0.0757486 0.0898226 0.0413295 0.0200081 0.0284378 0.0707132 0 0 0 0 0 0 0 0 0 0 0 0 0 0 0 0 0 0 0 0 0.0782395 0.034654 0.0317898 0.0653687 0.111939 0.16513 0.0257386 0.154073 0.761008 1.55524 
0.459921 0.251508 0.042923 0.159865 0.0308143 0.0568329 0.112134 0.0527898 0 0 0 0 0 0 0 0 0 0 0 0 0 0 0 0 0 0 0 0 0.117071 0.217439 0.108151 0.178563 0.0507301 0.464438 0.39328 0.31942 1.14312 3.00556 
0.212789 0.517096 0.44071 0.336102 0.0582172 0.307657 0.107328 0.083839 0 0 0 0 0 0 0 0 0 0 0 0 0 0 0 0 0 0 0 0 0.0558679 0.184187 0.207588 0.393931 0.154715 0.107469 0.736466 0.518272 1.47668 2.38485 
0.708501 0.463877 0.282613 0.13795 0.112821 0.0783118 0.0309182 0.0174669 0 0 0 0 0 0 0 0 0 0 0 0 0 0 0 0 0 0 0 0 0.0157274 0.0585409 0.080709 0.132469 0.23159 0.0984321 0.258574 0.238097 0.222555 2.87334 
0.580674 0.42813 0.18564 0.150789 0.025216 0.19032 0.251501 0.0385659 0 0 0 0 0 0 0 0 0 0 0 0 0 0 0 0 0 0 0 0 0.0761439 0.133657 0.285135 0.0824078 0.157377 0.469191 0.16668 0.578474 1.22001 5.21723 
0.41256 0.353483 0.113111 0.109889 0.0742255 0.120389 0.164276 0.0982579 0 0 0 0 0 0 0 0 0 0 0 0 0 0 0 0 0 0 0 0 0.0780783 0.0311451 0.186161 0.033882 0.203301 0.572651 0.164597 0.419549 1.07699 4.87073 
0.968052 0.910175 0.763553 0.129338 0.174971 0.31177 0.155522 0.130236 0 0 0 0 0 0 0 0 0 0 0 0 0 0 0 0 0 0 0 0 0.0971925 0.12774 0.47198 0.456655 0.190389 1.26499 0.179235 0.446108 2.62769 10.9105 
0.729846 0.421691 0.0368269 0.0369025 0.275841 0.12231 0.0666394 0.0839586 0 0 0 0 0 0 0 0 0 0 0 0 0 0 0 0 0 0 0 0 0.111628 0.111702 0.112759 0.131499 0.165146 0.20906 0.37012 0.602595 0.567263 4.71389 
0.387924 0.447113 0.575653 0.379296 0.405715 0.109912 0.128469 0.111912 0 0 0 0 0 0 0 0 0 0 0 0 0 0 0 0 0 0 0 0 0.214813 0.228402 0.0929537 0.0318312 0.171066 0.393724 0.577163 0.22196 1.77114 9.61151 
1.54744 0.52367 0.993978 0.152635 0.319175 0.178789 0.188524 0.213356 0 0 0 0 0 0 0 0 0 0 0 0 0 0 0 0 0 0 0 0 0.139609 0.123561 0.235449 0.115099 0.0603086 0.508957 0.511351 0.38541 1.75724 4.92275 
0.643428 0.110832 0.0942647 0.221634 0.201272 0.0706907 0.0611047 0.0161258 0 0 0 0 0 0 0 0 0 0 0 0 0 0 0 0 0 0 0 0 0.0552069 0.141755 0.110808 0.0642274 0.234351 0.297533 0.144213 0.537254 0.179837 3.9707 
0.436699 0.329073 0.378875 0.0907005 0.186517 0.0788496 0.117515 0.0905121 0 0 0 0 0 0 0 0 0 0 0 0 0 0 0 0 0 0 0 0 0.0347612 0.0708705 0.092685 0.134677 0.191441 0.218117 0.400882 0.587258 0.441719 5.3282 
1.69653 0.335305 0.392435 0.862882 0.136176 0.0548406 0.245558 0.0881695 0 0 0 0 0 0 0 0 0 0 0 0 0 0 0 0 0 0 0 0 0.150757 0.181989 0.144325 0.51728 0.878779 0.403614 1.29633 0.108596 2.781 15.1821 
0.625881 0.508337 0.555026 0.245673 0.186594 0.214721 0.144529 0.140108 0 0 0 0 0 0 0 0 0 0 0 0 0 0 0 0 0 0 0 0 0.167039 0.213004 0.134773 0.415889 0.46552 0.151632 0.273393 0.514082 0.686558 6.18377 
2.82753 1.48963 0.430178 0.569516 1.19307 0.46908 0.283924 0.122199 0 0 0 0 0 0 0 0 0 0 0 0 0 0 0 0 0 0 0 0 0.651299 0.278111 0.357457 0.78648 0.771552 0.0783111 0.619663 1.38029 0.157343 11.7777 
2.06453 0.401541 0.727776 1.17644 0.330616 0.650403 0.288757 0.227649 0 0 0 0 0 0 0 0 0 0 0 0 0 0 0 0 0 0 0 0 0.43586 0.424412 0.404336 0.499072 0.442824 0.714291 1.2622 1.45642 3.27277 34.9484 
1.32022 0.202951 0.59799 0.215989 0.135281 0.43291 0.130558 0.0858171 0 0 0 0 0 0 0 0 0 0 0 0 0 0 0 0 0 0 0 0 0.0640059 0.168735 0.287617 0.470339 0.313311 0.468748 0.432072 0.592071 1.26487 5.11735 
4.23066 8.2556 2.69131 3.69094 5.67203 2.41527 1.86428 2.28288 0 0 0 0 0 0 0 0 0 0 0 0 0 0 0 0 0 0 0 0 0.523308 1.69634 2.16406 2.21146 4.68587 3.23573 4.93224 11.6873 15.0973 37.1543 
0.613809 1.23069 0.720623 0.510082 0.313352 0.475255 0.0536093 0.126322 0 0 0 0 0 0 0 0 0 0 0 0 0 0 0 0 0 0 0 0 0.176797 0.467315 0.226399 0.381295 0.54809 0.691171 0.783164 0.364882 0.868062 6.5336 
0.219299 0.173143 0.601135 0.268839 0.0331247 0.142791 0.180501 0.0665574 0 0 0 0 0 0 0 0 0 0 0 0 0 0 0 0 0 0 0 0 0.141253 0.187364 0.235496 0.0876693 0.311675 0.101473 0.423354 0.639846 0.89651 2.57889 
0.794127 0.256272 0.00433359 0.0899087 0.0444025 0.0755755 0.0152585 0.0926243 0 0 0 0 0 0 0 0 0 0 0 0 0 0 0 0 0 0 0 0 0.0311481 0.0545091 0.0628045 0.0786446 0.0448289 0.0485023 0.0877018 0.169844 0.958835 1.28778 
0.181302 0.089603 0.0879744 0.113708 0.108661 0.0359071 0.011084 0.050919 0 0 0 0 0 0 0 0 0 0 0 0 0 0 0 0 0 0 0 0 0.0422467 0.0472961 0.0754189 0.035013 0.0382416 0.174305 0.0379693 0.0898341 0.28309 1.46495 
0.934281 1.37655 0.299544 0.422577 0.260142 0.184162 0.148884 0.0587239 0 0 0 0 0 0 0 0 0 0 0 0 0 0 0 0 0 0 0 0 0.126528 0.150478 0.036662 0.336443 0.146865 0.378996 0.905348 0.827303 1.84318 6.46881 
1.2433 0.391023 0.593995 0.932704 0.400153 0.264804 0.224894 0.0769673 0 0 0 0 0 0 0 0 0 0 0 0 0 0 0 0 0 0 0 0 0.269614 0.206239 0.0351286 0.138409 0.686658 0.791244 0.590621 0.744143 1.97637 2.26527 
0.684362 0.238954 0.0810784 0.190491 0.220784 0.126022 0.310722 0.119967 0 0 0 0 0 0 0 0 0 0 0 0 0 0 0 0 0 0 0 0 0.0675114 0.0828705 0.225089 0.178922 0.136249 0.4002 0.537505 0.458695 0.979519 4.20304 
0.114116 0.214542 0.0331904 0.0648292 0.00775275 0.0491586 0.0246935 0.0260688 0 0 0 0 0 0 0 0 0 0 0 0 0 0 0 0 0 0 0 0 0.0142316 0.0459359 0.00889654 0.017826 0.0282168 0.141433 0.0235413 0.0582337 0.0718687 1.63151 
2.04353 1.67339 1.43132 1.87759 2.04348 1.30215 0.856955 1.64854 0 0 0 0 0 0 0 0 0 0 0 0 0 0 0 0 0 0 0 0 1.58997 1.36196 0.758066 1.1309 3.08862 1.66972 6.53565 7.19502 13.3044 86.8147 
0.639174 0.383486 0.119537 0.15078 0.0955631 0.100293 0.148047 0.12842 0 0 0 0 0 0 0 0 0 0 0 0 0 0 0 0 0 0 0 0 0.175178 0.364632 0.235415 0.163646 0.0669318 0.418524 0.593528 1.33311 1.4128 3.57056 
0.514005 0.313119 0.169276 0.259526 0.211531 0.111734 0.121327 0.106472 0 0 0 0 0 0 0 0 0 0 0 0 0 0 0 0 0 0 0 0 0.0438143 0.115903 0.0387174 0.150022 0.0412545 0.187895 0.434047 0.105784 1.12258 3.01615 
0.247071 0.121613 0.148286 0.0936896 0.0399046 0.041934 0.0308831 0.00664527 0 0 0 0 0 0 0 0 0 0 0 0 0 0 0 0 0 0 0 0 0.0139961 0.0177644 0.0357157 0.0553589 0.0643982 0.0357157 0.167451 0.0678007 0.389866 1.32508 
0.243217 0.380234 0.256695 0.301954 0.0816 0.177694 0.0966905 0.113036 0 0 0 0 0 0 0 0 0 0 0 0 0 0 0 0 0 0 0 0 0.0160332 0.0834319 0.105625 0.221658 0.156055 0.229868 0.206734 0.597934 0.364425 3.32971 
0.397453 0.276132 0.0481524 0.269311 0.051993 0.134338 0.0858272 0.113951 0 0 0 0 0 0 0 0 0 0 0 0 0 0 0 0 0 0 0 0 0.0328527 0.120078 0.0792297 0.16518 0.104192 0.206435 0.462567 0.233603 0.492083 2.84857 
0.256857 0.239583 0.166553 0.0708521 0.0884291 0.0526062 0.0720453 0.0218492 0 0 0 0 0 0 0 0 0 0 0 0 0 0 0 0 0 0 0 0 0.083353 0.0389488 0.0837711 0.0633872 0.112871 0.0597547 0.160761 0.221936 0.340196 1.95953 
1.81279 2.10572 1.0904 0.374033 0.543595 1.1222 0.28289 0.418531 0 0 0 0 0 0 0 0 0 0 0 0 0 0 0 0 0 0 0 0 0.480333 0.24118 0.254475 1.12271 1.24212 1.28767 2.87311 3.03219 0.819175 19.1372 
0.695009 0.594505 0.28802 0.167967 0.0265846 0.0548102 0.0719652 0.0426924 0 0 0 0 0 0 0 0 0 0 0 0 0 0 0 0 0 0 0 0 0.0557011 0.153527 0.0391397 0.114511 0.108561 0.145482 0.228517 0.355332 0.968256 3.17652 
1.11095 0.340801 0.440008 0.408341 0.17275 0.0891118 0.166809 0.181374 0 0 0 0 0 0 0 0 0 0 0 0 0 0 0 0 0 0 0 0 0.0408032 0.048388 0.102385 0.146417 0.294832 0.19543 0.363566 0.572348 1.82939 7.44946 
0.116584 0.232541 0.390179 0.103515 0.220815 0.0431401 0.128588 0.0749658 0 0 0 0 0 0 0 0 0 0 0 0 0 0 0 0 0 0 0 0 0.0969979 0.155358 0.133099 0.0270822 0.107624 0.161901 0.466441 1.03969 0.408833 4.08427 
3.27802 1.54309 1.1808 1.12345 0.420608 0.934817 0.674272 0.119747 0 0 0 0 0 0 0 0 0 0 0 0 0 0 0 0 0 0 0 0 0.405007 1.12032 0.75627 0.423392 2.08323 2.64601 0.369933 1.90761 5.68845 19.1752 
0.0907862 0.0768066 0.0920072 0.031469 0.027582 0.0304358 0.0493489 0.0251176 0 0 0 0 0 0 0 0 0 0 0 0 0 0 0 0 0 0 0 0 0.0211962 0.0158979 0.0357056 0.0490582 0.0373604 0.0165401 0.130879 0.10428 0.210869 1.06066 
0.132968 0.028934 0.158967 0.145601 0.125295 0.136986 0.0542895 0.0664641 0 0 0 0 0 0 0 0 0 0 0 0 0 0 0 0 0 0 0 0 0.126285 0.138928 0.128544 0.127101 0.158319 0.249037 0.293556 0.46083 1.13492 2.11506 
0.16296 0.365885 0.305273 0.173534 0.13513 0.236761 0.196034 0.124157 0 0 0 0 0 0 0 0 0 0 0 0 0 0 0 0 0 0 0 0 0.0657362 0.203583 0.27993 0.270964 0.116147 0.191552 0.451683 0.540501 0.699055 0.455764 
0.228205 0.074549 0.0811251 0.103359 0.0327657 0.0477616 0.016342 0.0058199 0 0 0 0 0 0 0 0 0 0 0 0 0 0 0 0 0 0 0 0 0.0324248 0.0639094 0.0512075 0.0657847 0.107067 0.136724 0.156159 0.235755 0.374026 3.04077 
0.844938 0.497504 0.219611 0.447836 0.0645215 0.146016 0.188973 0.0446216 0 0 0 0 0 0 0 0 0 0 0 0 0 0 0 0 0 0 0 0 0.0965441 0.0683534 0.0627592 0.25276 0.00260991 0.171478 0.299807 0.775941 0.88394 3.94862 
0.206109 0.29343 0.197141 0.14442 0.101639 0.0720519 0.00807837 0.0383112 0 0 0 0 0 0 0 0 0 0 0 0 0 0 0 0 0 0 0 0 0.0243261 0.0659389 0.0311124 0.0679096 0.0514496 0.237946 0.105359 0.183898 0.700047 3.4619 
3.40309 1.12642 2.12532 0.161381 0.228873 0.418167 0.188303 0.0343486 0 0 0 0 0 0 0 0 0 0 0 0 0 0 0 0 0 0 0 0 0.342867 0.381317 0.263684 0.427041 0.548093 2.1825 1.37059 1.43477 5.17683 21.2393 
0.629377 0.518883 0.643494 0.291828 0.493821 0.488401 0.425017 0.361995 0 0 0 0 0 0 0 0 0 0 0 0 0 0 0 0 0 0 0 0 0.271673 0.462443 0.337668 0.222758 0.161653 0.579425 0.779304 1.76543 1.70477 3.71111 
0.0510719 0.133084 0.0604368 0.114346 0.0465653 0.107353 0.0551447 0.0319905 0 0 0 0 0 0 0 0 0 0 0 0 0 0 0 0 0 0 0 0 0.0238786 0.061834 0.0484101 0.0385057 0.0239884 0.171487 0.0873155 0.439135 0.293813 1.98884 
0.0583079 0.150976 0.0410421 0.134863 0.142495 0.114567 0.0839405 0.0536023 0 0 0 0 0 0 0 0 0 0 0 0 0 0 0 0 0 0 0 0 0.0659727 0.078433 0.0515585 0.0520142 0.0844665 0.229647 0.233198 0.381195 0.697086 2.07109 
1.148 0.58833 0.332629 0.471121 0.47477 0.0476303 0.198532 0.151969 0 0 0 0 0 0 0 0 0 0 0 0 0 0 0 0 0 0 0 0 0.115336 0.30176 0.300904 0.389717 0.563843 0.4665 0.294418 0.407219 2.15502 7.00236 
0.0736886 0.378922 0.152548 0.18255 0.0270193 0.0492372 0.160341 0.134996 0 0 0 0 0 0 0 0 0 0 0 0 0 0 0 0 0 0 0 0 0.117589 0.0771212 0.0427634 0.220386 0.274291 0.225639 0.166242 0.221559 0.711648 5.0071 
0.5302 2.168 2.65684 0.434617 1.96983 1.56372 0.28444 0.743914 0 0 0 0 0 0 0 0 0 0 0 0 0 0 0 0 0 0 0 0 0.646177 1.88928 1.22056 0.790491 1.00565 1.33165 2.70318 0.316989 6.13067 25.3248 
0.651126 0.294571 0.0765943 0.142715 0.182967 0.0783551 0.149958 0.118111 0 0 0 0 0 0 0 0 0 0 0 0 0 0 0 0 0 0 0 0 0.167049 0.045569 0.24552 0.318241 0.0667555 0.294283 0.284318 0.822144 0.824699 3.02486 
0.265665 0.0994144 0.0576091 0.0356576 0.044963 0.0669585 0.0393683 0.0671859 0 0 0 0 0 0 0 0 0 0 0 0 0 0 0 0 0 0 0 0 0.153022 0.228087 0.215793 0.26711 0.255743 0.225357 0.108529 0.479578 1.38188 3.68063 
0.195532 0.190926 0.0303434 0.118975 0.0456086 0.0350212 0.0496943 0.0382175 0 0 0 0 0 0 0 0 0 0 0 0 0 0 0 0 0 0 0 0 0.0303329 0.0196008 0.02764 0.0654122 0.0857385 0.0228283 0.213382 0.215267 0.221004 1.43433 
2.61561 1.27102 0.545337 0.293981 0.274977 0.730362 0.260143 0.326348 0 0 0 0 0 0 0 0 0 0 0 0 0 0 0 0 0 0 0 0 0.190229 0.109515 0.227268 0.478399 0.505233 0.700892 0.592204 1.20559 3.81537 6.4879 
1.77959 0.387072 0.41576 0.443038 0.201683 0.114409 0.111097 0.229974 0 0 0 0 0 0 0 0 0 0 0 0 0 0 0 0 0 0 0 0 0.130699 0.160892 0.350161 0.335639 0.202951 0.60484 0.861681 0.821411 0.934603 7.42628 
3.37366 2.99631 1.1651 1.23051 1.03874 0.85722 0.400736 0.695263 0 0 0 0 0 0 0 0 0 0 0 0 0 0 0 0 0 0 0 0 0.339251 0.191523 0.417922 0.606007 0.896924 0.646342 0.841422 2.52338 6.26701 12.382 
0.248905 0.232988 0.452899 0.0909256 0.0775688 0.030854 0.0388718 0.0743737 0 0 0 0 0 0 0 0 0 0 0 0 0 0 0 0 0 0 0 0 0.0363341 0.0317154 0.112039 0.0849961 0.258202 0.425316 0.22039 0.0536084 0.6581 4.13792 
0.325829 0.752458 0.545302 0.0881031 0.167153 0.0130752 0.0288957 0.130398 0 0 0 0 0 0 0 0 0 0 0 0 0 0 0 0 0 0 0 0 0.0809479 0.14712 0.197319 0.063777 0.351393 0.0983561 0.386989 1.24551 0.66484 5.82425 
0.759747 0.386505 0.365917 0.177254 0.321726 0.103067 0.0601983 0.165547 0 0 0 0 0 0 0 0 0 0 0 0 0 0 0 0 0 0 0 0 0.181216 0.0311646 0.160074 0.0613005 0.151786 0.186493 0.24731 0.421994 0.927703 7.48229 
0.147505 0.114623 0.12872 0.00117846 0.0548331 0.0660707 0.00824127 0.0227631 0 0 0 0 0 0 0 0 0 0 0 0 0 0 0 0 0 0 0 0 0.0154369 0.0633885 0.014688 0.0320462 0.0650522 0.0327855 0.126557 0.0373255 0.237004 1.44421 
0.161812 0.132391 0.396892 0.244117 0.208372 0.134424 0.176584 0.137038 0 0 0 0 0 0 0 0 0 0 0 0 0 0 0 0 0 0 0 0 0.0631172 0.0853429 0.0912176 0.287724 0.0953698 0.0838704 0.436883 0.958824 1.00256 1.13519 
0.701691 0.221363 0.45006 0.253478 0.103208 0.0867454 0.251786 0.126244 0 0 0 0 0 0 0 0 0 0 0 0 0 0 0 0 0 0 0 0 0.0679014 0.111453 0.177004 0.0625154 0.118458 0.526072 0.318569 0.52303 1.38514 5.37544 
0.677205 0.190984 0.400884 0.180648 0.077362 0.0606068 0.159408 0.103447 0 0 0 0 0 0 0 0 0 0 0 0 0 0 0 0 0 0 0 0 0.132188 0.0495291 0.122344 0.231472 0.226202 0.112597 0.15214 0.518487 1.01602 4.52858 
0.119697 0.16434 0.0621604 0.0328667 0.11806 0.0353274 0.0898266 0.0238845 0 0 0 0 0 0 0 0 0 0 0 0 0 0 0 0 0 0 0 0 0.0826539 0.0436151 0.04353 0.106978 0.129699 0.0915964 0.20316 0.487009 0.303348 2.10145 
0.359231 0.333633 0.325644 0.0609242 0.100707 0.134224 0.0307875 0.114343 0 0 0 0 0 0 0 0 0 0 0 0 0 0 0 0 0 0 0 0 0.0861959 0.0697738 0.0787617 0.0674843 0.105165 0.0470709 0.341789 0.205441 1.12123 3.26191 
0.740607 0.722631 0.968199 0.416794 0.322492 0.184504 0.290002 0.0372549 0 0 0 0 0 0 0 0 0 0 0 0 0 0 0 0 0 0 0 0 0.162388 0.197474 0.426376 0.204543 0.256251 0.647335 0.690294 1.50414 2.27472 14.1247 
0.43573 0.160414 0.29289 0.345858 0.14458 0.113106 0.182875 0.125953 0 0 0 0 0 0 0 0 0 0 0 0 0 0 0 0 0 0 0 0 0.180525 0.0545459 0.106169 0.0232555 0.337597 0.0626835 0.601979 0.521207 1.1086 1.71313 
0.246583 0.141401 0.1641 0.0288944 0.130574 0.101566 0.0426767 0.0645754 0 0 0 0 0 0 0 0 0 0 0 0 0 0 0 0 0 0 0 0 0.112904 0.0823866 0.0804597 0.0915685 0.176978 0.217219 0.264588 0.447505 1.08141 1.65957 
0.380768 0.186951 0.128628 0.211818 0.0628755 0.154102 0.10266 0.0940006 0 0 0 0 0 0 0 0 0 0 0 0 0 0 0 0 0 0 0 0 0.0589189 0.111172 0.121641 0.180457 0.219429 0.262189 0.186883 0.0581248 0.855333 1.84081 
0.247835 1.26858 0.899813 1.11922 1.17605 1.04456 0.30068 1.20946 0 0 0 0 0 0 0 0 0 0 0 0 0 0 0 0 0 0 0 0 0.612898 0.46027 0.560123 1.62969 0.518877 1.37207 1.27072 2.31924 7.30407 22.7293 
0.2385 1.49102 0.76413 0.765949 0.382389 0.417756 0.350787 0.288697 0 0 0 0 0 0 0 0 0 0 0 0 0 0 0 0 0 0 0 0 0.237279 0.330791 0.357969 0.527627 0.47872 0.718415 0.432404 1.10834 1.57486 9.50361 
0.0202302 0.276467 0.345686 0.169873 0.230862 0.0760396 0.0981604 0.040655 0 0 0 0 0 0 0 0 0 0 0 0 0 0 0 0 0 0 0 0 0.0334539 0.0939965 0.0471887 0.0878912 0.149129 0.133508 0.148623 0.401756 1.0725 2.69351 
0.742922 0.920128 0.285192 0.856888 0.227943 0.560913 0.329266 0.114176 0 0 0 0 0 0 0 0 0 0 0 0 0 0 0 0 0 0 0 0 0.254272 0.188591 0.35188 0.446462 0.393981 0.706542 0.413827 1.17095 1.06079 11.1968 
0.542209 0.495384 0.0478343 0.195636 0.168118 0.178933 0.0629916 0.144097 0 0 0 0 0 0 0 0 0 0 0 0 0 0 0 0 0 0 0 0 0.129523 0.116574 0.16433 0.082389 0.261572 0.149282 0.203928 1.01674 1.34305 3.29189 
0.33161 0.204229 0.281588 0.0237034 0.118748 0.0809088 0.0412405 0.103779 0 0 0 0 0 0 0 0 0 0 0 0 0 0 0 0 0 0 0 0 0.00680841 0.101636 0.0458533 0.08647 0.128853 0.0380937 0.272667 0.155288 0.349637 1.45468 
0.400075 0.338527 0.163687 0.0835207 0.110762 0.0987656 0.057314 0.0825161 0 0 0 0 0 0 0 0 0 0 0 0 0 0 0 0 0 0 0 0 0.0698236 0.0919507 0.0798764 0.124453 0.0649802 0.0354793 0.137551 0.220856 0.501395 1.26884 
0.317097 0.342316 0.183064 0.0779902 0.11077 0.0152929 0.0492946 0.0873017 0 0 0 0 0 0 0 0 0 0 0 0 0 0 0 0 0 0 0 0 0.0387729 0.0780795 0.110496 0.147607 0.120512 0.0666935 0.0837681 0.250156 0.749634 2.44244 