2.01721 2.57949 2.48297 1.92786 1.54136 0.936402 0.718377 0.523809 0 0 0 0 0 0 0 0 0 0 0 0 0 0 0 0 0 0 0 0 0.172124 0.347144 0.713465 0.606351 0.844344 1.98795 3.11664 5.16278 8.87825 44.4994 
0.525006 0.573653 0.206801 0.202572 0.00365402 0.0493623 0.0637182 0.0886783 0 0 0 0 0 0 0 0 0 0 0 0 0 0 0 0 0 0 0 0 0.108156 0.215662 0.228995 0.139927 0.374941 0.511097 0.307865 0.851172 3.10689 4.16498 
1.18883 1.24972 1.42727 0.978768 0.501012 0.258152 0.221936 0.418443 0 0 0 0 0 0 0 0 0 0 0 0 0 0 0 0 0 0 0 0 0.0536023 0.124993 0.128214 0.155689 0.595111 0.691032 1.12249 2.32695 8.55486 18.2677 
0.237403 0.144951 0.13639 0.131972 0.0525331 0.040649 0.07654 0.0420591 0 0 0 0 0 0 0 0 0 0 0 0 0 0 0 0 0 0 0 0 0.0669851 0.0945766 0.0432699 0.0642032 0.0626193 0.227592 0.0381375 0.0874921 0.662542 3.01528 
0.0737418 0.115991 0.122962 0.103225 0.0832892 0.141076 0.0154382 0.0883475 0 0 0 0 0 0 0 0 0 0 0 0 0 0 0 0 0 0 0 0 0.0537564 0.096714 0.0859049 0.056349 0.0651174 0.212665 0.282894 0.186448 0.664396 2.41261 
0.166076 0.279408 0.19497 0.165182 0.0337945 0.0793502 0.0543435 0.0230198 0 0 0 0 0 0 0 0 0 0 0 0 0 0 0 0 0 0 0 0 0.0583757 0.0440752 0.0353863 0.0288751 0.111859 0.137178 0.0786336 0.503084 1.06835 2.4519 
0.896248 0.341565 0.259172 0.19531 0.0880763 0.136538 0.0725271 0.0997553 0 0 0 0 0 0 0 0 0 0 0 0 0 0 0 0 0 0 0 0 0.115604 0.217667 0.0448875 0.121501 0.114937 0.182791 0.0895081 0.44953 0.774128 5.95415 
0.282892 0.443615 0.124653 0.150335 0.114483 0.0599716 0.0449164 0.0339153 0 0 0 0 0 0 0 0 0 0 0 0 0 0 0 0 0 0 0 0 0.0650865 0.090861 0.0493528 0.0678121 0.126556 0.148453 0.158627 0.291503 0.903483 3.47001 
0.775393 0.586514 0.108033 0.0423238 0.289564 0.0632564 0.136013 0.0482919 0 0 0 0 0 0 0 0 0 0 0 0 0 0 0 0 0 0 0 0 0.0559745 0.102598 0.225688 0.0518029 0.096715 0.0783432 0.532987 0.47961 0.595908 8.76247 
0.755861 0.162682 0.358828 0.102233 0.395119 0.24343 0.167082 0.182825 0 0 0 0 0 0 0 0 0 0 0 0 0 0 0 0 0 0 0 0 0.0439439 0.368566 0.335822 0.0572397 0.456831 0.330504 1.04427 1.5919 5.85956 30.5839 
0.295737 0.089729 0.293506 0.239451 0.224905 0.0731517 0.15705 0.0716828 0 0 0 0 0 0 0 0 0 0 0 0 0 0 0 0 0 0 0 0 0.0118249 0.109307 0.121433 0.14031 0.356141 0.619048 0.298965 0.936299 0.664378 4.2636 
0.127156 0.0707694 0.0488147 0.0257862 0.0876748 0.0308471 0.0254676 0.0424067 0 0 0 0 0 0 0 0 0 0 0 0 0 0 0 0 0 0 0 0 0.0600662 0.0155568 0.103487 0.0338893 0.125729 0.0767428 0.127591 0.0204895 0.0879344 1.80929 
0.911723 0.572018 0.316126 0.265929 0.124912 0.132984 0.0260357 0.0498635 0 0 0 0 0 0 0 0 0 0 0 0 0 0 0 0 0 0 0 0 0.0707523 0.0197812 0.0524307 0.0634523 0.136141 0.281097 0.417406 0.340943 3.01545 1.53483 
0.156315 0.0625958 0.0700253 0.0726787 0.0773707 0.0946465 0.0804654 0.0406979 0 0 0 0 0 0 0 0 0 0 0 0 0 0 0 0 0 0 0 0 0.0663235 0.0734623 0.0656775 0.13581 0.170494 0.0915585 0.304579 0.111258 1.38892 3.18351 
0.460724 0.424596 0.332881 0.0798526 0.0702762 0.056124 0.046944 0.123123 0 0 0 0 0 0 0 0 0 0 0 0 0 0 0 0 0 0 0 0 0.0627107 0.130238 0.0400748 0.172138 0.228374 0.0872265 0.119847 0.667692 0.482663 5.22554 
1.60429 0.426688 0.512633 0.563018 0.791129 0.53025 0.0640573 0.211278 0 0 0 0 0 0 0 0 0 0 0 0 0 0 0 0 0 0 0 0 0.711382 0.570196 0.778646 0.25996 0.157643 0.776325 1.8303 2.82029 1.75196 48.9309 
0.983307 0.423639 0.679706 1.57091 0.717372 0.223468 0.189803 0.348276 0 0 0 0 0 0 0 0 0 0 0 0 0 0 0 0 0 0 0 0 0.207971 0.159051 0.415277 1.12931 0.187209 1.61329 1.15695 0.513669 5.39105 13.8254 
0.755969 1.30329 1.29032 1.01922 0.648923 0.874084 0.727975 0.538211 0 0 0 0 0 0 0 0 0 0 0 0 0 0 0 0 0 0 0 0 0.970621 0.32 0.738434 0.606465 0.313518 2.2209 2.02919 3.23406 7.48372 29.8841 
3.86413 2.93187 3.12193 0.634712 1.64239 3.19138 0.603374 2.02316 0 0 0 0 0 0 0 0 0 0 0 0 0 0 0 0 0 0 0 0 1.71123 3.33311 2.01031 1.15649 3.44858 2.67754 2.35129 1.55938 20.6594 232.912 
2.11632 1.71888 1.02546 0.292107 0.797706 3.62912 0.732098 0.555323 0 0 0 0 0 0 0 0 0 0 0 0 0 0 0 0 0 0 0 0 0.859122 3.23807 0.93677 0.365041 1.24231 1.43419 2.31656 1.09323 2.60977 94.2278 
0.661799 0.274281 0.246318 0.32592 0.167279 0.565953 0.487374 0.0463867 0 0 0 0 0 0 0 0 0 0 0 0 0 0 0 0 0 0 0 0 0.0760993 0.11532 0.26349 0.0426759 0.158406 1.13587 0.394858 0.500489 2.04279 20.4046 
0.275605 0.056557 0.0652444 0.0149617 0.00990074 0.0220142 0.0139151 0.0222054 0 0 0 0 0 0 0 0 0 0 0 0 0 0 0 0 0 0 0 0 0.0116007 0.00993901 0.00782784 0.0240803 0.0327629 0.0937677 0.135524 0.156253 0.543189 1.71347 
0.38946 0.680071 0.300145 0.511869 0.350725 0.370117 0.258643 0.179949 0 0 0 0 0 0 0 0 0 0 0 0 0 0 0 0 0 0 0 0 0.405426 0.265481 0.548101 0.922638 0.714948 1.47919 1.06194 0.69214 3.02728 14.1017 
1.04745 0.801888 0.166656 0.391749 0.248623 0.186823 0.110244 0.279969 0 0 0 0 0 0 0 0 0 0 0 0 0 0 0 0 0 0 0 0 0.369437 0.254003 0.0784614 0.317755 0.815784 0.267589 1.16773 1.92089 3.24247 14.4525 
0.441106 0.479283 0.25636 0.231444 0.224254 0.247073 0.134241 0.110002 0 0 0 0 0 0 0 0 0 0 0 0 0 0 0 0 0 0 0 0 0.140305 0.263489 0.125815 0.128221 0.365915 0.508788 0.327283 0.774404 1.68893 15.2927 
5.85795 0.587585 0.559811 1.28967 0.77806 0.398092 0.740395 0.549642 0 0 0 0 0 0 0 0 0 0 0 0 0 0 0 0 0 0 0 0 1.30461 1.08229 0.542032 2.49404 1.34822 1.2109 4.61676 4.8844 9.61518 15.039 
1.64736 0.802233 0.161626 0.144547 0.474727 0.990763 0.279198 0.228405 0 0 0 0 0 0 0 0 0 0 0 0 0 0 0 0 0 0 0 0 0.228258 0.78962 0.498202 0.115527 0.408406 0.554996 1.6842 0.674195 1.66351 37.5287 
1.98718 0.793133 0.749281 0.334035 0.17339 0.129997 0.0919548 0.112638 0 0 0 0 0 0 0 0 0 0 0 0 0 0 0 0 0 0 0 0 0.0402928 0.178125 0.256525 0.0931896 0.184347 0.386434 0.206944 1.816 4.50841 7.81438 
0.251545 0.202101 0.442943 0.33013 0.205646 0.270593 0.101601 0.184302 0 0 0 0 0 0 0 0 0 0 0 0 0 0 0 0 0 0 0 0 0.144298 0.214349 0.172408 0.387914 0.440785 0.291573 0.204101 0.393383 0.56775 12.2462 
0.350484 0.264003 0.179037 0.311429 0.156011 0.191303 0.316669 0.254785 0 0 0 0 0 0 0 0 0 0 0 0 0 0 0 0 0 0 0 0 0.146168 0.208466 0.151586 0.308202 0.15642 0.232507 0.496621 0.67439 0.786513 3.59296 
0.298775 0.428976 0.670907 0.322724 0.416783 0.248549 0.128244 0.150216 0 0 0 0 0 0 0 0 0 0 0 0 0 0 0 0 0 0 0 0 0.259999 0.172773 0.0428521 0.244564 0.135903 0.427385 0.586545 0.82342 1.179 8.65533 
0.387586 0.121496 0.257737 0.0707687 0.0465321 0.072697 0.0412048 0.047004 0 0 0 0 0 0 0 0 0 0 0 0 0 0 0 0 0 0 0 0 0.0453606 0.0794188 0.0167229 0.120624 0.0204224 0.0871104 0.240156 0.181857 0.68812 1.33601 
0.486717 0.359989 0.197094 0.152892 0.109252 0.0961581 0.129594 0.0781321 0 0 0 0 0 0 0 0 0 0 0 0 0 0 0 0 0 0 0 0 0.0850666 0.0873782 0.0433878 0.123577 0.0736895 0.113441 0.284367 0.523002 0.734018 5.49213 
0.214341 0.108088 0.0834889 0.0698047 0.0758581 0.0281326 0.0948704 0.0573773 0 0 0 0 0 0 0 0 0 0 0 0 0 0 0 0 0 0 0 0 0.079053 0.0680245 0.0130476 0.0450306 0.0449081 0.0249234 0.295044 0.0338767 1.43549 3.0142 
0.178809 0.201808 0.158714 0.151791 0.0157716 0.0501185 0.0500551 0.0419241 0 0 0 0 0 0 0 0 0 0 0 0 0 0 0 0 0 0 0 0 0.156528 0.244671 0.351618 0.404593 0.183462 0.129942 0.631664 1.35693 3.13495 10.7544 
0.526792 0.159008 0.17131 0.262647 0.178865 0.0764778 0.0557528 0.0296114 0 0 0 0 0 0 0 0 0 0 0 0 0 0 0 0 0 0 0 0 0.0369101 0.0490768 0.0800333 0.0491701 0.057761 0.130801 0.199342 0.448524 0.880602 2.26815 
3.42298 1.19111 0.338831 0.466224 0.438416 0.295341 0.219273 0.550922 0 0 0 0 0 0 0 0 0 0 0 0 0 0 0 0 0 0 0 0 0.16622 0.621398 0.868049 1.10512 2.10321 1.11443 2.24009 3.14656 2.20154 14.2112 
2.73521 2.58517 0.629244 0.325914 0.0963888 0.395718 0.404387 0.423223 0 0 0 0 0 0 0 0 0 0 0 0 0 0 0 0 0 0 0 0 0.153482 0.196345 0.4528 0.122576 0.447587 0.402343 0.829031 1.16456 2.33236 25.7927 
0.0756181 0.48978 0.308283 0.195451 0.24951 0.58423 0.381562 0.372435 0 0 0 0 0 0 0 0 0 0 0 0 0 0 0 0 0 0 0 0 0.42123 0.446393 0.279107 0.362208 0.191081 0.392427 0.174435 1.34001 1.15252 25.2193 
0.226792 0.167977 0.112929 0.106363 0.0459964 0.0754835 0.0627448 0.031698 0 0 0 0 0 0 0 0 0 0 0 0 0 0 0 0 0 0 0 0 0.0655743 0.0283849 0.0634828 0.110075 0.0715941 0.140742 0.176786 0.21208 0.917129 1.59352 
1.30712 0.69193 0.24747 0.280279 0.293447 0.98143 0.701476 0.594705 0 0 0 0 0 0 0 0 0 0 0 0 0 0 0 0 0 0 0 0 0.768753 0.869624 0.19641 0.22423 0.0979833 0.438747 1.19676 1.09161 2.57808 34.9263 
0.843946 1.54801 0.718579 0.577705 0.556727 2.20235 1.02806 0.84333 0 0 0 0 0 0 0 0 0 0 0 0 0 0 0 0 0 0 0 0 1.0133 1.94741 0.43308 0.334731 0.837656 0.526427 0.558889 1.39519 2.23475 49.7268 
0.784959 0.831539 0.150475 0.200772 0.25027 2.05041 0.275622 0.186105 0 0 0 0 0 0 0 0 0 0 0 0 0 0 0 0 0 0 0 0 0.317277 1.92593 0.201916 0.168232 0.192464 0.79827 0.699201 0.684115 0.906959 42.2574 
3.5667 0.443174 0.164365 0.274989 0.0247743 0.106023 0.599172 0.375258 0 0 0 0 0 0 0 0 0 0 0 0 0 0 0 0 0 0 0 0 0.523527 0.418635 0.359443 0.730291 0.399364 0.994891 0.718673 1.79216 4.28262 7.67334 
6.67647 4.29146 2.44357 4.13657 6.15009 7.49125 4.64862 3.56917 0 0 0 0 0 0 0 0 0 0 0 0 0 0 0 0 0 0 0 0 5.47021 10.902 4.71572 5.18871 3.77609 5.23351 7.23374 9.9521 16.771 456.429 
0.766421 0.598889 0.799098 0.221445 0.428747 0.44455 0.149339 0.127956 0 0 0 0 0 0 0 0 0 0 0 0 0 0 0 0 0 0 0 0 0.0801065 0.212507 0.0865075 0.266123 0.458991 0.19189 1.10234 1.81757 2.09778 7.34515 
0.389747 0.495133 0.172034 0.268832 0.108838 0.0930383 0.0377891 0.0802183 0 0 0 0 0 0 0 0 0 0 0 0 0 0 0 0 0 0 0 0 0.0328324 0.0382029 0.0990104 0.135226 0.161092 0.142077 0.249287 0.406489 0.881302 8.92293 
0.190078 0.0420084 0.245227 0.248449 0.135185 0.0308495 0.0576535 0.0437087 0 0 0 0 0 0 0 0 0 0 0 0 0 0 0 0 0 0 0 0 0.0730607 0.141926 0.144243 0.0611158 0.0379039 0.289831 0.0832977 0.780246 2.13672 4.5118 
0.290083 0.120967 0.255958 0.129621 0.171219 0.207167 0.0648715 0.161067 0 0 0 0 0 0 0 0 0 0 0 0 0 0 0 0 0 0 0 0 0.203929 0.0961233 0.153566 0.231509 0.197162 0.0623546 0.143011 0.179782 3.08239 13.9831 
0.368472 0.400949 0.196104 0.0734607 0.16952 0.053789 0.091138 0.0797067 0 0 0 0 0 0 0 0 0 0 0 0 0 0 0 0 0 0 0 0 0.0950481 0.0589565 0.125983 0.0285039 0.219541 0.059041 0.280796 0.385274 0.491601 2.86012 
0.0877129 0.98822 1.12436 0.380581 0.325798 0.281995 0.0820731 0.0663491 0 0 0 0 0 0 0 0 0 0 0 0 0 0 0 0 0 0 0 0 0.170613 0.126936 0.0966234 0.345147 0.449645 0.374296 0.838873 1.10132 2.84896 5.02671 
0.373307 0.654366 0.496288 0.564521 0.0467362 0.143823 0.0557833 0.197858 0 0 0 0 0 0 0 0 0 0 0 0 0 0 0 0 0 0 0 0 0.127082 0.0806682 0.060693 0.402275 0.189443 0.219606 0.0745191 0.78825 1.44463 8.26649 
0.171739 0.248824 0.377215 0.218921 0.228398 0.119463 0.0393123 0.0220962 0 0 0 0 0 0 0 0 0 0 0 0 0 0 0 0 0 0 0 0 0.0319267 0.106562 0.110954 0.118835 0.326826 0.121682 0.156461 0.438438 1.38129 2.67334 
1.64672 1.49979 0.834826 0.620502 0.266247 0.175542 0.193849 0.214241 0 0 0 0 0 0 0 0 0 0 0 0 0 0 0 0 0 0 0 0 0.0941422 0.0657208 0.0493648 0.386625 0.465505 0.842526 0.709482 1.28759 5.39827 6.79734 
0.0950264 0.0884319 0.102144 0.15588 0.137679 0.060324 0.0654011 0.0203915 0 0 0 0 0 0 0 0 0 0 0 0 0 0 0 0 0 0 0 0 0.0477167 0.0264362 0.0125318 0.113928 0.0868951 0.0724726 0.178776 0.323714 0.7199 2.4062 
0.783203 0.598783 0.319325 0.0595218 0.0955078 0.0854764 0.0984334 0.0947628 0 0 0 0 0 0 0 0 0 0 0 0 0 0 0 0 0 0 0 0 0.045474 0.0834769 0.106381 0.169864 0.139352 0.137635 0.182972 0.305666 3.70545 4.25725 
0.416643 0.0782813 0.0730031 0.0890339 0.0841018 0.0847323 0.0313636 0.0286633 0 0 0 0 0 0 0 0 0 0 0 0 0 0 0 0 0 0 0 0 0.0522796 0.0383475 0.0771537 0.0330062 0.0694331 0.0742485 0.203583 0.29675 0.0596096 1.67751 
0.421042 0.552391 0.278737 0.23998 0.151759 0.0315244 0.0988814 0.054431 0 0 0 0 0 0 0 0 0 0 0 0 0 0 0 0 0 0 0 0 0.0914807 0.241447 0.248874 0.268243 0.198857 0.257632 0.1329 0.852196 0.849178 7.07514 
0.903621 0.388057 0.655278 0.176021 0.415844 0.139576 0.201444 0.145692 0 0 0 0 0 0 0 0 0 0 0 0 0 0 0 0 0 0 0 0 0.045866 0.381367 0.016036 0.240866 0.158969 0.452901 0.182075 1.00052 1.89494 10.6327 
0.24415 0.969288 0.366689 0.0398699 0.549058 0.558218 0.193788 0.279713 0 0 0 0 0 0 0 0 0 0 0 0 0 0 0 0 0 0 0 0 0.328907 0.565766 0.376723 0.37387 0.496635 0.919752 0.363224 0.687542 1.62784 26.317 
0.717478 0.511159 0.421233 0.33481 0.169656 0.0904595 0.283337 0.11116 0 0 0 0 0 0 0 0 0 0 0 0 0 0 0 0 0 0 0 0 0.0989538 0.0136665 0.0982721 0.130844 0.145355 0.036772 0.29183 1.02337 3.36264 6.07035 
0.168142 1.37597 0.323345 0.285703 0.155703 2.29354 0.177016 0.380833 0 0 0 0 0 0 0 0 0 0 0 0 0 0 0 0 0 0 0 0 0.221137 2.14126 0.175634 0.396428 0.316564 1.11851 0.150478 1.01687 0.405834 47.6156 
0.281938 0.277417 0.193867 0.263798 0.254221 0.161687 0.0689419 0.042244 0 0 0 0 0 0 0 0 0 0 0 0 0 0 0 0 0 0 0 0 0.185364 0.177072 0.182613 0.255817 0.506961 1.09107 0.276923 1.23201 0.831315 8.01152 
0.65549 0.313664 0.129254 0.11102 0.199285 0.182141 0.096172 0.175197 0 0 0 0 0 0 0 0 0 0 0 0 0 0 0 0 0 0 0 0 0.109861 0.238779 0.115583 0.187587 0.090405 0.418135 0.438226 0.364933 0.514661 2.42892 
0.0706309 0.457662 0.345938 0.496468 0.469101 0.709563 0.285735 0.136529 0 0 0 0 0 0 0 0 0 0 0 0 0 0 0 0 0 0 0 0 0.306857 0.658021 0.557927 0.585015 0.344774 0.509141 0.244487 0.721283 0.755282 30.1675 
1.48566 1.07439 1.23071 0.446023 0.603333 0.361122 0.569093 0.0267693 0 0 0 0 0 0 0 0 0 0 0 0 0 0 0 0 0 0 0 0 0.384253 0.322887 1.09985 0.490664 0.110629 0.907492 0.828553 0.470855 3.76943 16.2147 
0.614193 0.581058 0.479516 0.111206 0.330077 0.0801796 0.181295 0.0706013 0 0 0 0 0 0 0 0 0 0 0 0 0 0 0 0 0 0 0 0 0.165996 0.0408169 0.0420399 0.269899 0.628174 0.608831 0.998894 0.680386 0.484627 12.0777 
0.452246 2.14623 0.0926451 0.253763 0.280285 3.66385 0.342045 0.486411 0 0 0 0 0 0 0 0 0 0 0 0 0 0 0 0 0 0 0 0 0.34985 3.3886 0.302441 0.339038 0.105868 1.68245 0.418516 1.01018 0.640532 72.2318 
0.398828 0.567076 0.503874 0.242557 0.696287 0.227014 0.258464 0.317674 0 0 0 0 0 0 0 0 0 0 0 0 0 0 0 0 0 0 0 0 0.507743 0.292999 0.407038 0.374978 0.196561 0.283533 0.880101 0.850615 2.33089 23.6979 
0.337757 0.291302 0.200453 0.0956507 0.0257788 0.0174881 0.0641562 0.0698993 0 0 0 0 0 0 0 0 0 0 0 0 0 0 0 0 0 0 0 0 0.00974368 0.0253713 0.0545074 0.0932249 0.168855 0.0592058 0.39228 0.442408 0.484678 5.09232 
0.192991 0.569313 0.308721 0.117247 0.289468 0.475206 0.837338 0.449241 0 0 0 0 0 0 0 0 0 0 0 0 0 0 0 0 0 0 0 0 0.684161 0.17933 0.237335 0.257099 0.348962 1.07132 0.879706 0.952698 3.9142 26.7454 
0.0597777 0.0333589 0.0156539 0.0714158 0.0758301 0.0484455 0.0638373 0.0564261 0 0 0 0 0 0 0 0 0 0 0 0 0 0 0 0 0 0 0 0 0.0525451 0.0272684 0.0296865 0.0300071 0.0295121 0.292132 0.13874 0.224265 1.1906 2.64176 
1.10842 2.92918 0.548758 0.956401 0.750212 0.444505 0.519819 0.421565 0 0 0 0 0 0 0 0 0 0 0 0 0 0 0 0 0 0 0 0 0.343172 0.343011 0.320439 0.586014 0.317867 1.47482 1.21868 0.962149 2.0598 28.0522 
0.468282 0.102881 0.0555801 0.0842388 0.0610787 0.0774264 0.0236364 0.0217905 0 0 0 0 0 0 0 0 0 0 0 0 0 0 0 0 0 0 0 0 0.0659858 0.0188279 0.031779 0.111927 0.018905 0.0686905 0.193435 0.247948 0.494253 2.92489 
0.819664 0.454396 0.176437 0.0730452 0.0227968 0.0355674 0.0490062 0.0541291 0 0 0 0 0 0 0 0 0 0 0 0 0 0 0 0 0 0 0 0 0.0107002 0.0262421 0.0677231 0.129856 0.136176 0.124136 0.082704 0.522827 0.644156 3.97305 
1.15191 0.849263 0.380695 0.293536 0.275751 0.05099 0.3151 0.306815 0 0 0 0 0 0 0 0 0 0 0 0 0 0 0 0 0 0 0 0 0.161309 0.389749 0.17484 0.343885 0.127729 0.159512 0.67544 1.113 2.65068 15.7669 
0.498395 0.412049 0.618763 0.208762 0.320176 0.0639421 0.233741 0.167599 0 0 0 0 0 0 0 0 0 0 0 0 0 0 0 0 0 0 0 0 0.0795733 0.272051 0.305744 0.304954 0.478113 0.246339 0.804005 0.563474 1.61499 5.7115 
0.124453 0.138129 0.0420839 0.00526731 0.0172162 0.0243955 0.0168486 0.024468 0 0 0 0 0 0 0 0 0 0 0 0 0 0 0 0 0 0 0 0 0.0390511 0.0268222 0.0405623 0.0154625 0.0675045 0.0473335 0.0427127 0.125248 0.34571 2.47091 
9.79151 10.8266 30.8606 12.3018 8.22428 5.73785 8.078 7.37571 0 0 0 0 0 0 0 0 0 0 0 0 0 0 0 0 0 0 0 0 5.05782 9.87735 7.42422 12.1463 4.96673 9.98557 29.6897 11.3153 7.16824 81.1122 
0.153214 0.812473 0.123347 0.338615 0.45577 1.48682 0.454971 0.583435 0 0 0 0 0 0 0 0 0 0 0 0 0 0 0 0 0 0 0 0 0.559451 1.37739 0.478829 0.279281 0.127825 0.772926 0.1158 0.905684 0.967565 37.5673 
0.614861 2.23283 0.999945 0.53975 0.331142 0.594536 0.515837 0.257779 0 0 0 0 0 0 0 0 0 0 0 0 0 0 0 0 0 0 0 0 0.324271 0.520906 0.0557357 0.504934 0.705227 0.988748 0.511684 0.765304 1.72602 11.6909 
0.546622 0.332186 0.0509371 0.0434964 0.0522265 0.0693884 0.0694023 0.0460849 0 0 0 0 0 0 0 0 0 0 0 0 0 0 0 0 0 0 0 0 0.0401159 0.0499369 0.0935312 0.0307179 0.0624144 0.0533243 0.0963683 0.314606 0.612239 4.00312 
0.0700981 0.546489 0.0520948 0.0824119 0.176413 0.717085 0.169597 0.297247 0 0 0 0 0 0 0 0 0 0 0 0 0 0 0 0 0 0 0 0 0.117929 0.519034 0.19647 0.176197 0.0794183 0.760207 0.090364 0.825012 0.604213 26.2042 
0.427989 0.321305 0.161797 0.233439 0.284515 0.827092 0.128294 0.286054 0 0 0 0 0 0 0 0 0 0 0 0 0 0 0 0 0 0 0 0 0.140733 0.711986 0.31426 0.294458 0.204177 0.219052 0.411523 0.961068 0.480857 21.2345 
0.84468 2.35304 0.55661 0.546997 0.349651 1.00792 0.189682 0.0988888 0 0 0 0 0 0 0 0 0 0 0 0 0 0 0 0 0 0 0 0 0.196914 1.06662 0.554829 0.638532 0.414125 2.21813 0.78255 1.15263 1.38182 50.3056 
0.637077 0.516246 0.4934 0.543203 0.544519 0.512312 0.500157 0.459397 0 0 0 0 0 0 0 0 0 0 0 0 0 0 0 0 0 0 0 0 0.566285 0.691074 0.721733 0.766184 0.824679 0.838075 0.805344 0.830931 0.945687 1.32924 
0.106066 1.07665 0.372555 0.19628 0.0497252 0.282546 0.147884 0.15049 0 0 0 0 0 0 0 0 0 0 0 0 0 0 0 0 0 0 0 0 0.0817227 0.427461 0.0921337 0.0861103 0.206275 0.826224 0.528364 0.759636 0.785383 16.3891 
0.270188 0.140989 0.0818418 0.101695 0.105137 0.0928441 0.0540665 0.0292233 0 0 0 0 0 0 0 0 0 0 0 0 0 0 0 0 0 0 0 0 0.0782627 0.0695561 0.178448 0.113362 0.102488 0.126293 0.263164 0.742218 1.40635 3.82262 
0.547723 3.8855 0.203509 0.327749 0.336424 6.23511 0.454776 0.665397 0 0 0 0 0 0 0 0 0 0 0 0 0 0 0 0 0 0 0 0 0.540595 5.98831 0.441379 0.32049 0.229956 3.24456 0.598017 0.837083 1.25515 135.156 
0.411478 0.15988 0.140355 0.249442 0.175402 0.100735 0.131843 0.11241 0 0 0 0 0 0 0 0 0 0 0 0 0 0 0 0 0 0 0 0 0.0778921 0.114042 0.0918957 0.26034 0.266132 0.724601 0.416057 0.118787 0.955027 4.91516 
1.55331 0.774189 0.567785 0.158121 0.485144 1.20432 0.387548 0.387401 0 0 0 0 0 0 0 0 0 0 0 0 0 0 0 0 0 0 0 0 0.247659 1.2241 0.486655 0.074611 0.536445 1.67165 1.57973 1.71237 1.73338 52.9935 
0.507082 0.0859622 0.127613 0.152245 0.0130695 0.0241935 0.0568686 0.0428534 0 0 0 0 0 0 0 0 0 0 0 0 0 0 0 0 0 0 0 0 0.184829 0.0976015 0.182765 0.157228 0.193502 0.281837 0.240188 0.596055 0.442695 3.58631 
1.13614 1.02886 0.620882 0.172452 0.265306 0.121031 0.19031 0.13916 0 0 0 0 0 0 0 0 0 0 0 0 0 0 0 0 0 0 0 0 0.221985 0.191381 0.281838 0.113328 0.446344 0.703575 0.572767 0.733422 0.932223 3.52165 
0.0954014 0.0708965 0.182867 0.0241708 0.0626579 0.0814556 0.0861029 0.0462297 0 0 0 0 0 0 0 0 0 0 0 0 0 0 0 0 0 0 0 0 0.0206624 0.0209044 0.0717438 0.0246047 0.102967 0.174208 0.0845777 0.176857 0.473919 2.1773 
0.920296 0.268198 0.491401 0.169468 0.144483 0.0594707 0.0729286 0.0784149 0 0 0 0 0 0 0 0 0 0 0 0 0 0 0 0 0 0 0 0 0.16073 0.115484 0.121357 0.195542 0.225657 0.217815 0.576657 0.736441 1.55974 8.10136 
0.168534 0.524362 0.272171 0.291587 0.170223 0.126749 0.139064 0.128201 0 0 0 0 0 0 0 0 0 0 0 0 0 0 0 0 0 0 0 0 0.191545 0.168949 0.272494 0.386317 0.500016 0.531281 0.696123 0.270207 0.880608 8.70045 
0.255598 0.133274 0.0400242 0.0456297 0.07231 0.0319852 0.0678547 0.0201674 0 0 0 0 0 0 0 0 0 0 0 0 0 0 0 0 0 0 0 0 0.0395891 0.0262917 0.0413396 0.0814996 0.0273049 0.157693 0.137491 0.0799474 0.216389 2.24309 
1.52206 0.648128 0.508377 0.497786 0.282462 0.248575 0.207597 0.234937 0 0 0 0 0 0 0 0 0 0 0 0 0 0 0 0 0 0 0 0 0.585947 0.44414 0.619439 0.820445 0.855515 0.815543 0.679456 1.41171 1.82254 7.71652 