0.134495 0.0522775 0.0471564 0.0879409 0.115999 0.0510105 0.0190862 0.0173254 0 0 0 0 0 0 0 0 0 0 0 0 0 0 0 0 0 0 0 0 0.0281874 0.0558577 0.0107052 0.0383017 0.082711 0.089611 0.117716 0.164576 0.128105 2.72258 
0.191053 0.368462 0.0627724 0.128882 0.145909 0.0592619 0.0174016 0.0375604 0 0 0 0 0 0 0 0 0 0 0 0 0 0 0 0 0 0 0 0 0.0954083 0.195712 0.21028 0.171294 0.0882761 0.375209 0.139347 0.896822 1.71021 7.41109 
3.29118 2.20253 0.964855 1.48194 0.703181 0.564899 0.5613 0.0966571 0 0 0 0 0 0 0 0 0 0 0 0 0 0 0 0 0 0 0 0 0.491287 0.879977 0.538263 1.69105 0.601479 1.19435 1.42951 4.9625 6.31209 30.2405 
0.0677573 0.125569 0.0692173 0.0237704 0.0400592 0.0358637 0.00642588 0.0226732 0 0 0 0 0 0 0 0 0 0 0 0 0 0 0 0 0 0 0 0 0.0185117 0.036127 0.0303748 0.0691159 0.0671423 0.0821325 0.0929291 0.112922 0.0731935 1.46492 
0.469537 0.251785 0.602991 0.507504 0.514636 0.230418 0.335682 0.0805795 0 0 0 0 0 0 0 0 0 0 0 0 0 0 0 0 0 0 0 0 0.0617351 0.355898 0.219853 0.15946 0.713738 0.445287 0.442091 0.934748 0.793335 7.79391 
0.569385 0.276812 0.459274 0.135811 0.139841 0.106775 0.0334177 0.0725151 0 0 0 0 0 0 0 0 0 0 0 0 0 0 0 0 0 0 0 0 0.0173277 0.235789 0.225269 0.0899525 0.146872 0.287979 0.271519 0.393948 0.759337 11.0992 
0.345147 0.369165 0.636144 0.230643 0.151988 0.227039 0.0287938 0.138883 0 0 0 0 0 0 0 0 0 0 0 0 0 0 0 0 0 0 0 0 0.138055 0.0747701 0.0629479 0.143026 0.10879 0.109278 0.550849 0.83378 1.20123 3.72312 
1.35754 0.578982 0.269979 0.102814 0.361779 0.398598 0.47267 0.307041 0 0 0 0 0 0 0 0 0 0 0 0 0 0 0 0 0 0 0 0 0.693708 0.442412 0.461814 0.332717 0.435705 0.588697 1.13549 1.49999 4.70768 21.9316 
0.175082 0.199902 0.343212 0.101268 0.0540317 0.0810657 0.120553 0.0611893 0 0 0 0 0 0 0 0 0 0 0 0 0 0 0 0 0 0 0 0 0.0998097 0.0589589 0.177778 0.0283407 0.0729479 0.105396 0.379464 0.0830909 0.803873 2.99336 
0.344134 0.372328 0.268274 0.273145 0.0891151 0.232793 0.142569 0.0503689 0 0 0 0 0 0 0 0 0 0 0 0 0 0 0 0 0 0 0 0 0.0312185 0.168095 0.184881 0.0305206 0.219635 0.0109846 0.402342 0.602278 0.799096 6.90203 
1.60591 2.21639 1.17894 1.29333 0.830414 0.288753 0.834189 0.522602 0 0 0 0 0 0 0 0 0 0 0 0 0 0 0 0 0 0 0 0 0.868846 0.369997 0.387471 0.559041 0.345899 2.45293 1.2516 0.78258 6.42358 27.5447 
0.718768 0.353179 0.259175 0.444798 0.178161 0.0304702 0.185247 0.190779 0 0 0 0 0 0 0 0 0 0 0 0 0 0 0 0 0 0 0 0 0.0216917 0.0360854 0.0853519 0.0973516 0.453643 0.316876 0.50414 0.684548 0.804912 9.92156 
0.211154 0.300865 0.418424 0.487298 0.0632432 0.0963199 0.56672 0.987758 0 0 0 0 0 0 0 0 0 0 0 0 0 0 0 0 0 0 0 0 0.239698 0.304941 0.266887 0.838077 0.9418 0.199638 0.540916 1.35145 3.70334 44.3106 
0.828719 0.422686 0.287001 0.229219 0.249225 0.0431469 0.157166 0.133799 0 0 0 0 0 0 0 0 0 0 0 0 0 0 0 0 0 0 0 0 0.0736796 0.0484483 0.323515 0.0289592 0.0203516 0.23537 0.0613229 0.265361 1.45766 8.49244 
0.669398 0.162514 0.181206 0.170424 0.186652 0.0615031 0.231902 0.0246028 0 0 0 0 0 0 0 0 0 0 0 0 0 0 0 0 0 0 0 0 0.0783389 0.0269077 0.055502 0.0480004 0.0250203 0.229195 0.47723 0.0776645 0.989977 6.18954 
0.798967 1.14975 0.495248 0.323177 0.353709 0.269753 0.416875 0.472449 0 0 0 0 0 0 0 0 0 0 0 0 0 0 0 0 0 0 0 0 0.336987 0.63704 0.340245 0.355036 0.381772 0.151862 0.230464 1.52842 1.41218 11.6084 
0.208403 0.170131 0.076944 0.095183 0.0240126 0.0249973 0.00810623 0.0271836 0 0 0 0 0 0 0 0 0 0 0 0 0 0 0 0 0 0 0 0 0.0184174 0.0417647 0.043693 0.0559371 0.0335737 0.18041 0.149499 0.106863 0.104273 4.48575 
2.00287 1.80434 0.818682 0.585489 1.0635 0.472824 0.544502 0.15082 0 0 0 0 0 0 0 0 0 0 0 0 0 0 0 0 0 0 0 0 0.074871 0.640484 1.11305 0.862221 0.681437 0.430485 0.440789 2.30456 6.18606 13.8213 
0.52092 0.173583 0.415841 0.226371 0.0256641 0.0671602 0.0495054 0.0232689 0 0 0 0 0 0 0 0 0 0 0 0 0 0 0 0 0 0 0 0 0.0613665 0.197313 0.139581 0.320652 0.0906112 0.242562 0.172113 0.255981 0.690524 5.85576 
0.338696 0.276884 0.220422 0.169846 0.112381 0.110097 0.0721955 0.0841628 0 0 0 0 0 0 0 0 0 0 0 0 0 0 0 0 0 0 0 0 0.111397 0.121856 0.135786 0.153327 0.192599 0.215105 0.296523 0.291416 0.662966 1.17838 
1.38061 0.540731 0.870376 0.355958 0.473663 0.360911 0.207216 0.521481 0 0 0 0 0 0 0 0 0 0 0 0 0 0 0 0 0 0 0 0 0.245433 0.162229 0.326736 1.11108 0.616276 0.122794 0.615684 1.20306 1.95195 5.4402 
0.462943 0.382926 0.134093 0.0559737 0.124623 0.117768 0.0523064 0.0875997 0 0 0 0 0 0 0 0 0 0 0 0 0 0 0 0 0 0 0 0 0.212276 0.101192 0.285412 0.227935 0.290068 0.354151 0.374116 0.479231 1.0353 2.00867 
1.53781 1.04496 0.665275 0.354101 0.268156 0.0540223 0.147553 0.274341 0 0 0 0 0 0 0 0 0 0 0 0 0 0 0 0 0 0 0 0 1.03782 1.50955 2.03674 2.43996 2.94626 3.39433 3.78359 3.77632 4.5489 5.01199 
0.331053 0.247799 0.1515 0.101323 0.0684551 0.0480628 0.0368925 0.0426112 0 0 0 0 0 0 0 0 0 0 0 0 0 0 0 0 0 0 0 0 0.0616573 0.00230199 0.0263726 0.0329956 0.079449 0.0870252 0.161239 0.261371 0.795066 2.91463 
0.660291 0.274904 0.147934 0.178457 0.0862337 0.0786739 0.0733983 0.0593621 0 0 0 0 0 0 0 0 0 0 0 0 0 0 0 0 0 0 0 0 0.0363449 0.118016 0.0655749 0.129072 0.0606139 0.150271 0.222551 0.094854 0.738143 2.6929 
1.10124 0.989301 0.614149 0.397647 0.622161 0.234049 0.0882369 0.374322 0 0 0 0 0 0 0 0 0 0 0 0 0 0 0 0 0 0 0 0 0.18723 0.476464 0.732316 0.373217 0.356288 0.520398 1.11205 0.689964 1.29233 10.5904 
0.731156 0.0486433 0.0760827 0.105473 0.048798 0.0208439 0.0886372 0.0224966 0 0 0 0 0 0 0 0 0 0 0 0 0 0 0 0 0 0 0 0 0.0844279 0.0860129 0.136332 0.0500284 0.147732 0.170062 0.407521 0.864847 1.40271 1.00716 
0.266244 0.0891126 0.213437 0.123704 0.0225516 0.0425878 0.013196 0.0346955 0 0 0 0 0 0 0 0 0 0 0 0 0 0 0 0 0 0 0 0 0.0195133 0.0360686 0.0812588 0.0544118 0.133589 0.122848 0.0858997 0.379166 0.41144 2.30287 
0.625136 0.365459 0.450341 0.231863 0.18107 0.109786 0.18198 0.0217897 0 0 0 0 0 0 0 0 0 0 0 0 0 0 0 0 0 0 0 0 0.0973091 0.26107 0.311295 0.325044 0.206408 0.0134923 0.25282 0.704862 0.706694 6.07033 
0.618279 0.289793 0.215335 0.131978 0.117615 0.11567 0.107353 0.0904377 0 0 0 0 0 0 0 0 0 0 0 0 0 0 0 0 0 0 0 0 0.158818 0.173322 0.1828 0.212866 0.218996 0.269741 0.334372 0.4598 0.572065 0.960624 
0.0368974 0.0365065 0.210631 0.0376061 0.184873 0.0668865 0.0959648 0.0948281 0 0 0 0 0 0 0 0 0 0 0 0 0 0 0 0 0 0 0 0 0.105339 0.0572719 0.0484301 0.0420674 0.0584207 0.177484 0.0678581 0.384941 0.298071 3.71076 
0.719918 0.200228 0.154834 0.141068 0.131474 0.0754834 0.0736799 0.0460489 0 0 0 0 0 0 0 0 0 0 0 0 0 0 0 0 0 0 0 0 0.108614 0.0238591 0.0795996 0.0585153 0.172468 0.188469 0.0911918 0.196534 0.57436 5.1158 
0.401206 0.431001 0.101016 0.289049 0.222039 0.0444576 0.155901 0.115186 0 0 0 0 0 0 0 0 0 0 0 0 0 0 0 0 0 0 0 0 0.161304 0.173752 0.154776 0.0361651 0.127028 0.11446 0.692861 0.120831 0.919676 3.52058 
0.217151 0.319832 0.201398 0.417984 0.241569 0.0865931 0.0417668 0.169709 0 0 0 0 0 0 0 0 0 0 0 0 0 0 0 0 0 0 0 0 0.020158 0.158878 0.183589 0.152286 0.224499 0.196182 0.237652 0.636712 0.709994 13.9118 
0.158226 0.100908 0.113806 0.026369 0.0848605 0.0413322 0.00668497 0.0442558 0 0 0 0 0 0 0 0 0 0 0 0 0 0 0 0 0 0 0 0 0.0407664 0.032216 0.0686182 0.0562116 0.0789142 0.106663 0.102331 0.121888 0.168681 2.28079 
0.870708 1.15599 0.346289 0.576916 0.307052 0.348808 0.197709 0.158915 0 0 0 0 0 0 0 0 0 0 0 0 0 0 0 0 0 0 0 0 0.284568 0.176614 0.262096 0.343314 0.570977 0.980358 0.847463 1.27674 3.94139 5.60456 
0.719915 0.562513 0.267464 0.318237 0.190681 0.145975 0.117738 0.0442728 0 0 0 0 0 0 0 0 0 0 0 0 0 0 0 0 0 0 0 0 0.0861999 0.095523 0.170704 0.275001 0.155597 0.235015 0.23221 0.17017 1.58921 4.4932 
0.0863451 0.00397479 0.0989423 0.107953 0.0452098 0.087126 0.0554278 0.0307323 0 0 0 0 0 0 0 0 0 0 0 0 0 0 0 0 0 0 0 0 0.0252051 0.0354803 0.10508 0.0559544 0.0684447 0.0718243 0.154999 0.12198 0.604885 2.46331 
0.147941 0.266517 0.103138 0.0516396 0.0794961 0.0914673 0.0546488 0.0881188 0 0 0 0 0 0 0 0 0 0 0 0 0 0 0 0 0 0 0 0 0.0578874 0.0813054 0.0793487 0.123228 0.145239 0.216324 0.0986408 0.0741341 0.577375 5.53274 
0.267282 0.220972 0.0730903 0.0320266 0.12309 0.0776232 0.0578133 0.0772629 0 0 0 0 0 0 0 0 0 0 0 0 0 0 0 0 0 0 0 0 0.118145 0.0582089 0.155158 0.173451 0.276403 0.102927 0.213928 0.510929 0.868738 6.26562 
0.14978 0.0728375 0.171766 0.109542 0.144939 0.068271 0.0412858 0.0775622 0 0 0 0 0 0 0 0 0 0 0 0 0 0 0 0 0 0 0 0 0.0761108 0.113251 0.147719 0.119552 0.2254 0.0280294 0.23749 0.51259 0.133774 9.86929 
0.277487 0.166178 0.0713759 0.153647 0.0315215 0.0978484 0.009555 0.0098216 0 0 0 0 0 0 0 0 0 0 0 0 0 0 0 0 0 0 0 0 0.0371684 0.0281883 0.095199 0.0319685 0.0715481 0.101013 0.38822 0.373849 0.721004 2.23899 
0.601026 0.303513 0.426614 0.135948 0.246893 0.089681 0.18102 0.153244 0 0 0 0 0 0 0 0 0 0 0 0 0 0 0 0 0 0 0 0 0.13002 0.147797 0.270652 0.0786046 0.487367 0.295659 1.0778 0.3686 0.989052 5.75546 
0.566709 0.220927 0.0992229 0.15823 0.00803804 0.0954984 0.0534742 0.05904 0 0 0 0 0 0 0 0 0 0 0 0 0 0 0 0 0 0 0 0 0.0286956 0.0453391 0.105146 0.0767238 0.116941 0.115653 0.31153 0.220732 1.14967 2.14206 
0.554225 0.249697 0.131445 0.257174 0.089242 0.0567848 0.0467117 0.0456531 0 0 0 0 0 0 0 0 0 0 0 0 0 0 0 0 0 0 0 0 0.0391061 0.0188286 0.0368662 0.166227 0.133476 0.109922 0.31558 0.574966 1.28403 4.2435 
0.0490726 0.258115 0.0370109 0.050567 0.017171 0.0840668 0.022286 0.0161912 0 0 0 0 0 0 0 0 0 0 0 0 0 0 0 0 0 0 0 0 0.0233262 0.0879278 0.0198775 0.0337852 0.0346248 0.228647 0.0377356 0.0526913 0.0838417 2.64455 
0.748423 0.265846 0.0796887 0.78168 0.326921 0.291244 0.302126 0.459461 0 0 0 0 0 0 0 0 0 0 0 0 0 0 0 0 0 0 0 0 0.267219 0.28078 0.431612 0.252625 0.296898 0.268149 0.458758 0.62918 0.381695 15.9829 
0.423131 0.212588 0.114131 0.143319 0.123774 0.0814468 0.052622 0.0972441 0 0 0 0 0 0 0 0 0 0 0 0 0 0 0 0 0 0 0 0 0.0387705 0.0943294 0.105176 0.10853 0.105043 0.121414 0.0561179 0.236159 0.528026 4.37191 
0.281108 0.299172 0.205518 0.0900701 0.055381 0.116342 0.0549548 0.0585812 0 0 0 0 0 0 0 0 0 0 0 0 0 0 0 0 0 0 0 0 0.0628047 0.00405138 0.0655192 0.102093 0.267026 0.15721 0.222442 0.335452 0.794982 5.18655 
0.789378 0.74379 0.331016 0.109978 0.269887 0.115571 0.158936 0.0667824 0 0 0 0 0 0 0 0 0 0 0 0 0 0 0 0 0 0 0 0 0.159692 0.0950132 0.165994 0.122005 0.170113 0.283762 0.204743 0.675889 0.658006 5.70802 
0.610467 0.375799 0.410602 0.223451 0.1585 0.0513076 0.134425 0.107338 0 0 0 0 0 0 0 0 0 0 0 0 0 0 0 0 0 0 0 0 0.0816781 0.0661144 0.211907 0.029346 0.0917286 0.32784 0.225948 0.365298 0.945298 2.66684 
0.325119 1.2654 0.322402 0.211666 0.119591 2.3845 0.968533 0.546159 0 0 0 0 0 0 0 0 0 0 0 0 0 0 0 0 0 0 0 0 1.05343 2.24161 0.251493 0.174756 0.317994 1.19119 0.177147 0.960807 2.29452 71.1849 
0.261471 0.31721 0.336991 0.134301 0.123273 0.157023 0.11855 0.0773815 0 0 0 0 0 0 0 0 0 0 0 0 0 0 0 0 0 0 0 0 0.0552682 0.0682152 0.118532 0.0687801 0.328189 0.0709663 0.287602 0.205694 1.26297 2.23162 
0.509851 0.47477 0.0890396 0.153151 0.0293277 0.0462579 0.0849217 0.0774255 0 0 0 0 0 0 0 0 0 0 0 0 0 0 0 0 0 0 0 0 0.0866378 0.0671875 0.070948 0.256621 0.269388 0.256038 0.289468 0.761541 1.09957 5.08762 
0.673701 0.854258 0.334984 0.131223 0.222951 0.0453594 0.17268 0.0882413 0 0 0 0 0 0 0 0 0 0 0 0 0 0 0 0 0 0 0 0 0.14448 0.130631 0.269092 0.145813 0.210325 0.0683127 0.142435 1.03388 0.0810449 4.85075 
0.168943 0.138156 0.109525 0.100433 0.0682947 0.0247597 0.0216707 0.0173807 0 0 0 0 0 0 0 0 0 0 0 0 0 0 0 0 0 0 0 0 0.0441776 0.0289287 0.0578922 0.0562176 0.0803423 0.129385 0.152376 0.176928 0.013806 3.43712 
0.160904 0.320356 0.200037 0.0801802 0.0173353 0.10211 0.0793096 0.0787483 0 0 0 0 0 0 0 0 0 0 0 0 0 0 0 0 0 0 0 0 0.0524291 0.0411303 0.0358644 0.105249 0.216594 0.075305 0.270836 0.516857 0.94783 7.02334 
0.0389664 0.275861 0.318118 0.0804808 0.121824 0.123339 0.147015 0.00808423 0 0 0 0 0 0 0 0 0 0 0 0 0 0 0 0 0 0 0 0 0.0892341 0.137536 0.319893 0.476622 0.143864 0.498421 0.446631 0.24425 1.53105 6.74331 
0.0824338 0.0751068 0.0473206 0.0209495 0.0739802 0.0523041 0.0282894 0.0425143 0 0 0 0 0 0 0 0 0 0 0 0 0 0 0 0 0 0 0 0 0.00593201 0.0463375 0.021629 0.0650738 0.0967527 0.0401887 0.0668081 0.253545 0.117794 1.82721 
1.03996 0.177183 0.230659 0.127979 0.00784557 0.244815 0.119395 0.0432891 0 0 0 0 0 0 0 0 0 0 0 0 0 0 0 0 0 0 0 0 0.0498661 0.0391722 0.0943088 0.170078 0.0815339 0.208102 0.161999 0.608787 0.632309 6.45608 
0.20146 0.286807 0.040957 0.0673482 0.0767481 0.0102947 0.0840246 0.0369854 0 0 0 0 0 0 0 0 0 0 0 0 0 0 0 0 0 0 0 0 0.0555673 0.0386547 0.027267 0.101569 0.0046664 0.0668548 0.142972 0.313173 0.171373 3.09364 
0.255678 0.558376 0.109884 0.42607 0.166665 0.198341 0.169356 0.162827 0 0 0 0 0 0 0 0 0 0 0 0 0 0 0 0 0 0 0 0 0.0676668 0.190829 0.0756248 0.168404 0.369904 0.323739 0.34697 0.564809 0.287819 5.93822 
0.492755 0.451609 0.0896301 0.202092 0.263389 0.0626501 0.141446 0.0757279 0 0 0 0 0 0 0 0 0 0 0 0 0 0 0 0 0 0 0 0 0.0439678 0.0357785 0.0114948 0.118459 0.187207 0.216081 0.0708904 0.640313 0.664746 3.70779 
0.468868 0.270374 0.204101 0.215807 0.321881 0.200138 0.280676 0.0826675 0 0 0 0 0 0 0 0 0 0 0 0 0 0 0 0 0 0 0 0 0.0549215 0.226975 0.242236 0.201409 0.393206 0.165377 0.0682005 0.130339 1.24826 5.56515 
0.199411 0.0480182 0.0329826 0.0729988 0.0743853 0.138055 0.0265923 0.0705833 0 0 0 0 0 0 0 0 0 0 0 0 0 0 0 0 0 0 0 0 0.0391117 0.0818724 0.0155237 0.116102 0.0284445 0.058212 0.248389 0.139398 0.618769 1.44675 
1.87014 0.920731 0.477154 0.794006 0.808538 0.621127 0.597536 0.672428 0 0 0 0 0 0 0 0 0 0 0 0 0 0 0 0 0 0 0 0 0.570093 0.38587 0.462786 0.490257 0.832582 0.921155 1.40528 1.43731 2.85501 12.901 
0.769751 2.79965 0.42033 0.782738 0.430891 1.60124 0.445535 0.268209 0 0 0 0 0 0 0 0 0 0 0 0 0 0 0 0 0 0 0 0 0.511426 1.51647 0.482606 0.780306 0.500175 2.50363 0.820979 1.15177 1.90622 56.2481 
0.861348 0.16578 0.361545 0.016653 0.203181 0.0253381 0.153582 0.0167847 0 0 0 0 0 0 0 0 0 0 0 0 0 0 0 0 0 0 0 0 0.164741 0.0616884 0.213373 0.041563 0.243256 0.0688265 0.335398 0.217627 0.998727 1.28376 
0.207711 0.291521 0.199687 0.207226 0.102712 0.102536 0.0902041 0.0224625 0 0 0 0 0 0 0 0 0 0 0 0 0 0 0 0 0 0 0 0 0.0729136 0.178112 0.108288 0.175199 0.175825 0.199839 0.188881 0.517266 0.667216 4.85537 
0.641415 0.628964 0.228935 0.0881537 0.285331 0.17158 0.136514 0.167444 0 0 0 0 0 0 0 0 0 0 0 0 0 0 0 0 0 0 0 0 0.126805 0.163355 0.136709 0.1823 0.280636 0.167857 0.372375 0.911438 0.810566 3.00998 
0.13884 0.209471 0.236718 0.0434129 0.0167338 0.117262 0.106953 0.067353 0 0 0 0 0 0 0 0 0 0 0 0 0 0 0 0 0 0 0 0 0.0927417 0.0993485 0.096571 0.113283 0.0767954 0.0579601 0.2984 0.222121 0.0787899 5.63175 
0.458808 0.056348 0.0808859 0.0993839 0.196051 0.0889868 0.105766 0.0530335 0 0 0 0 0 0 0 0 0 0 0 0 0 0 0 0 0 0 0 0 0.154375 0.0693675 0.119156 0.0340324 0.302513 0.165285 0.105368 0.444127 0.455424 5.45469 
0.207025 0.125388 0.505197 0.223029 0.0483693 0.184409 0.0399605 0.178576 0 0 0 0 0 0 0 0 0 0 0 0 0 0 0 0 0 0 0 0 0.198893 0.226248 0.0781251 0.281864 0.144269 0.640179 0.492561 0.374294 0.851831 13.9012 
1.14211 0.676704 1.06665 0.432117 0.491532 0.265959 0.308076 0.257029 0 0 0 0 0 0 0 0 0 0 0 0 0 0 0 0 0 0 0 0 0.371169 0.509812 0.665651 0.258448 0.321445 0.573661 0.798045 1.8444 3.89439 8.95474 
0.165689 0.112767 0.109308 0.0369 0.0783452 0.0386792 0.0468392 0.0732878 0 0 0 0 0 0 0 0 0 0 0 0 0 0 0 0 0 0 0 0 0.0341821 0.0531137 0.0445037 0.0382703 0.044324 0.113353 0.11844 0.111246 0.18121 3.46067 
0.30721 0.574893 0.834894 1.12326 0.832389 0.0409373 0.118053 0.662759 0 0 0 0 0 0 0 0 0 0 0 0 0 0 0 0 0 0 0 0 0.263324 0.373323 0.305796 0.791432 0.230083 0.755639 1.83777 2.49583 7.85062 19.663 
0.610817 0.586973 0.257154 0.362394 0.290703 0.309565 0.267214 0.235518 0 0 0 0 0 0 0 0 0 0 0 0 0 0 0 0 0 0 0 0 0.115882 0.171513 0.234993 0.297799 0.349779 0.256439 0.448114 0.7323 1.98865 7.37571 
0.774979 0.464641 0.281686 0.0256291 0.0286893 0.124048 0.0830314 0.115186 0 0 0 0 0 0 0 0 0 0 0 0 0 0 0 0 0 0 0 0 0.0797491 0.0347772 0.0815577 0.136041 0.0216308 0.0395649 0.319437 0.89519 1.2722 1.13222 
0.171846 0.546142 0.29169 0.277461 0.362103 0.146597 0.0962172 0.223994 0 0 0 0 0 0 0 0 0 0 0 0 0 0 0 0 0 0 0 0 0.240872 0.11253 0.208232 0.122018 0.181359 0.420788 0.711007 1.23511 1.71929 5.47602 
0.514923 0.320413 0.171091 0.123077 0.151443 0.0559945 0.116476 0.108657 0 0 0 0 0 0 0 0 0 0 0 0 0 0 0 0 0 0 0 0 0.236194 0.0829334 0.159046 0.108761 0.335233 0.487307 0.664802 0.369947 0.631113 9.7473 
0.808374 0.118329 0.193923 0.459886 0.303406 0.233739 0.0950773 0.252813 0 0 0 0 0 0 0 0 0 0 0 0 0 0 0 0 0 0 0 0 0.0710089 0.193569 0.373825 0.379395 0.410391 0.318147 0.488365 0.478403 3.18158 8.85083 
1.06938 0.556301 0.509957 0.236532 0.329667 0.429777 0.0911222 0.476974 0 0 0 0 0 0 0 0 0 0 0 0 0 0 0 0 0 0 0 0 0.0403809 0.206717 0.334358 0.270305 0.630787 0.827813 0.653165 1.83225 1.93546 14.2665 
0.769695 0.0471642 0.271527 0.308921 0.188081 0.142079 0.146228 0.0407434 0 0 0 0 0 0 0 0 0 0 0 0 0 0 0 0 0 0 0 0 0.111642 0.117887 0.197804 0.218634 0.0544733 0.326524 0.132125 0.400197 1.09839 2.57031 
0.199534 0.439836 0.459821 0.0889048 0.324135 0.144546 0.137681 0.124085 0 0 0 0 0 0 0 0 0 0 0 0 0 0 0 0 0 0 0 0 0.145904 0.139601 0.156268 0.0958131 0.252716 0.256927 0.529019 0.772794 0.728025 12.3345 
0.465228 0.239091 0.0591165 0.0612245 0.264574 0.0174608 0.0960402 0.104311 0 0 0 0 0 0 0 0 0 0 0 0 0 0 0 0 0 0 0 0 0.0124846 0.144193 0.0850303 0.160123 0.222963 0.0882566 0.036218 0.225457 0.384907 4.46212 
0.239178 0.0906373 0.231612 0.0871743 0.158319 0.0824236 0.0814616 0.0275087 0 0 0 0 0 0 0 0 0 0 0 0 0 0 0 0 0 0 0 0 0.0123721 0.0554551 0.10679 0.17861 0.150784 0.255197 0.234925 0.317987 0.782303 2.40786 
1.62655 0.971908 0.807771 0.643353 0.465112 0.195734 0.0673276 0.287841 0 0 0 0 0 0 0 0 0 0 0 0 0 0 0 0 0 0 0 0 0.124658 0.15202 0.265129 0.143671 0.426905 0.342269 1.68662 0.859033 4.07741 21.5596 
0.864411 0.211233 0.315698 0.0831533 0.105848 0.27501 0.0799234 0.0641697 0 0 0 0 0 0 0 0 0 0 0 0 0 0 0 0 0 0 0 0 0.11045 0.126291 0.155378 0.277932 0.249769 0.283446 0.43313 0.447262 0.860528 3.0749 
0.436508 0.298329 0.120872 0.108596 0.122441 0.0995142 0.110228 0.214279 0 0 0 0 0 0 0 0 0 0 0 0 0 0 0 0 0 0 0 0 0.0465409 0.299982 0.0137351 0.197711 0.287551 0.117913 0.70791 0.301946 0.889517 3.36133 
0.0189851 0.111408 0.181602 0.0471881 0.0816148 0.0571849 0.00248013 0.0823036 0 0 0 0 0 0 0 0 0 0 0 0 0 0 0 0 0 0 0 0 0.0896497 0.0540555 0.0331826 0.050771 0.151822 0.106769 0.134912 0.412363 0.297542 5.52438 
1.64776 2.20507 0.272423 0.353949 0.262391 0.817781 0.590478 0.408448 0 0 0 0 0 0 0 0 0 0 0 0 0 0 0 0 0 0 0 0 0.286499 0.0600924 0.189843 0.0936692 0.584774 0.900378 1.9026 2.73239 1.34961 8.16776 
0.0289853 0.313315 0.340322 0.0626104 0.205572 0.207912 0.0324227 0.067737 0 0 0 0 0 0 0 0 0 0 0 0 0 0 0 0 0 0 0 0 0.0667187 0.0858307 0.208107 0.230856 0.122466 0.167936 0.220266 0.361544 0.723017 2.25748 
0.0883136 0.336132 0.0222564 0.0955742 0.0787625 0.0627671 0.045103 0.0371401 0 0 0 0 0 0 0 0 0 0 0 0 0 0 0 0 0 0 0 0 0.0642608 0.0557859 0.0947663 0.0252757 0.0995392 0.164098 0.271859 0.139739 0.329618 2.43704 
0.666645 1.14362 2.01981 0.415559 0.629482 0.193546 0.661813 0.27257 0 0 0 0 0 0 0 0 0 0 0 0 0 0 0 0 0 0 0 0 0.343768 0.624137 1.19098 1.49213 2.32327 1.11856 0.493226 2.11455 2.84538 11.2859 
0.318309 0.0536763 0.17899 0.0933144 0.0482397 0.0923258 0.0960855 0.0214992 0 0 0 0 0 0 0 0 0 0 0 0 0 0 0 0 0 0 0 0 0.0665762 0.0964441 0.0164319 0.0536169 0.0557506 0.0552135 0.152405 0.149763 0.358426 1.92143 
0.910384 0.610607 0.295926 0.331809 0.0437019 0.270521 0.10788 0.147223 0 0 0 0 0 0 0 0 0 0 0 0 0 0 0 0 0 0 0 0 0.0569297 0.295956 0.150051 0.144005 0.330002 0.248565 0.259242 0.793149 0.582509 9.42424 