0.442496 0.142034 0.110932 0.10204 0.0807113 0.0406987 0.0457076 0.0525993 0 0 0 0 0 0 0 0 0 0 0 0 0 0 0 0 0 0 0 0 0.0468905 0.0554379 0.0649143 0.0875047 0.10512 0.0918021 0.402973 0.773589 0.835816 3.06925 
5.3276 0.648554 1.46237 1.15947 0.308286 0.407149 1.0607 0.401578 0 0 0 0 0 0 0 0 0 0 0 0 0 0 0 0 0 0 0 0 1.42478 0.828151 0.95313 1.075 2.2414 2.47369 2.60458 2.70356 5.83752 10.6464 
0.638343 0.252705 0.331523 0.207955 0.119587 0.0706786 0.0694364 0.0385418 0 0 0 0 0 0 0 0 0 0 0 0 0 0 0 0 0 0 0 0 0.407026 0.304065 0.197947 0.275705 0.0614154 0.133606 0.26589 0.298434 1.66212 4.4158 
1.81976 0.654689 0.76246 0.0992324 0.509224 0.224918 0.0741332 0.271211 0 0 0 0 0 0 0 0 0 0 0 0 0 0 0 0 0 0 0 0 0.0990287 0.163365 0.27966 0.549269 0.326095 0.191782 0.403141 1.0287 2.6162 6.33415 
0.0898091 0.0887147 0.0289529 0.0294483 0.0313804 0.0266694 0.0324451 0.0334404 0 0 0 0 0 0 0 0 0 0 0 0 0 0 0 0 0 0 0 0 0.0385848 0.0574061 0.0885 0.0933132 0.12921 0.150937 0.172006 0.291018 0.251472 1.72195 
0.0841447 0.0496671 0.0662033 0.0630594 0.0349985 0.0374264 0.017397 0.0132385 0 0 0 0 0 0 0 0 0 0 0 0 0 0 0 0 0 0 0 0 0.0164504 0.0226158 0.0310607 0.0439191 0.0255409 0.0392003 0.0246624 0.135887 0.190231 1.59607 
0.586917 0.348529 0.274453 0.246543 0.232859 0.177045 0.170889 0.151295 0 0 0 0 0 0 0 0 0 0 0 0 0 0 0 0 0 0 0 0 0.149896 0.167422 0.215477 0.16312 0.22518 0.326035 0.281291 0.479883 0.685355 1.13255 
0.316593 0.298279 0.445771 0.20787 0.181483 0.203457 0.237183 0.197861 0 0 0 0 0 0 0 0 0 0 0 0 0 0 0 0 0 0 0 0 0.140851 0.274014 0.0899989 0.236751 0.315966 0.264168 0.406493 0.246652 0.889414 3.80386 
0.512073 0.26711 0.239193 0.0438355 0.0509657 0.058498 0.0157 0.030024 0 0 0 0 0 0 0 0 0 0 0 0 0 0 0 0 0 0 0 0 0.0214429 0.0300673 0.0602521 0.0270464 0.115878 0.14562 0.226794 0.47445 0.456001 2.15255 
0.44594 0.195878 0.104268 0.236944 0.0938001 0.130659 0.0509496 0.11581 0 0 0 0 0 0 0 0 0 0 0 0 0 0 0 0 0 0 0 0 0.0676793 0.041539 0.194865 0.0303253 0.097189 0.152241 0.0268227 0.241895 0.351523 3.39797 
0.0969325 0.126059 0.0502357 0.0981545 0.10737 0.0166179 0.0546414 0.0330591 0 0 0 0 0 0 0 0 0 0 0 0 0 0 0 0 0 0 0 0 0.0277024 0.012339 0.00246929 0.140952 0.0548126 0.133231 0.196771 0.0564145 0.239496 1.99527 
0.238866 0.567994 0.181622 0.23665 0.123844 0.0300849 0.107763 0.0688006 0 0 0 0 0 0 0 0 0 0 0 0 0 0 0 0 0 0 0 0 0.102545 0.101318 0.0413597 0.108874 0.195376 0.206979 0.174369 0.658011 0.290468 2.40207 
0.0758149 0.108926 0.0845951 0.101352 0.0745624 0.0679049 0.0499378 0.0398127 0 0 0 0 0 0 0 0 0 0 0 0 0 0 0 0 0 0 0 0 0.0275981 0.0329852 0.0355989 0.0420758 0.0928623 0.0115463 0.191689 0.303916 0.461812 2.85859 
0.453189 0.43852 0.414678 0.0982351 0.228861 0.26095 0.155023 0.0657644 0 0 0 0 0 0 0 0 0 0 0 0 0 0 0 0 0 0 0 0 0.168149 0.126789 0.211463 0.160727 0.286284 0.366992 0.197578 0.437526 1.04085 1.94372 
0.522288 0.857185 0.423097 0.248833 0.149151 0.192048 0.346147 0.129128 0 0 0 0 0 0 0 0 0 0 0 0 0 0 0 0 0 0 0 0 0.226967 0.28798 0.257156 0.386175 0.068682 0.408497 0.279709 1.27771 0.692964 4.63652 
0.549643 0.415175 0.243351 0.191876 0.158907 0.163635 0.12695 0.102831 0 0 0 0 0 0 0 0 0 0 0 0 0 0 0 0 0 0 0 0 0.150276 0.146154 0.17356 0.222354 0.276213 0.25971 0.382059 0.522013 0.731511 1.88805 
0.757943 0.289417 0.186074 0.106303 0.23462 0.0369687 0.114902 0.0796192 0 0 0 0 0 0 0 0 0 0 0 0 0 0 0 0 0 0 0 0 0.103462 0.106822 0.113346 0.0476212 0.217737 0.104733 0.149203 0.319875 1.21016 1.45011 
1.07649 0.688388 0.839369 0.148166 0.452114 0.028517 0.0551231 0.114249 0 0 0 0 0 0 0 0 0 0 0 0 0 0 0 0 0 0 0 0 0.10423 0.193593 0.200273 0.103125 0.0672697 0.171927 0.354457 0.232549 1.02222 4.83897 
0.44506 0.285622 0.217865 0.192583 0.204582 0.132224 0.110202 0.0845284 0 0 0 0 0 0 0 0 0 0 0 0 0 0 0 0 0 0 0 0 0.123958 0.159503 0.156477 0.15216 0.195431 0.208157 0.324846 0.394928 0.517968 1.42168 
1.12008 0.635881 0.442126 0.170327 0.162534 0.0714243 0.0958241 0.038012 0 0 0 0 0 0 0 0 0 0 0 0 0 0 0 0 0 0 0 0 0.197473 0.157344 0.191375 0.122944 0.134461 0.320374 0.514186 1.08877 1.54554 2.96031 
0.585881 0.278964 0.165395 0.157096 0.155705 0.0987296 0.165269 0.146137 0 0 0 0 0 0 0 0 0 0 0 0 0 0 0 0 0 0 0 0 0.0628124 0.0544531 0.0785493 0.105716 0.11911 0.227717 0.358783 0.653591 1.01988 2.43485 
0.756243 0.771772 0.0754828 0.203058 0.24899 0.215363 0.0933878 0.121085 0 0 0 0 0 0 0 0 0 0 0 0 0 0 0 0 0 0 0 0 0.119958 0.20246 0.165538 0.226389 0.19653 0.053278 0.2163 0.933147 1.40409 2.95049 
0.412001 0.119811 0.0451588 0.0670847 0.0796871 0.0313811 0.00977705 0.0300164 0 0 0 0 0 0 0 0 0 0 0 0 0 0 0 0 0 0 0 0 0.0226775 0.0128875 0.0159887 0.00995799 0.043358 0.063839 0.0712829 0.0530787 0.41673 1.33875 
1.49262 0.564077 0.208093 0.22006 0.195643 0.0633032 0.100646 0.0288709 0 0 0 0 0 0 0 0 0 0 0 0 0 0 0 0 0 0 0 0 0.0436563 0.184039 0.160986 0.0720811 0.0393974 0.173874 0.154038 0.544332 0.875678 2.69174 
0.322015 0.187158 0.195369 0.10883 0.116414 0.090963 0.0744971 0.0768459 0 0 0 0 0 0 0 0 0 0 0 0 0 0 0 0 0 0 0 0 0.0696744 0.0785848 0.0829276 0.106232 0.130281 0.134411 0.220471 0.219968 0.394853 1.08922 
0.0232933 0.195107 0.106102 0.25541 0.0685818 0.0524291 0.0327966 0.00782599 0 0 0 0 0 0 0 0 0 0 0 0 0 0 0 0 0 0 0 0 0.0656188 0.00271094 0.0430392 0.0732974 0.148859 0.118634 0.316461 0.640324 0.401069 1.81578 
0.440654 0.106154 0.175485 0.10073 0.0646824 0.092124 0.0574573 0.0283456 0 0 0 0 0 0 0 0 0 0 0 0 0 0 0 0 0 0 0 0 0.00854358 0.0411553 0.0552379 0.0560875 0.0933071 0.202292 0.194869 0.39306 0.672375 1.81135 
0.785483 0.382143 0.243062 0.287837 0.0974192 0.257359 0.231012 0.0939336 0 0 0 0 0 0 0 0 0 0 0 0 0 0 0 0 0 0 0 0 0.10288 0.242762 0.288742 0.316478 0.231691 0.399188 0.49459 0.421875 0.940748 2.07746 
0.601723 0.255173 0.048749 0.0913904 0.0463132 0.123276 0.0258997 0.0231199 0 0 0 0 0 0 0 0 0 0 0 0 0 0 0 0 0 0 0 0 0.0764866 0.0371099 0.0312586 0.130604 0.0439302 0.156578 0.26564 0.126693 0.884932 3.11076 
0.198239 0.298823 0.581046 0.348678 0.648502 0.395393 0.227471 0.145251 0 0 0 0 0 0 0 0 0 0 0 0 0 0 0 0 0 0 0 0 0.212 0.378982 0.594002 0.301504 0.346132 0.647444 1.00753 1.16874 1.10792 3.83091 
0.0446719 0.106547 0.116766 0.0613945 0.0528417 0.0473837 0.0198938 0.027049 0 0 0 0 0 0 0 0 0 0 0 0 0 0 0 0 0 0 0 0 0.0476167 0.0350632 0.0479672 0.0203461 0.0617873 0.0605046 0.122957 0.208144 0.495009 1.32218 
0.275374 0.139121 0.138164 0.0192699 0.0123644 0.00859949 0.0119397 0.0116464 0 0 0 0 0 0 0 0 0 0 0 0 0 0 0 0 0 0 0 0 0.0745928 0.0471439 0.0385254 0.110956 0.0730238 0.0821564 0.18775 0.10904 0.272064 2.32622 
0.391633 0.582185 0.331284 0.11175 0.322884 0.112695 0.198722 0.117253 0 0 0 0 0 0 0 0 0 0 0 0 0 0 0 0 0 0 0 0 0.102219 0.0954795 0.215888 0.252076 0.113002 0.388405 0.457183 0.768598 0.166369 3.90303 
0.185928 0.253179 0.101059 0.0833998 0.0407333 0.0692864 0.0107846 0.0179697 0 0 0 0 0 0 0 0 0 0 0 0 0 0 0 0 0 0 0 0 0.0213489 0.0169041 0.0149623 0.0508284 0.0502715 0.186149 0.0739957 0.107624 0.18661 2.38164 
0.38302 0.244908 0.237148 0.196664 0.0940957 0.0298582 0.0640201 0.0380229 0 0 0 0 0 0 0 0 0 0 0 0 0 0 0 0 0 0 0 0 0.0418714 0.0660127 0.0417456 0.0744544 0.0975046 0.100833 0.179489 0.376007 0.570598 2.83809 
0.456701 0.621044 0.186182 0.260729 0.195215 0.113518 0.211199 0.153333 0 0 0 0 0 0 0 0 0 0 0 0 0 0 0 0 0 0 0 0 0.217634 0.102378 0.0816461 0.0490375 0.393925 0.399 0.313003 0.572378 1.12781 4.27312 
0.284034 0.175823 0.1128 0.0355001 0.0656731 0.0269611 0.0371974 0.0112378 0 0 0 0 0 0 0 0 0 0 0 0 0 0 0 0 0 0 0 0 0.0310941 0.0218753 0.0228459 0.0651826 0.114664 0.12498 0.0775567 0.175663 0.220664 3.9701 
0.560751 0.351056 0.211093 0.261685 0.127426 0.0701137 0.209717 0.181546 0 0 0 0 0 0 0 0 0 0 0 0 0 0 0 0 0 0 0 0 0.0593109 0.173908 0.308483 0.146543 0.197253 0.313075 0.597067 0.648917 0.682318 3.12327 
0.319754 0.287154 0.106754 0.0193789 0.0336754 0.0518636 0.033407 0.0900681 0 0 0 0 0 0 0 0 0 0 0 0 0 0 0 0 0 0 0 0 0.0410503 0.0106064 0.071312 0.0709021 0.0968561 0.098292 0.10347 0.395242 0.247342 1.94649 
0.40428 0.115189 0.112828 0.13136 0.0878417 0.0735884 0.0662045 0.0536417 0 0 0 0 0 0 0 0 0 0 0 0 0 0 0 0 0 0 0 0 0.0582676 0.0627606 0.0941797 0.0885018 0.133393 0.0870395 0.146459 0.335388 0.592146 1.00833 
0.569361 0.274443 0.06158 0.275637 0.0394796 0.207069 0.191086 0.189829 0 0 0 0 0 0 0 0 0 0 0 0 0 0 0 0 0 0 0 0 0.0593205 0.320374 0.11268 0.273762 0.0868219 0.246153 0.518021 0.303863 0.953333 5.46283 
1.14667 0.444624 0.183031 0.130944 0.254114 0.0606133 0.0824942 0.0714867 0 0 0 0 0 0 0 0 0 0 0 0 0 0 0 0 0 0 0 0 0.212402 0.211695 0.101119 0.0468333 0.120656 0.537573 0.158482 0.454338 0.390526 9.92519 
0.384372 0.180137 0.177145 0.207047 0.12219 0.187486 0.124749 0.0407748 0 0 0 0 0 0 0 0 0 0 0 0 0 0 0 0 0 0 0 0 0.136481 0.12287 0.164678 0.294829 0.244635 0.220697 0.357122 0.337456 0.892296 2.54402 
2.09376 0.210856 2.5718 1.51254 0.619575 1.41074 1.2972 0.151778 0 0 0 0 0 0 0 0 0 0 0 0 0 0 0 0 0 0 0 0 0.965587 0.309087 1.10531 1.22472 0.43758 2.07649 2.67553 0.341537 7.27418 17.2274 
3.45384 2.47281 0.634279 1.35383 0.845144 0.208635 0.684888 0.844051 0 0 0 0 0 0 0 0 0 0 0 0 0 0 0 0 0 0 0 0 0.911333 0.675119 1.0124 1.11374 0.876976 1.23971 2.89983 1.44304 3.61102 17.3777 
0.138177 0.220553 0.102183 0.142577 0.132957 0.106415 0.104472 0.0598064 0 0 0 0 0 0 0 0 0 0 0 0 0 0 0 0 0 0 0 0 0.0631379 0.0420473 0.0739719 0.0880992 0.0602863 0.118767 0.376779 0.393781 0.65697 1.53233 
0.398425 0.139758 0.0782399 0.204824 0.118666 0.0340853 0.105345 0.0819595 0 0 0 0 0 0 0 0 0 0 0 0 0 0 0 0 0 0 0 0 0.0330844 0.0455306 0.0950656 0.135134 0.065757 0.203382 0.179399 0.0643031 0.46523 1.60362 
0.392839 0.213567 0.170428 0.0960096 0.0213208 0.0877229 0.063418 0.00663005 0 0 0 0 0 0 0 0 0 0 0 0 0 0 0 0 0 0 0 0 0.0316249 0.0372459 0.0560832 0.0229437 0.162453 0.0731699 0.230973 0.222759 0.44236 2.17998 
0.376262 0.311878 0.267351 0.116916 0.115346 0.109047 0.0923928 0.0827057 0 0 0 0 0 0 0 0 0 0 0 0 0 0 0 0 0 0 0 0 0.0994621 0.0909166 0.0992681 0.149868 0.135429 0.200535 0.418908 0.306525 0.489968 1.71035 
0.333573 0.135278 0.0316817 0.0562121 0.0543017 0.049431 0.0598261 0.0563532 0 0 0 0 0 0 0 0 0 0 0 0 0 0 0 0 0 0 0 0 0.0593177 0.0625627 0.0787324 0.115033 0.143007 0.18805 0.187719 0.353526 0.496095 1.86135 
0.466026 0.180076 0.202923 0.148127 0.0854268 0.0498326 0.00435576 0.0593973 0 0 0 0 0 0 0 0 0 0 0 0 0 0 0 0 0 0 0 0 0.0509312 0.0915494 0.0390148 0.026652 0.035189 0.0252567 0.192034 0.245485 0.141618 3.45074 
0.869085 1.12339 0.455364 0.337537 0.177291 0.123199 0.132409 0.186085 0 0 0 0 0 0 0 0 0 0 0 0 0 0 0 0 0 0 0 0 0.222503 0.196508 0.160986 0.0859634 0.0817859 0.403605 0.671147 1.26247 1.3148 4.87172 
0.188819 0.456604 0.165093 0.207489 0.0719679 0.067264 0.0461 0.0643517 0 0 0 0 0 0 0 0 0 0 0 0 0 0 0 0 0 0 0 0 0.0303953 0.0758659 0.0994223 0.0376509 0.21395 0.188135 0.175468 0.223473 0.243172 2.45325 
0.250276 0.179554 0.180589 0.184695 0.0918195 0.158053 0.0887869 0.0411836 0 0 0 0 0 0 0 0 0 0 0 0 0 0 0 0 0 0 0 0 0.0751219 0.0660461 0.138265 0.210947 0.200448 0.278066 0.353992 0.267222 0.933546 2.7719 
0.0920819 0.273957 0.0243153 0.0893842 0.0567711 0.0678598 0.061321 0.0122814 0 0 0 0 0 0 0 0 0 0 0 0 0 0 0 0 0 0 0 0 0.0358681 0.0295959 0.0465793 0.085445 0.0446331 0.108244 0.253237 0.074991 0.396421 1.36606 
0.428087 0.345412 0.0408413 0.218237 0.185436 0.0830739 0.152018 0.0527413 0 0 0 0 0 0 0 0 0 0 0 0 0 0 0 0 0 0 0 0 0.0617179 0.0956419 0.151691 0.207093 0.226943 0.271143 0.142967 0.452898 0.527051 1.53187 
0.359872 0.116569 0.0935185 0.132204 0.106831 0.0998972 0.0722789 0.0596436 0 0 0 0 0 0 0 0 0 0 0 0 0 0 0 0 0 0 0 0 0.0784773 0.0900662 0.106367 0.151221 0.217 0.208156 0.167797 0.217026 0.76392 2.26255 
0.158843 0.475092 0.26906 0.169411 0.137418 0.100209 0.152418 0.10852 0 0 0 0 0 0 0 0 0 0 0 0 0 0 0 0 0 0 0 0 0.0970277 0.127397 0.0179894 0.107778 0.236235 0.23867 0.238824 0.446002 0.783556 2.01799 
0.426723 0.333477 0.21502 0.0867756 0.096756 0.102937 0.0551033 0.0343542 0 0 0 0 0 0 0 0 0 0 0 0 0 0 0 0 0 0 0 0 0.0308777 0.0133541 0.0137919 0.0631169 0.102704 0.154313 0.125297 0.247436 1.13764 3.11222 
0.527635 0.35595 0.112901 0.0706295 0.0949056 0.0487673 0.0371476 0.0286258 0 0 0 0 0 0 0 0 0 0 0 0 0 0 0 0 0 0 0 0 0.0431724 0.0465465 0.0459102 0.00619384 0.081806 0.10902 0.208657 0.400823 0.233924 4.57285 
0.0585275 0.182831 0.0664501 0.0267611 0.00662564 0.00687898 0.0287773 0.00395676 0 0 0 0 0 0 0 0 0 0 0 0 0 0 0 0 0 0 0 0 0.0155627 0.02709 0.0167041 0.026667 0.0403793 0.0826312 0.155737 0.0920119 0.13397 1.73026 
0.242136 0.0577785 0.198919 0.0601821 0.013884 0.0512391 0.0395211 0.0361051 0 0 0 0 0 0 0 0 0 0 0 0 0 0 0 0 0 0 0 0 0.030206 0.0569668 0.00708373 0.11457 0.133742 0.0624861 0.183547 0.336021 0.816727 2.93743 
0.347542 0.505291 0.233336 0.318189 0.159796 0.182219 0.107629 0.158201 0 0 0 0 0 0 0 0 0 0 0 0 0 0 0 0 0 0 0 0 0.126355 0.163821 0.154021 0.244709 0.185561 0.363038 0.269533 0.722084 0.531512 2.31255 
0.279781 0.109589 0.064307 0.126756 0.121497 0.0342145 0.0389956 0.103539 0 0 0 0 0 0 0 0 0 0 0 0 0 0 0 0 0 0 0 0 0.0619227 0.0181634 0.0215036 0.0637896 0.24038 0.154948 0.263528 0.387846 0.543794 3.01903 
0.488737 0.786118 0.821337 0.317128 0.0705214 0.280929 0.248834 0.0826447 0 0 0 0 0 0 0 0 0 0 0 0 0 0 0 0 0 0 0 0 0.0855116 0.19021 0.3511 0.303729 0.16147 0.484833 0.908167 0.953618 0.5536 2.43065 
0.783103 1.73645 1.16294 0.429077 0.264062 0.272674 0.647532 0.333384 0 0 0 0 0 0 0 0 0 0 0 0 0 0 0 0 0 0 0 0 0.489083 0.148141 0.527853 0.420862 0.571642 0.305727 0.160167 1.01996 2.66823 14.9484 
0.128278 0.515387 0.433271 0.266615 0.182635 0.232997 0.0857573 0.151817 0 0 0 0 0 0 0 0 0 0 0 0 0 0 0 0 0 0 0 0 0.140514 0.217374 0.0979943 0.24138 0.22182 0.352731 0.311227 0.769236 0.499744 3.09532 
0.227196 0.153175 0.0819546 0.0338935 0.0739334 0.00785183 0.0409981 0.0279835 0 0 0 0 0 0 0 0 0 0 0 0 0 0 0 0 0 0 0 0 0.0507177 0.0303538 0.0202839 0.0281236 0.0833722 0.216834 0.0246145 0.0833101 0.239769 1.88017 
0.194611 0.12093 0.0348845 0.122763 0.0626035 0.0395514 0.0641538 0.0205803 0 0 0 0 0 0 0 0 0 0 0 0 0 0 0 0 0 0 0 0 0.0468276 0.0332627 0.0610298 0.0495473 0.0470268 0.122568 0.102423 0.361268 0.349419 2.15868 
0.279484 0.160367 0.199235 0.0203333 0.0856238 0.0650181 0.183559 0.141785 0 0 0 0 0 0 0 0 0 0 0 0 0 0 0 0 0 0 0 0 0.0325622 0.052759 0.17882 0.17445 0.100687 0.294337 0.127247 0.388056 0.862696 2.95355 
0.250331 0.144834 0.0300489 0.180203 0.0701822 0.0374907 0.0696941 0.0408233 0 0 0 0 0 0 0 0 0 0 0 0 0 0 0 0 0 0 0 0 0.0337344 0.0061158 0.0538076 0.0848958 0.156308 0.198117 0.123428 0.258343 0.263727 2.16607 
0.133533 0.153397 0.200798 0.146586 0.121666 0.114361 0.134293 0.0196436 0 0 0 0 0 0 0 0 0 0 0 0 0 0 0 0 0 0 0 0 0.0570175 0.108111 0.0770748 0.143061 0.25606 0.258434 0.300934 0.565574 0.296659 2.4761 
0.257729 0.338264 0.346865 0.20796 0.198985 0.187238 0.0837738 0.143955 0 0 0 0 0 0 0 0 0 0 0 0 0 0 0 0 0 0 0 0 0.131551 0.172825 0.153377 0.242848 0.260844 0.100136 0.41241 0.446288 1.22338 3.02592 
0.883662 1.03824 0.878137 0.206093 0.487825 0.24308 0.361427 0.264314 0 0 0 0 0 0 0 0 0 0 0 0 0 0 0 0 0 0 0 0 0.412673 0.578242 0.722949 0.828873 0.24889 1.02273 0.49413 1.11154 1.7349 6.54464 
0.498845 0.145684 0.102888 0.156475 0.0773357 0.0632784 0.0160675 0.0382151 0 0 0 0 0 0 0 0 0 0 0 0 0 0 0 0 0 0 0 0 0.0133238 0.0431084 0.0217224 0.123727 0.0130018 0.0923729 0.187596 0.213486 0.572177 2.79985 
0.210856 0.27555 0.0444312 0.0103002 0.0612071 0.0390422 0.041967 0.0412807 0 0 0 0 0 0 0 0 0 0 0 0 0 0 0 0 0 0 0 0 0.0106443 0.0377964 0.0372376 0.0241752 0.0691856 0.0142661 0.0772031 0.232229 0.283073 1.86159 
0.462357 0.192859 0.116723 0.0351897 0.156791 0.0243923 0.0556417 0.0532629 0 0 0 0 0 0 0 0 0 0 0 0 0 0 0 0 0 0 0 0 0.0276504 0.058035 0.072934 0.0478425 0.0789801 0.0421601 0.254138 0.11501 0.388887 2.0865 
0.28451 0.0416184 0.0507961 0.0681402 0.0286135 0.0444253 0.0212746 0.0191776 0 0 0 0 0 0 0 0 0 0 0 0 0 0 0 0 0 0 0 0 0.0191518 0.011198 0.0188376 0.0503334 0.0601831 0.0896567 0.0860257 0.0705419 0.191657 1.71125 
0.0829538 0.120018 0.0852566 0.0986546 0.0360747 0.0423322 0.0246339 0.0294117 0 0 0 0 0 0 0 0 0 0 0 0 0 0 0 0 0 0 0 0 0.0342802 0.0161914 0.0431727 0.0288088 0.0636859 0.0426734 0.0901446 0.269272 0.294263 2.10238 
0.235131 0.302502 0.203753 0.170754 0.146204 0.0825572 0.0879143 0.0427513 0 0 0 0 0 0 0 0 0 0 0 0 0 0 0 0 0 0 0 0 0.133721 0.111578 0.151072 0.127462 0.115609 0.197148 0.219158 0.479841 0.486789 1.68766 
0.158164 0.130925 0.013382 0.0783276 0.00538243 0.0631437 0.0496491 0.0259643 0 0 0 0 0 0 0 0 0 0 0 0 0 0 0 0 0 0 0 0 0.0123319 0.0101809 0.0469658 0.0324186 0.0937024 0.031054 0.139118 0.131859 0.272662 2.16489 
0.0680695 0.243036 0.340965 0.104805 0.0514892 0.0480947 0.017494 0.161222 0 0 0 0 0 0 0 0 0 0 0 0 0 0 0 0 0 0 0 0 0.110946 0.195732 0.145423 0.168619 0.169097 0.055485 0.207978 0.366639 1.15825 3.60085 
1.23554 1.09146 0.81633 0.0946129 0.477028 0.0296594 0.412981 0.250276 0 0 0 0 0 0 0 0 0 0 0 0 0 0 0 0 0 0 0 0 0.426257 0.14708 0.572116 0.0410774 0.49081 0.0942286 0.941868 1.49683 1.46009 5.74187 
0.242973 0.436058 0.434408 0.0705362 0.0905235 0.148088 0.190686 0.106067 0 0 0 0 0 0 0 0 0 0 0 0 0 0 0 0 0 0 0 0 0.191767 0.1347 0.231241 0.183764 0.26936 0.168755 0.45692 0.241288 0.769378 3.42179 
0.216685 0.143657 0.143523 0.0654586 0.0509267 0.0990608 0.0204241 0.0300963 0 0 0 0 0 0 0 0 0 0 0 0 0 0 0 0 0 0 0 0 0.0273677 0.0543291 0.0655683 0.0303136 0.0733904 0.11603 0.120465 0.157688 0.500164 2.58979 
0.130984 0.0173347 0.0728381 0.0449716 0.0357116 0.0258775 0.0180666 0.0101016 0 0 0 0 0 0 0 0 0 0 0 0 0 0 0 0 0 0 0 0 0.0118762 0.00645806 0.0162601 0.0211838 0.0144508 0.0336273 0.117114 0.0645393 0.15047 1.37834 
0.321046 0.502761 0.184775 0.164029 0.092998 0.0670143 0.0866497 0.0409045 0 0 0 0 0 0 0 0 0 0 0 0 0 0 0 0 0 0 0 0 0.0303809 0.0321253 0.121531 0.0576693 0.0502089 0.0850851 0.17183 0.509769 0.479501 3.66343 
0.595758 0.269966 0.124573 0.193339 0.111386 0.119764 0.0278382 0.0791659 0 0 0 0 0 0 0 0 0 0 0 0 0 0 0 0 0 0 0 0 0.100089 0.0346177 0.0568458 0.16799 0.186337 0.206309 0.0778087 0.35645 0.676487 1.93984 
0.188287 0.277844 0.301899 0.133657 0.138024 0.147292 0.0845514 0.085717 0 0 0 0 0 0 0 0 0 0 0 0 0 0 0 0 0 0 0 0 0.107312 0.125605 0.172228 0.227356 0.154128 0.136386 0.519014 0.292182 0.81594 3.38998 
0.12876 0.129592 0.0364963 0.060519 0.0495271 0.0151337 0.0066537 0.0542763 0 0 0 0 0 0 0 0 0 0 0 0 0 0 0 0 0 0 0 0 0.0415658 0.0585839 0.0429366 0.0477432 0.157597 0.0936075 0.195999 0.386607 0.203111 2.56722 
0.0454132 0.23348 0.316593 0.335863 0.128647 0.100529 0.0778377 0.106369 0 0 0 0 0 0 0 0 0 0 0 0 0 0 0 0 0 0 0 0 0.0986594 0.0800968 0.0963631 0.0930205 0.0313355 0.372596 0.390004 0.352269 0.158242 2.28027 
0.50455 0.205752 0.0687826 0.123387 0.118584 0.0665636 0.0893764 0.0738485 0 0 0 0 0 0 0 0 0 0 0 0 0 0 0 0 0 0 0 0 0.0849102 0.0852482 0.109291 0.0946985 0.130842 0.170514 0.151747 0.306998 0.678197 1.49018 
0.388598 0.148337 0.311243 0.252442 0.13754 0.0841271 0.078879 0.022142 0 0 0 0 0 0 0 0 0 0 0 0 0 0 0 0 0 0 0 0 0.052318 0.0824324 0.0577248 0.0693534 0.117824 0.222225 0.433455 0.444511 0.619041 1.49912 
0.738605 0.290317 0.159132 0.284414 0.163603 0.109188 0.0704718 0.0453595 0 0 0 0 0 0 0 0 0 0 0 0 0 0 0 0 0 0 0 0 0.0873148 0.0224869 0.0202566 0.161725 0.336245 0.282922 0.266509 0.15909 0.679308 2.06503 
0.382853 0.135585 0.0664504 0.0211985 0.0305541 0.0069846 0.0377437 0.0352936 0 0 0 0 0 0 0 0 0 0 0 0 0 0 0 0 0 0 0 0 0.0426787 0.0637698 0.0340856 0.0516945 0.0816902 0.1616 0.301239 0.301007 0.487126 2.72761 
0.164911 0.206667 0.128302 0.142827 0.0862922 0.0902012 0.0658424 0.10821 0 0 0 0 0 0 0 0 0 0 0 0 0 0 0 0 0 0 0 0 0.0750585 0.118631 0.132926 0.225945 0.187781 0.209055 0.223931 0.138396 0.602739 4.99811 
5.33255 2.8577 0.252438 1.06208 1.07275 0.60504 0.303581 0.725334 0 0 0 0 0 0 0 0 0 0 0 0 0 0 0 0 0 0 0 0 0.456754 0.859011 0.398154 1.00874 1.19934 0.914224 0.680787 2.99517 5.4761 11.4796 
0.349014 0.139872 0.0951605 0.0242251 0.0224545 0.0505843 0.086252 0.043955 0 0 0 0 0 0 0 0 0 0 0 0 0 0 0 0 0 0 0 0 0.0274032 0.0390469 0.026741 0.0754994 0.0758847 0.0770443 0.122963 0.143452 0.434128 1.8879 
0.191487 0.120917 0.0588087 0.021366 0.0661101 0.0401562 0.0541138 0.0577392 0 0 0 0 0 0 0 0 0 0 0 0 0 0 0 0 0 0 0 0 0.00583602 0.0267914 0.0400723 0.094749 0.0509987 0.0800564 0.226228 0.227332 0.23277 2.39697 
0.267538 0.237745 0.136426 0.0368689 0.0626761 0.0483333 0.0226801 0.120516 0 0 0 0 0 0 0 0 0 0 0 0 0 0 0 0 0 0 0 0 0.0480275 0.0472264 0.0512202 0.0642202 0.0703139 0.0404866 0.233897 0.239115 0.299466 2.19872 
0.407138 0.236505 0.140168 0.0657052 0.0709367 0.0644658 0.0302732 0.124006 0 0 0 0 0 0 0 0 0 0 0 0 0 0 0 0 0 0 0 0 0.142722 0.108494 0.163379 0.110998 0.0681349 0.261675 0.157311 0.270081 1.29715 4.56723 
0.161472 0.0760597 0.0440975 0.0274641 0.0305416 0.00887541 0.0194515 0.0258321 0 0 0 0 0 0 0 0 0 0 0 0 0 0 0 0 0 0 0 0 0.0265426 0.0524684 0.0608428 0.0282289 0.0463332 0.0811419 0.0337587 0.231437 0.162006 1.52615 
0.644262 0.531758 0.360815 0.292411 0.523475 0.269193 0.313026 0.258019 0 0 0 0 0 0 0 0 0 0 0 0 0 0 0 0 0 0 0 0 0.0366317 0.159731 0.427936 0.710444 0.147276 0.726171 0.76313 1.59493 2.25425 5.49441 
0.82924 0.338321 0.123932 0.25728 0.26597 0.163976 0.0699332 0.11682 0 0 0 0 0 0 0 0 0 0 0 0 0 0 0 0 0 0 0 0 0.0950718 0.0731434 0.0199171 0.09707 0.119459 0.110315 0.0841154 0.532101 1.3248 2.31282 
0.145148 0.156699 0.0376863 0.108766 0.045955 0.0608778 0.0191549 0.00675784 0 0 0 0 0 0 0 0 0 0 0 0 0 0 0 0 0 0 0 0 0.0588458 0.114032 0.154778 0.0994807 0.0827495 0.0937522 0.224397 0.307864 0.894558 1.98214 
0.197514 0.219333 0.140846 0.112665 0.0512637 0.0505043 0.0497821 0.0860528 0 0 0 0 0 0 0 0 0 0 0 0 0 0 0 0 0 0 0 0 0.0808255 0.0681935 0.0836336 0.139566 0.197242 0.178577 0.101145 0.261443 0.727655 1.88661 
0.336552 0.310975 0.0530424 0.0227569 0.0878047 0.105642 0.0437132 0.187458 0 0 0 0 0 0 0 0 0 0 0 0 0 0 0 0 0 0 0 0 0.0820512 0.319216 0.248786 0.226618 0.161649 0.24019 0.212703 0.443624 0.69023 2.71281 
0.0573474 0.123697 0.130878 0.0673432 0.0110869 0.0459339 0.0351613 0.0198016 0 0 0 0 0 0 0 0 0 0 0 0 0 0 0 0 0 0 0 0 0.0252706 0.0158364 0.0321381 0.0489309 0.0178771 0.0271334 0.0172771 0.164023 0.215233 2.02589 
0.501069 0.908091 0.565395 0.506978 0.233627 0.189139 0.391507 0.141966 0 0 0 0 0 0 0 0 0 0 0 0 0 0 0 0 0 0 0 0 0.212352 0.245693 0.480531 0.261531 0.450004 0.665289 0.157713 0.756897 1.4993 5.87605 
1.94368 0.856434 0.662774 0.402374 0.612133 0.363553 0.334952 0.326221 0 0 0 0 0 0 0 0 0 0 0 0 0 0 0 0 0 0 0 0 0.469346 0.314551 0.546664 0.460301 0.687941 0.761497 1.1917 0.92067 2.65477 6.05846 
0.699424 0.298093 0.328403 0.0243015 0.240474 0.0387573 0.12485 0.134896 0 0 0 0 0 0 0 0 0 0 0 0 0 0 0 0 0 0 0 0 0.123021 0.131696 0.134564 0.310604 0.0787544 0.365085 0.163297 0.375127 0.214547 4.41928 
0.0618672 0.0452222 0.0888785 0.0843746 0.0601504 0.0768082 0.0807124 0.0172415 0 0 0 0 0 0 0 0 0 0 0 0 0 0 0 0 0 0 0 0 0.015007 0.0215697 0.0555651 0.0814091 0.0397955 0.167095 0.241819 0.150636 0.427314 2.17494 
0.0950524 0.0498138 0.0499586 0.0246395 0.0569565 0.0384935 0.00800886 0.0276478 0 0 0 0 0 0 0 0 0 0 0 0 0 0 0 0 0 0 0 0 0.0320197 0.032117 0.0419085 0.043422 0.0663828 0.0986427 0.17926 0.236939 0.233715 1.92587 
0.659807 0.583136 0.246063 0.469583 0.39587 0.47806 0.205489 0.173502 0 0 0 0 0 0 0 0 0 0 0 0 0 0 0 0 0 0 0 0 0.184694 0.260381 0.370221 0.183504 0.380187 0.430053 1.11822 1.0114 0.641209 3.84619 
0.291565 0.354404 0.169105 0.135517 0.140741 0.0612034 0.167757 0.0866987 0 0 0 0 0 0 0 0 0 0 0 0 0 0 0 0 0 0 0 0 0.15168 0.0835243 0.165452 0.0666217 0.159926 0.122177 0.173361 0.377609 0.354414 1.81372 
0.421159 0.0831347 0.169683 0.0921134 0.189174 0.110907 0.0395863 0.0486108 0 0 0 0 0 0 0 0 0 0 0 0 0 0 0 0 0 0 0 0 0.0663621 0.0499574 0.0308601 0.101793 0.157439 0.11654 0.210848 0.137742 0.403203 1.49331 
0.515983 0.180401 0.125126 0.121527 0.116204 0.114985 0.0882126 0.0587916 0 0 0 0 0 0 0 0 0 0 0 0 0 0 0 0 0 0 0 0 0.129085 0.107224 0.1338 0.194646 0.234699 0.231059 0.30929 0.405769 0.823672 2.12726 
0.391743 0.480483 0.10259 0.254551 0.26023 0.0465396 0.187316 0.109753 0 0 0 0 0 0 0 0 0 0 0 0 0 0 0 0 0 0 0 0 0.0868891 0.163689 0.200271 0.0728564 0.113633 0.721325 0.0307896 0.616467 1.20271 4.89761 
0.193127 0.259297 0.162377 0.142808 0.241267 0.212261 0.0895804 0.0520952 0 0 0 0 0 0 0 0 0 0 0 0 0 0 0 0 0 0 0 0 0.0287436 0.0776413 0.204632 0.266207 0.175071 0.0709368 0.634506 0.237299 0.670772 4.76541 
0.507082 0.0859622 0.127613 0.152245 0.0130695 0.0241935 0.0568686 0.0428534 0 0 0 0 0 0 0 0 0 0 0 0 0 0 0 0 0 0 0 0 0.184829 0.0976015 0.182765 0.157228 0.193502 0.281837 0.240188 0.596055 0.442695 3.58631 
4.3798 0.355309 3.28609 2.25347 0.885404 0.493633 0.696592 0.768811 0 0 0 0 0 0 0 0 0 0 0 0 0 0 0 0 0 0 0 0 0.924577 0.664602 1.04942 1.78651 1.41004 1.80085 0.721473 7.34755 14.664 36.0547 
0.307046 0.172763 0.245595 0.160968 0.119305 0.11067 0.0855895 0.0946852 0 0 0 0 0 0 0 0 0 0 0 0 0 0 0 0 0 0 0 0 0.054436 0.0667403 0.117374 0.105426 0.144132 0.226297 0.205668 0.301194 0.621359 1.79549 
0.305785 0.360516 0.209606 0.060737 0.0913232 0.0128221 0.0597214 0.00936523 0 0 0 0 0 0 0 0 0 0 0 0 0 0 0 0 0 0 0 0 0.0309077 0.0387846 0.0430255 0.110844 0.0907606 0.157023 0.254262 0.133049 0.676058 3.01942 
0.210135 0.162966 0.267234 0.0947984 0.0609827 0.102072 0.0366414 0.221758 0 0 0 0 0 0 0 0 0 0 0 0 0 0 0 0 0 0 0 0 0.170235 0.27679 0.257142 0.164333 0.063811 0.0913293 0.392168 1.27348 2.51334 4.48536 
0.518441 0.326455 0.218693 0.0254428 0.143242 0.0964934 0.0923851 0.116733 0 0 0 0 0 0 0 0 0 0 0 0 0 0 0 0 0 0 0 0 0.187954 0.165569 0.0691139 0.139662 0.325137 0.436798 0.230087 0.322415 1.19686 2.63821 
0.367479 0.24959 0.0829374 0.0126382 0.0326613 0.0500262 0.0570506 0.0256686 0 0 0 0 0 0 0 0 0 0 0 0 0 0 0 0 0 0 0 0 0.0381049 0.0313043 0.0272121 0.0674065 0.0531651 0.0830982 0.161697 0.23537 0.446995 1.74182 
0.636595 0.424071 0.200878 0.0928561 0.0737007 0.112266 0.0166811 0.132108 0 0 0 0 0 0 0 0 0 0 0 0 0 0 0 0 0 0 0 0 0.02672 0.105767 0.0389621 0.0568449 0.0981837 0.218076 0.0221536 1.03514 0.603641 3.59462 
0.284642 0.180227 0.135847 0.117421 0.0856839 0.0666911 0.0634499 0.0486377 0 0 0 0 0 0 0 0 0 0 0 0 0 0 0 0 0 0 0 0 0.0822359 0.0818052 0.0834627 0.106775 0.125639 0.11832 0.192181 0.301669 0.534594 1.40404 
0.214452 0.11647 0.178728 0.156794 0.0879204 0.05111 0.0745957 0.0972116 0 0 0 0 0 0 0 0 0 0 0 0 0 0 0 0 0 0 0 0 0.0698131 0.0462367 0.0967737 0.161816 0.145586 0.187353 0.280132 0.384694 0.548696 1.89977 
0.429976 0.433848 0.319788 0.0694054 0.229358 0.184281 0.128092 0.0970046 0 0 0 0 0 0 0 0 0 0 0 0 0 0 0 0 0 0 0 0 0.13247 0.0684594 0.0842577 0.296596 0.155476 0.302462 0.109139 0.261123 2.12294 6.54461 
0.0929121 0.254034 0.234664 0.107124 0.181415 0.045341 0.16597 0.0522553 0 0 0 0 0 0 0 0 0 0 0 0 0 0 0 0 0 0 0 0 0.1502 0.247547 0.120579 0.226826 0.0644608 0.150552 0.367448 0.259629 0.238407 3.24415 
0.42706 0.213242 0.213877 0.0488474 0.167436 0.0460774 0.03588 0.0253973 0 0 0 0 0 0 0 0 0 0 0 0 0 0 0 0 0 0 0 0 0.0665214 0.0280893 0.12496 0.193692 0.0945405 0.247605 0.403472 0.643137 1.05088 2.35115 
0.111352 0.131964 0.016532 0.0342241 0.028667 0.0265998 0.0158438 0.030891 0 0 0 0 0 0 0 0 0 0 0 0 0 0 0 0 0 0 0 0 0.0181525 0.013805 0.00622834 0.033389 0.0565526 0.0476206 0.0175744 0.16883 0.294577 1.8941 
0.766858 0.228744 0.137128 0.300197 0.361133 0.282293 0.263695 0.225374 0 0 0 0 0 0 0 0 0 0 0 0 0 0 0 0 0 0 0 0 0.0422451 0.293953 0.190507 0.227425 0.396128 0.243744 0.720721 0.969174 0.965896 11.3812 
0.0582747 0.0980494 0.137665 0.269177 0.11982 0.0535361 0.0655768 0.127218 0 0 0 0 0 0 0 0 0 0 0 0 0 0 0 0 0 0 0 0 0.138293 0.0128985 0.117085 0.254981 0.309835 0.189127 0.178092 0.429693 1.30158 4.24732 
0.839235 1.79864 1.3959 1.00678 0.472684 0.814493 0.317945 0.450295 0 0 0 0 0 0 0 0 0 0 0 0 0 0 0 0 0 0 0 0 0.399883 0.736061 0.49892 0.918014 1.43913 0.666566 1.75619 0.229499 3.66668 12.6661 
0.529393 0.402394 0.197564 0.110192 0.0286058 0.042165 0.137199 0.0731158 0 0 0 0 0 0 0 0 0 0 0 0 0 0 0 0 0 0 0 0 0.152235 0.138045 0.173886 0.0477738 0.150495 0.243315 0.192058 0.534864 1.14783 2.54078 
0.507495 0.168551 0.271932 0.038162 0.133442 0.111837 0.0601548 0.0443996 0 0 0 0 0 0 0 0 0 0 0 0 0 0 0 0 0 0 0 0 0.0366075 0.0838876 0.101086 0.0392941 0.143067 0.230371 0.100359 0.136532 0.821255 2.54019 
0.358182 0.268414 0.390822 0.174392 0.0535543 0.0508807 0.113376 0.0625659 0.00187672 0.00187672 0.00187672 0.00187672 0.00187672 0.00187672 0.00187672 0.00187672 0.00187672 0.00187672 0.00187672 0.00187672 0.00187672 0.00187672 0.00187672 0.00187672 0.00187672 0.00187672 0.00187672 0.00187672 0.0797281 0.0167726 0.0230414 0.0646955 0.160352 0.145844 0.134433 0.18418 0.572271 4.18931 
0.15395 0.212145 0.12049 0.0678183 0.0886387 0.0112675 0.0533051 0.101551 0 0 0 0 0 0 0 0 0 0 0 0 0 0 0 0 0 0 0 0 0.0410303 0.059302 0.102346 0.137372 0.149285 0.203297 0.38071 0.366435 0.706452 2.25796 
0.51566 0.80771 0.604709 0.276245 0.416805 0.476683 0.159714 0.235207 0 0 0 0 0 0 0 0 0 0 0 0 0 0 0 0 0 0 0 0 0.191901 0.603594 0.157827 0.458289 0.583967 0.470556 0.716382 1.19983 1.30184 20.0553 
1.39767 1.08296 0.358995 0.373901 0.563411 0.0801225 0.270302 0.329344 0 0 0 0 0 0 0 0 0 0 0 0 0 0 0 0 0 0 0 0 0.362845 0.264941 0.436758 0.188203 0.149687 0.426584 0.397342 0.710263 0.839274 2.05162 