0.290354 0.165035 0.0811238 0.102746 0.0822112 0.0486658 0.0442985 0.0323052 0 0 0 0 0 0 0 0 0 0 0 0 0 0 0 0 0 0 0 0 0.0076795 0.0135401 0.11557 0.0619604 0.0651231 0.13239 0.0303396 0.156217 0.353471 2.83786 
0.268097 0.159252 0.0939804 0.0758112 0.0455739 0.0254358 0.0393007 0.0117922 0 0 0 0 0 0 0 0 0 0 0 0 0 0 0 0 0 0 0 0 0.016646 0.0653574 0.017528 0.160728 0.105264 0.136545 0.102051 0.39592 0.201338 1.97624 
0.528041 0.1003 0.204575 0.091274 0.0202443 0.0327268 0.0381741 0.0211882 0 0 0 0 0 0 0 0 0 0 0 0 0 0 0 0 0 0 0 0 0.0235135 0.0169684 0.0132784 0.0999333 0.0512675 0.187584 0.15234 0.133272 0.255494 1.64886 
0.289941 0.286666 0.199852 0.0455773 0.0247012 0.0725959 0.138655 0.137894 0 0 0 0 0 0 0 0 0 0 0 0 0 0 0 0 0 0 0 0 0.0263971 0.0537459 0.109971 0.148236 0.256036 0.395569 0.342697 0.567933 0.937142 3.99789 
0.503952 0.360807 0.471687 0.0787375 0.160039 0.0871576 0.0703338 0.0730084 0 0 0 0 0 0 0 0 0 0 0 0 0 0 0 0 0 0 0 0 0.0980931 0.10075 0.242955 0.38875 0.469132 0.634077 0.515214 0.150615 1.6571 2.66527 
0.529806 0.0642679 0.270158 0.236452 0.209512 0.196696 0.104553 0.13845 0 0 0 0 0 0 0 0 0 0 0 0 0 0 0 0 0 0 0 0 0.0975029 0.0510367 0.0643287 0.246246 0.124727 0.260998 0.25021 0.579886 1.34723 1.14761 
0.132305 0.187214 0.200274 0.162203 0.164125 0.158931 0.159817 0.0943406 0 0 0 0 0 0 0 0 0 0 0 0 0 0 0 0 0 0 0 0 0.112407 0.136618 0.176924 0.24751 0.311446 0.337306 0.3869 0.641301 1.10229 3.20567 
2.06373 2.38578 1.78601 0.444116 1.98036 0.606948 0.221201 0.933084 0 0 0 0 0 0 0 0 0 0 0 0 0 0 0 0 0 0 0 0 0.763441 0.911663 1.87397 0.8912 1.9031 1.90264 1.82801 2.82337 4.90873 15.3833 
3.74145 1.90885 0.701617 1.85585 1.81878 1.18569 0.975759 0.749708 0 0 0 0 0 0 0 0 0 0 0 0 0 0 0 0 0 0 0 0 1.23558 1.25456 0.78027 0.775862 0.757584 0.926249 2.00954 5.18667 9.82853 17.7844 
2.13139 0.758118 0.621423 0.588211 0.258304 0.303088 0.099022 0.0871419 0 0 0 0 0 0 0 0 0 0 0 0 0 0 0 0 0 0 0 0 0.231887 0.230951 0.359144 0.476899 0.547353 1.30749 1.05167 2.48159 3.51943 4.55853 
2.74148 1.03666 0.891543 0.70017 0.554671 0.472117 0.345177 0.213554 0 0 0 0 0 0 0 0 0 0 0 0 0 0 0 0 0 0 0 0 0.113464 0.199165 0.677494 0.703926 0.793707 0.535501 1.47975 2.16334 3.07475 18.6364 
0.40922 0.0467335 0.131923 0.45301 0.27349 0.296479 0.28805 0.159866 0 0 0 0 0 0 0 0 0 0 0 0 0 0 0 0 0 0 0 0 0.266109 0.194188 0.205769 0.204183 0.169731 0.339799 0.50683 0.292642 2.14602 4.36954 
0.627028 0.487871 0.142793 0.422067 0.441233 0.247719 0.370374 0.446354 0 0 0 0 0 0 0 0 0 0 0 0 0 0 0 0 0 0 0 0 0.297684 0.213443 0.35391 0.345984 0.334086 0.538814 1.53058 1.75571 0.861227 9.61028 
0.601861 0.506123 0.455633 0.219429 0.0357639 0.177178 0.100619 0.0551928 0 0 0 0 0 0 0 0 0 0 0 0 0 0 0 0 0 0 0 0 0.0900883 0.120337 0.0657519 0.110985 0.358611 0.0255749 0.122672 0.140517 0.206257 9.37279 
4.15554 2.6536 1.11117 1.69136 1.53293 0.494635 0.130088 0.845745 0 0 0 0 0 0 0 0 0 0 0 0 0 0 0 0 0 0 0 0 0.701473 0.811627 1.55242 0.734898 1.97584 1.44593 2.88167 2.28982 3.50383 36.8799 
0.281189 0.128348 0.100059 0.058825 0.0110988 0.0337839 0.0306199 0.035184 0 0 0 0 0 0 0 0 0 0 0 0 0 0 0 0 0 0 0 0 0.028117 0.00243788 0.0251586 0.0662329 0.0422716 0.0847292 0.108756 0.0737849 0.446874 1.78626 
0.483142 1.31234 0.477661 0.100886 0.134241 0.197224 0.135691 0.0904513 0 0 0 0 0 0 0 0 0 0 0 0 0 0 0 0 0 0 0 0 0.0541401 0.101843 0.0756663 0.171889 0.172789 0.214218 0.278352 0.411873 1.07461 12.1864 
1.5727 0.734887 0.420587 0.78696 0.163318 0.260724 0.0594464 0.296956 0 0 0 0 0 0 0 0 0 0 0 0 0 0 0 0 0 0 0 0 0.0423908 0.115442 0.1452 0.828448 0.290461 0.324345 0.404576 0.199231 2.31868 9.77879 
0.4183 0.310504 0.216495 0.191195 0.161492 0.122625 0.102666 0.0996118 0 0 0 0 0 0 0 0 0 0 0 0 0 0 0 0 0 0 0 0 0.157821 0.166671 0.184695 0.190966 0.228237 0.26441 0.317172 0.436519 0.620184 1.2843 
0.128047 0.0781706 0.0914861 0.0823722 0.141073 0.133887 0.14338 0.106108 0 0 0 0 0 0 0 0 0 0 0 0 0 0 0 0 0 0 0 0 0.0859028 0.12388 0.105727 0.167344 0.138231 0.26961 0.428421 0.480805 1.19885 4.40973 
2.29644 0.451479 0.748104 1.2671 1.17628 0.70074 0.386106 0.329733 0 0 0 0 0 0 0 0 0 0 0 0 0 0 0 0 0 0 0 0 0.617599 0.545323 0.121216 0.366724 0.38503 0.329943 0.842258 1.64752 4.23907 15.0563 
1.42466 0.904695 0.606019 0.599519 0.225843 0.345834 0.407252 0.30807 0 0 0 0 0 0 0 0 0 0 0 0 0 0 0 0 0 0 0 0 0.335552 0.468833 0.319941 0.290595 1.70918 1.96458 1.98118 4.28286 5.66178 24.2453 
0.652427 0.554172 0.679315 0.393827 0.242583 0.169374 0.224382 0.326911 0 0 0 0 0 0 0 0 0 0 0 0 0 0 0 0 0 0 0 0 0.332803 0.43142 0.173018 0.316911 0.199654 0.185702 0.148254 0.523697 2.59209 10.709 
0.358475 0.235874 0.182754 0.149718 0.0757532 0.164405 0.174096 0.223101 0 0 0 0 0 0 0 0 0 0 0 0 0 0 0 0 0 0 0 0 0.0739673 0.154866 0.321334 0.107464 0.453579 0.418984 0.241109 0.553801 1.05582 0.990002 
0.607062 0.120888 0.0710979 0.0740493 0.0330182 0.0724326 0.0694545 0.046386 0 0 0 0 0 0 0 0 0 0 0 0 0 0 0 0 0 0 0 0 0.0177033 0.0630532 0.0461537 0.147344 0.0868335 0.0521874 0.104479 0.343598 0.769276 3.27404 
1.51852 0.19227 0.431401 0.724499 0.359038 0.0523375 0.332888 0.228208 0 0 0 0 0 0 0 0 0 0 0 0 0 0 0 0 0 0 0 0 0.0495258 0.267368 0.274287 0.151366 0.403737 0.656051 0.364677 0.863764 2.94413 6.15277 
0.198954 0.238398 0.137166 0.104079 0.0486084 0.0355788 0.119539 0.11322 0 0 0 0 0 0 0 0 0 0 0 0 0 0 0 0 0 0 0 0 0.064669 0.103414 0.178 0.221355 0.296072 0.305037 0.254782 0.357197 0.754928 3.18819 
0.450724 0.606696 0.416877 0.231045 0.140027 0.114258 0.139339 0.118793 0 0 0 0 0 0 0 0 0 0 0 0 0 0 0 0 0 0 0 0 0.112117 0.0742136 0.105883 0.0869163 0.027745 0.444968 0.0738053 0.377735 0.240828 7.50042 
0.156285 0.965597 0.368098 0.0392473 0.308302 0.263651 0.190113 0.0433278 0 0 0 0 0 0 0 0 0 0 0 0 0 0 0 0 0 0 0 0 0.0772646 0.0974253 0.0562088 0.210468 0.230779 0.227536 0.14274 0.953622 1.48675 8.15274 
0.250667 0.175302 0.170132 0.175203 0.114545 0.139791 0.16191 0.0659183 0 0 0 0 0 0 0 0 0 0 0 0 0 0 0 0 0 0 0 0 0.189482 0.266835 0.270153 0.321753 0.392274 0.45028 0.533327 0.540426 1.14551 3.50469 
0.689527 0.803388 0.477766 0.307625 0.245609 0.143816 0.137759 0.25812 0 0 0 0 0 0 0 0 0 0 0 0 0 0 0 0 0 0 0 0 0.0463306 0.0420769 0.0634462 0.166052 0.129769 0.327792 0.762249 0.320071 1.43818 11.5672 
0.73332 0.305282 0.28036 0.307815 0.736129 0.186453 0.387176 0.241317 0 0 0 0 0 0 0 0 0 0 0 0 0 0 0 0 0 0 0 0 0.301527 0.502412 0.166464 0.528347 0.874753 0.700396 0.632437 1.21748 1.25798 6.96802 
0.148765 0.115243 0.0574187 0.0355335 0.0231082 0.0241416 0.0127413 0.0205942 0 0 0 0 0 0 0 0 0 0 0 0 0 0 0 0 0 0 0 0 0.0325107 0.0290069 0.0331037 0.0385236 0.0468855 0.0650921 0.0700454 0.169255 0.162657 1.14541 
0.406285 0.224977 0.162234 0.151653 0.100314 0.0264539 0.0739696 0.111301 0 0 0 0 0 0 0 0 0 0 0 0 0 0 0 0 0 0 0 0 0.0655099 0.0620489 0.0714538 0.104396 0.155892 0.220622 0.321222 0.494252 0.669599 3.03618 
0.0836343 0.385597 0.243739 0.0738224 0.0289896 0.0800194 0.104525 0.103975 0 0 0 0 0 0 0 0 0 0 0 0 0 0 0 0 0 0 0 0 0.110434 0.0637921 0.0837662 0.157496 0.156379 0.293034 0.465558 0.211511 0.161071 1.93355 
0.573144 0.360272 0.317921 0.294795 0.126426 0.0926092 0.197058 0.117835 0 0 0 0 0 0 0 0 0 0 0 0 0 0 0 0 0 0 0 0 0.17067 0.160069 0.279181 0.169885 0.313839 0.403394 0.586545 0.977305 0.964886 1.51979 
0.176473 0.25215 0.0720665 0.119419 0.0610671 0.0747723 0.0510715 0.0458952 0 0 0 0 0 0 0 0 0 0 0 0 0 0 0 0 0 0 0 0 0.0423429 0.0507036 0.0331652 0.0486333 0.0603624 0.15293 0.0981394 0.15992 0.33751 1.95096 
0.407034 0.330483 0.209086 0.19071 0.0487413 0.085778 0.0097287 0.0505256 0 0 0 0 0 0 0 0 0 0 0 0 0 0 0 0 0 0 0 0 0.0179067 0.0303586 0.0968012 0.166547 0.0809714 0.259237 0.164719 0.306548 0.73679 3.63843 
0.451491 0.510994 0.397505 0.0803111 0.137036 0.0560453 0.0610165 0.0456142 0 0 0 0 0 0 0 0 0 0 0 0 0 0 0 0 0 0 0 0 0.105581 0.123754 0.21675 0.21175 0.387117 0.496174 0.758018 0.71749 0.278226 6.70941 
0.280242 0.249218 0.158639 0.0511451 0.117775 0.0715806 0.0599074 0.0983321 0 0 0 0 0 0 0 0 0 0 0 0 0 0 0 0 0 0 0 0 0.0829015 0.14013 0.132945 0.127964 0.219805 0.10176 0.30737 0.332476 0.438615 2.47758 
0.200491 0.12143 0.111001 0.143654 0.119156 0.0329928 0.0353435 0.0184072 0 0 0 0 0 0 0 0 0 0 0 0 0 0 0 0 0 0 0 0 0.0568619 0.0582577 0.0386508 0.0390636 0.164637 0.157164 0.0764864 0.255319 0.176752 1.35121 
0.025604 0.0342593 0.04026 0.154356 0.0511086 0.161346 0.0879769 0.140833 0 0 0 0 0 0 0 0 0 0 0 0 0 0 0 0 0 0 0 0 0.13237 0.199842 0.270164 0.398838 0.279789 0.278788 0.16802 0.703514 1.21579 4.02754 
0.23688 0.216627 0.15104 0.107563 0.113808 0.0884231 0.0746707 0.0791909 0 0 0 0 0 0 0 0 0 0 0 0 0 0 0 0 0 0 0 0 0.113845 0.135605 0.147839 0.178654 0.211829 0.243521 0.328027 0.428486 0.613255 1.78353 
0.0590174 0.0150536 0.0249661 0.0257749 0.00925823 0.0304529 0.0114765 0.0291768 0 0 0 0 0 0 0 0 0 0 0 0 0 0 0 0 0 0 0 0 0.0108967 0.0131313 0.00506073 0.0355338 0.0127038 0.0848836 0.0064936 0.216645 0.0590228 1.65487 
0.301809 0.223755 0.143888 0.0609131 0.0824345 0.0227591 0.0456976 0.0194971 0 0 0 0 0 0 0 0 0 0 0 0 0 0 0 0 0 0 0 0 0.119177 0.125277 0.142949 0.11777 0.170653 0.138867 0.191985 0.220885 0.257419 0.632963 
1.3456 1.41958 0.543221 0.571178 0.696319 3.67271 0.931625 0.450838 0 0 0 0 0 0 0 0 0 0 0 0 0 0 0 0 0 0 0 0 1.02773 3.45472 0.77066 0.636265 0.327505 1.15488 1.212 1.08767 2.0364 84.0873 
1.48365 0.364353 0.692801 0.809271 0.22626 0.303024 0.217156 0.0776648 0 0 0 0 0 0 0 0 0 0 0 0 0 0 0 0 0 0 0 0 0.173361 0.223976 0.168302 0.119737 0.379058 0.415746 0.918204 0.926318 0.602938 10.7863 
13.5237 6.42093 5.99268 3.00095 3.80411 0.693762 0.751104 1.53917 0 0 0 0 0 0 0 0 0 0 0 0 0 0 0 0 0 0 0 0 2.53101 2.08485 2.78286 5.18863 3.30051 2.8994 5.15213 1.61118 9.8945 97.8188 
0.422333 0.249131 0.337827 0.358425 0.242497 0.261747 0.281247 0.198172 0 0 0 0 0 0 0 0 0 0 0 0 0 0 0 0 0 0 0 0 0.281436 0.290269 0.397984 0.519799 0.378632 0.460646 0.842254 1.22066 2.25002 9.16147 
0.204954 0.086365 0.0369265 0.0551182 0.0813584 0.112202 0.135962 0.0925597 0 0 0 0 0 0 0 0 0 0 0 0 0 0 0 0 0 0 0 0 0.129288 0.15482 0.115546 0.181545 0.206252 0.233364 0.285171 0.322702 0.781661 2.23027 
0.447938 0.359595 0.3653 0.0715112 0.130931 0.0191621 0.0887778 0.0406447 0 0 0 0 0 0 0 0 0 0 0 0 0 0 0 0 0 0 0 0 0.1402 0.212643 0.296985 0.287555 0.505085 0.485584 0.383352 0.67907 0.6637 2.50575 
0.271622 0.276119 0.0749 0.163294 0.229262 0.105992 0.0865329 0.12858 0 0 0 0 0 0 0 0 0 0 0 0 0 0 0 0 0 0 0 0 0.120675 0.109675 0.137313 0.187883 0.27617 0.13381 0.488968 0.414008 1.05771 5.09399 
0.429629 0.111723 0.0396393 0.0111542 0.0411231 0.0464636 0.029392 0.0109332 0 0 0 0 0 0 0 0 0 0 0 0 0 0 0 0 0 0 0 0 0.0379735 0.0352904 0.0656324 0.0316577 0.0306549 0.0791952 0.0632056 0.106427 0.536458 1.46939 
0.598648 0.20582 0.123651 0.0998392 0.0492148 0.182785 0.115319 0.0517002 0 0 0 0 0 0 0 0 0 0 0 0 0 0 0 0 0 0 0 0 0.0777527 0.0444279 0.11001 0.0922715 0.074594 0.0892698 0.316461 0.128951 1.26802 2.79491 
0.819153 0.69033 0.578291 0.130706 0.281604 0.189094 0.112203 0.15053 0 0 0 0 0 0 0 0 0 0 0 0 0 0 0 0 0 0 0 0 0.0561589 0.0629436 0.224615 0.232685 0.197643 0.147944 0.395193 0.385178 1.931 9.54294 
0.278145 0.467113 0.429927 0.354803 0.195283 0.137285 0.155353 0.192194 0 0 0 0 0 0 0 0 0 0 0 0 0 0 0 0 0 0 0 0 0.0878735 0.0703605 0.115827 0.280195 0.293623 0.3661 0.20061 0.886223 1.24985 5.14814 
0.260209 0.885579 0.601247 0.639558 0.230441 0.0457617 0.218373 0.14932 0 0 0 0 0 0 0 0 0 0 0 0 0 0 0 0 0 0 0 0 0.19818 0.169787 0.445916 0.491681 0.57919 0.644054 0.543924 1.26262 0.390525 6.44494 
0.298711 0.234176 0.131728 0.0560414 0.0642627 0.0505446 0.0193571 0.0540555 0 0 0 0 0 0 0 0 0 0 0 0 0 0 0 0 0 0 0 0 0.0356277 0.0546785 0.0371635 0.0384716 0.0625734 0.154409 0.106845 0.409287 0.217136 1.49101 
0.263761 0.17257 0.0455268 0.0264873 0.0330027 0.0239528 0.0414242 0.0294576 0 0 0 0 0 0 0 0 0 0 0 0 0 0 0 0 0 0 0 0 0.113371 0.108676 0.126431 0.148006 0.178612 0.210997 0.22547 0.235994 0.413984 0.747843 
0.818681 0.502425 0.115128 0.314418 0.342115 0.404704 0.341265 0.12531 0 0 0 0 0 0 0 0 0 0 0 0 0 0 0 0 0 0 0 0 0.187556 0.272635 0.425372 0.210456 0.124906 0.399858 0.212321 0.849835 2.11878 5.40079 
0.0611665 0.0677942 0.634404 0.574717 0.123841 0.227856 0.234822 0.18749 0 0 0 0 0 0 0 0 0 0 0 0 0 0 0 0 0 0 0 0 0.0581122 0.136764 0.390717 0.143949 0.243967 0.583295 0.834691 0.263488 0.677354 2.81407 
0.249252 0.0521086 0.0892404 0.0230583 0.0259525 0.00956605 0.0152109 0.0182916 0 0 0 0 0 0 0 0 0 0 0 0 0 0 0 0 0 0 0 0 0.0194366 0.0185164 0.0207736 0.00963914 0.0211767 0.026288 0.0906427 0.0545808 0.261919 1.02425 
2.14459 0.437969 0.912128 1.88427 1.03891 0.533754 0.280964 0.187645 0 0 0 0 0 0 0 0 0 0 0 0 0 0 0 0 0 0 0 0 0.91441 0.940868 0.247419 0.510398 0.877087 0.438092 0.650472 3.96351 3.56555 24.4611 
1.4035 0.256584 0.306677 0.190776 0.16809 0.0517382 0.0955491 0.0807032 0 0 0 0 0 0 0 0 0 0 0 0 0 0 0 0 0 0 0 0 0.165317 0.181595 0.164655 0.231826 0.290229 0.34044 0.658 0.504334 1.01952 6.29458 
0.415629 0.403936 0.146444 0.127929 0.19086 0.247407 0.20271 0.134147 0 0 0 0 0 0 0 0 0 0 0 0 0 0 0 0 0 0 0 0 0.0592116 0.0410196 0.0955163 0.20158 0.366525 0.508006 0.514578 0.707027 1.37126 5.22628 
0.769183 0.231069 0.367301 0.136205 0.177059 0.0876739 0.170393 0.0373431 0 0 0 0 0 0 0 0 0 0 0 0 0 0 0 0 0 0 0 0 0.0861832 0.0604736 0.156844 0.0667371 0.277993 0.103085 0.344249 0.869286 0.394336 6.0966 
1.62653 0.63957 0.279291 0.512522 0.141077 0.195796 0.131446 0.412908 0 0 0 0 0 0 0 0 0 0 0 0 0 0 0 0 0 0 0 0 0.55413 0.22099 0.179342 0.293488 0.437731 0.574233 1.00254 1.00586 1.32674 8.02485 
0.880532 0.868377 0.250224 0.154079 0.145908 0.2088 0.0825763 0.054409 0 0 0 0 0 0 0 0 0 0 0 0 0 0 0 0 0 0 0 0 0.130755 0.100055 0.141268 0.142073 0.139587 0.38017 0.446898 0.522287 1.83423 7.34382 
0.595168 0.447298 0.233584 0.119633 0.0583134 0.145007 0.197932 0.163413 0 0 0 0 0 0 0 0 0 0 0 0 0 0 0 0 0 0 0 0 0.157321 0.125416 0.0819665 0.0644933 0.241873 0.357547 0.479544 0.562284 1.04055 4.5198 
0.991174 0.887756 0.826699 1.08852 0.177746 0.448663 0.1163 0.3036 0 0 0 0 0 0 0 0 0 0 0 0 0 0 0 0 0 0 0 0 0.123035 0.184837 0.561957 0.237205 1.40238 0.901023 1.69348 2.36919 2.03853 7.42351 
0.658522 0.229603 0.33627 0.361998 0.287095 0.0921685 0.198907 0.198616 0 0 0 0 0 0 0 0 0 0 0 0 0 0 0 0 0 0 0 0 0.072405 0.228812 0.0996718 0.235679 0.359654 0.0732636 0.157273 0.68315 0.559911 5.51961 
0.227499 0.0143786 0.275758 0.330728 0.374033 0.18482 0.0478103 0.132495 0 0 0 0 0 0 0 0 0 0 0 0 0 0 0 0 0 0 0 0 0.205529 0.148463 0.218446 0.424955 0.460632 0.490199 0.267686 0.499 1.61103 5.43347 
1.09705 0.689138 0.16872 0.591442 0.920983 0.193678 0.121417 0.330313 0 0 0 0 0 0 0 0 0 0 0 0 0 0 0 0 0 0 0 0 0.281652 0.113266 0.504978 0.761886 1.02806 0.990225 0.218101 0.57582 1.36043 12.8289 
0.111788 0.0268428 0.122243 0.14505 0.0164504 0.0136248 0.0354353 0.0376279 0 0 0 0 0 0 0 0 0 0 0 0 0 0 0 0 0 0 0 0 0.0314945 0.0298724 0.0154382 0.0310212 0.0793262 0.0154012 0.157637 0.224188 0.602467 1.60863 
0.433121 0.56768 0.386486 0.230233 0.0676225 0.0574055 0.194405 0.198027 0 0 0 0 0 0 0 0 0 0 0 0 0 0 0 0 0 0 0 0 0.07242 0.200467 0.227817 0.367118 0.52321 0.606842 0.668212 0.941239 1.8676 5.80688 
0.529773 0.446578 0.753545 0.339213 0.284865 0.111924 0.108415 0.0419359 0 0 0 0 0 0 0 0 0 0 0 0 0 0 0 0 0 0 0 0 0.0624333 0.0836559 0.0216827 0.206245 0.328515 0.0955881 0.860024 0.427699 0.455419 1.83146 
0.141688 0.124768 0.136981 0.115428 0.0605822 0.0406012 0.0594296 0.046535 0 0 0 0 0 0 0 0 0 0 0 0 0 0 0 0 0 0 0 0 0.00675605 0.0742402 0.153226 0.232129 0.352712 0.461805 0.573278 0.513302 0.913453 1.65385 
1.05376 0.907592 0.812292 0.118608 0.0654585 0.0806769 0.0775705 0.291846 0 0 0 0 0 0 0 0 0 0 0 0 0 0 0 0 0 0 0 0 0.268882 0.611018 0.34011 0.137514 0.550726 2.17802 1.84037 1.02395 1.8732 13.2372 
0.558234 0.505274 0.217509 0.19879 0.177553 0.194019 0.138852 0.0476638 0 0 0 0 0 0 0 0 0 0 0 0 0 0 0 0 0 0 0 0 0.0452345 0.153004 0.121917 0.144407 0.141041 0.070093 0.0788764 0.659532 0.623379 1.66625 
0.656567 0.305395 0.214442 0.193245 0.231534 0.160663 0.173536 0.109421 0 0 0 0 0 0 0 0 0 0 0 0 0 0 0 0 0 0 0 0 0.0590705 0.0239422 0.143788 0.0915185 0.153857 0.34543 0.23671 0.600215 0.586348 4.0568 
0.631436 0.393799 0.162144 0.148004 0.185938 0.216642 0.222689 0.312277 0 0 0 0 0 0 0 0 0 0 0 0 0 0 0 0 0 0 0 0 0.106221 0.209338 0.176137 0.169473 0.0852804 0.710402 0.678796 0.611931 2.83681 10.5733 
0.213343 1.00155 0.182316 0.507545 0.563647 0.319942 0.605536 0.144314 0 0 0 0 0 0 0 0 0 0 0 0 0 0 0 0 0 0 0 0 0.143528 0.388573 0.523613 0.343613 1.03891 0.720994 1.43153 1.88756 1.4959 4.21414 
0.211207 0.82768 0.183586 0.167112 0.241574 0.0674736 0.021006 0.154366 0 0 0 0 0 0 0 0 0 0 0 0 0 0 0 0 0 0 0 0 0.160533 0.0689143 0.0581655 0.116603 0.0403163 0.546786 0.203607 0.721583 0.391712 3.66651 
0.113239 0.164796 0.0531486 0.0533345 0.0360426 0.0441169 0.0472497 0.0465561 0 0 0 0 0 0 0 0 0 0 0 0 0 0 0 0 0 0 0 0 0.11917 0.125881 0.141284 0.159537 0.13854 0.174658 0.211485 0.266628 0.287777 0.131961 
0.576293 0.181359 0.020181 0.162732 0.137163 0.0884964 0.0285969 0.105829 0 0 0 0 0 0 0 0 0 0 0 0 0 0 0 0 0 0 0 0 0.152505 0.217689 0.319017 0.153389 0.430714 0.522949 0.768246 0.23328 1.91918 1.78816 
0.457742 0.546704 0.109685 0.15708 0.068208 0.0575235 0.0130547 0.0487833 0 0 0 0 0 0 0 0 0 0 0 0 0 0 0 0 0 0 0 0 0.0888461 0.0409072 0.132404 0.0196313 0.119438 0.214147 0.174511 0.245187 0.64596 5.25762 
0.105756 0.0861405 0.0712745 0.0389263 0.090994 0.0772469 0.0908996 0.0453607 0 0 0 0 0 0 0 0 0 0 0 0 0 0 0 0 0 0 0 0 0.169256 0.2181 0.233174 0.32001 0.27695 0.337109 0.274709 0.670201 1.15679 3.4975 
0.458592 0.289354 0.216289 0.17953 0.145379 0.119926 0.102715 0.0696588 0 0 0 0 0 0 0 0 0 0 0 0 0 0 0 0 0 0 0 0 0.0873075 0.106616 0.131991 0.140295 0.167116 0.222235 0.298435 0.406264 0.582355 1.08854 
0.269444 0.0768019 0.123329 0.14572 0.140573 0.168272 0.192719 0.114851 0 0 0 0 0 0 0 0 0 0 0 0 0 0 0 0 0 0 0 0 0.100694 0.113615 0.167164 0.194165 0.268622 0.39474 0.284052 0.437227 0.574426 3.75118 
0.165408 0.121943 0.0820524 0.137574 0.14395 0.128005 0.0455271 0.0704435 0 0 0 0 0 0 0 0 0 0 0 0 0 0 0 0 0 0 0 0 0.158423 0.193703 0.213727 0.269315 0.262697 0.353016 0.34065 0.324592 0.723726 2.76923 
0.473271 0.415846 0.222474 0.0316181 0.0901439 0.168512 0.208607 0.180451 0 0 0 0 0 0 0 0 0 0 0 0 0 0 0 0 0 0 0 0 0.210542 0.177678 0.159264 0.088328 0.146686 0.240279 0.387373 0.582742 1.15699 4.91711 
4.55764 2.1492 0.893817 1.15471 1.94938 1.5244 0.917478 0.322571 0 0 0 0 0 0 0 0 0 0 0 0 0 0 0 0 0 0 0 0 0.630538 0.119577 1.3103 1.78991 1.31664 1.15642 2.64853 5.59201 7.20836 34.3095 
0.0657406 0.919615 0.0258587 0.196118 0.0218821 0.109667 0.0188056 0.0802832 0 0 0 0 0 0 0 0 0 0 0 0 0 0 0 0 0 0 0 0 0.0112427 0.0721411 0.0232763 0.172086 0.0362377 0.401333 0.0234053 0.452128 0.12041 10.3259 
0.954645 0.665834 0.230708 0.0679366 0.0757652 0.0954244 0.0721806 0.0689042 0 0 0 0 0 0 0 0 0 0 0 0 0 0 0 0 0 0 0 0 0.151039 0.173544 0.219259 0.212694 0.270391 0.561112 0.608575 0.772153 0.994847 5.9767 
9.56913 2.62909 2.05516 3.02011 1.99921 1.96216 2.35462 1.33596 0 0 0 0 0 0 0 0 0 0 0 0 0 0 0 0 0 0 0 0 0.1721 0.314628 1.29863 2.0401 3.75599 2.51716 5.43899 5.67227 9.35308 54.6633 
0.84694 0.259508 0.324856 0.250367 0.0928329 0.122477 0.116369 0.101616 0 0 0 0 0 0 0 0 0 0 0 0 0 0 0 0 0 0 0 0 0.139429 0.140859 0.304698 0.215195 0.0981817 0.374916 0.326272 0.386145 1.04538 1.83591 
1.87692 1.81437 1.48282 0.866466 0.68294 0.40391 0.106317 0.608829 0 0 0 0 0 0 0 0 0 0 0 0 0 0 0 0 0 0 0 0 0.386446 1.25064 1.13521 0.557402 0.113139 1.96796 1.05308 1.3521 4.83953 15.7 
0.101865 0.1705 0.27314 0.0916132 0.160307 0.0751481 0.0908747 0.0520593 0 0 0 0 0 0 0 0 0 0 0 0 0 0 0 0 0 0 0 0 0.090567 0.1506 0.164206 0.284435 0.290467 0.427806 0.33782 0.740092 1.11293 3.63826 
0.188573 0.272029 0.143915 0.12969 0.0875184 0.0196722 0.043925 0.0887256 0 0 0 0 0 0 0 0 0 0 0 0 0 0 0 0 0 0 0 0 0.0644045 0.0195958 0.0649624 0.0716851 0.164091 0.206673 0.101617 0.201894 0.166144 1.59654 
0.952758 0.32892 0.262981 0.656234 0.794062 0.481769 0.352796 0.177328 0 0 0 0 0 0 0 0 0 0 0 0 0 0 0 0 0 0 0 0 0.124437 0.237536 0.341923 0.385114 0.310963 0.474143 0.851568 2.353 5.24359 11.061 
0.702877 0.220655 0.321293 0.222653 0.169045 0.187632 0.108575 0.111921 0 0 0 0 0 0 0 0 0 0 0 0 0 0 0 0 0 0 0 0 0.0666926 0.0534509 0.115923 0.171523 0.173023 0.115088 0.168559 0.591302 1.34368 5.25584 
0.303679 0.24112 0.376196 0.169598 0.142288 0.129724 0.116036 0.103533 0 0 0 0 0 0 0 0 0 0 0 0 0 0 0 0 0 0 0 0 0.0189216 0.206848 0.155216 0.115616 0.172772 0.303009 0.344936 0.355004 0.489277 3.23585 
0.651652 0.553894 0.421794 0.242774 0.194661 0.101814 0.0975523 0.0669675 0 0 0 0 0 0 0 0 0 0 0 0 0 0 0 0 0 0 0 0 0.137261 0.165088 0.220113 0.0840381 0.144851 0.191424 0.55368 0.449448 0.286705 6.31064 
0.222684 0.363239 0.324382 0.290102 0.323271 0.227534 0.133132 0.0501101 0 0 0 0 0 0 0 0 0 0 0 0 0 0 0 0 0 0 0 0 0.0281528 0.0582996 0.19073 0.268939 0.379964 0.507585 0.496274 0.670652 1.11436 4.89138 
0.810615 0.923001 0.389798 1.06305 0.457174 0.504155 0.127525 0.346649 0 0 0 0 0 0 0 0 0 0 0 0 0 0 0 0 0 0 0 0 0.220947 0.304706 0.119409 0.514403 0.258759 1.10824 0.728696 0.666347 1.63511 5.95277 
1.16646 0.287915 0.279373 0.328301 0.217997 0.239542 0.25433 0.313587 0 0 0 0 0 0 0 0 0 0 0 0 0 0 0 0 0 0 0 0 0.0434226 0.205144 0.183135 0.112828 0.286399 0.112188 0.606857 0.590067 1.37127 10.1872 
0.584367 0.550817 0.790759 0.392729 0.011159 0.144425 0.0698375 0.144398 0 0 0 0 0 0 0 0 0 0 0 0 0 0 0 0 0 0 0 0 0.143791 0.129938 0.27715 0.520641 0.235902 0.361724 0.388076 1.30735 0.863011 9.88075 
0.460892 0.0697795 0.10386 0.0283041 0.103951 0.0364438 0.0392425 0.0743959 0 0 0 0 0 0 0 0 0 0 0 0 0 0 0 0 0 0 0 0 0.0416725 0.0517005 0.0402829 0.0293528 0.0762277 0.110779 0.050592 0.0535478 0.192234 1.69647 
0.295267 0.0818178 0.16479 0.0636645 0.0045335 0.0555997 0.0692205 0.00930912 0 0 0 0 0 0 0 0 0 0 0 0 0 0 0 0 0 0 0 0 0.0309544 0.0504724 0.0294563 0.0294361 0.0753834 0.0205633 0.18373 0.0468589 0.0554354 1.66559 
0.591888 0.377569 0.304622 0.0304825 0.0639472 0.204742 0.156862 0.228537 0 0 0 0 0 0 0 0 0 0 0 0 0 0 0 0 0 0 0 0 0.0961476 0.108924 0.0397271 0.0655634 0.308614 0.443015 0.40369 0.639963 1.28284 5.4433 
0.124473 0.181818 0.171907 0.0459853 0.0343874 0.0347332 0.0910643 0.127207 0 0 0 0 0 0 0 0 0 0 0 0 0 0 0 0 0 0 0 0 0.134381 0.145195 0.203154 0.220345 0.300147 0.380978 0.289795 0.502885 0.851083 3.44071 
1.61247 2.05238 1.28407 0.0421598 1.36815 0.404405 0.361483 0.691784 0 0 0 0 0 0 0 0 0 0 0 0 0 0 0 0 0 0 0 0 0.748298 0.0455266 1.40001 0.284396 1.4667 1.51864 1.02923 2.97547 3.75438 10.3032 
0.444068 0.314776 0.125655 0.130353 0.0536791 0.11769 0.0937015 0.082646 0 0 0 0 0 0 0 0 0 0 0 0 0 0 0 0 0 0 0 0 0.147034 0.157689 0.153296 0.140867 0.134144 0.103546 0.18953 0.224708 0.622046 3.64892 
0.394833 0.528113 0.13139 0.257759 0.206205 0.192455 0.122396 0.102897 0 0 0 0 0 0 0 0 0 0 0 0 0 0 0 0 0 0 0 0 0.178388 0.135642 0.188516 0.258137 0.260365 0.0635816 0.347255 0.336123 1.71688 4.49303 
0.176813 0.439422 0.353046 0.0829704 0.121576 0.245265 0.0904395 0.112288 0 0 0 0 0 0 0 0 0 0 0 0 0 0 0 0 0 0 0 0 0.181752 0.147833 0.0942981 0.310572 0.32517 0.268103 0.0565488 0.408004 2.01989 8.15495 
4.13916 1.09064 1.49313 2.01145 1.58879 1.46859 1.28534 1.12381 0 0 0 0 0 0 0 0 0 0 0 0 0 0 0 0 0 0 0 0 0.513021 0.734807 0.771581 0.469556 1.04443 1.66319 4.14796 5.78434 11.8952 29.0169 
0.466669 0.26257 0.154682 0.0887026 0.16627 0.0642876 0.0296895 0.0389449 0 0 0 0 0 0 0 0 0 0 0 0 0 0 0 0 0 0 0 0 0.031134 0.0210395 0.0417634 0.0559657 0.08543 0.0474092 0.160756 0.330225 0.604276 3.20118 
0.689919 0.15303 0.236543 0.733995 0.545277 0.490252 0.127247 0.10697 0 0 0 0 0 0 0 0 0 0 0 0 0 0 0 0 0 0 0 0 0.12131 0.136375 0.0428552 0.181404 0.35158 0.184836 0.477304 1.72833 3.11769 7.34753 
4.16485 0.499897 3.03757 2.04146 0.0617536 1.38918 1.05678 0.558264 0 0 0 0 0 0 0 0 0 0 0 0 0 0 0 0 0 0 0 0 1.52693 1.21119 0.477487 0.939844 1.76153 3.86881 3.22992 6.53724 11.6593 11.3489 
2.25129 1.79496 0.484479 0.424506 1.56633 2.0672 1.99215 0.947501 0 0 0 0 0 0 0 0 0 0 0 0 0 0 0 0 0 0 0 0 2.01977 1.36994 1.84781 0.152895 1.06785 1.66033 1.8895 0.9177 6.17735 79.2893 
0.640244 0.545442 0.509969 0.217763 0.197978 0.122141 0.0386249 0.0719391 0 0 0 0 0 0 0 0 0 0 0 0 0 0 0 0 0 0 0 0 0.11305 0.084203 0.0839902 0.0990543 0.0954132 0.150278 0.735567 0.478186 1.10728 5.60035 
2.22714 0.629681 0.830571 1.10944 0.271186 0.309585 0.195109 0.338966 0 0 0 0 0 0 0 0 0 0 0 0 0 0 0 0 0 0 0 0 0.0691011 0.189937 0.54262 0.1257 0.35009 0.280264 0.602201 0.456314 1.34141 16.9467 
0.456513 0.306303 0.369848 0.369846 0.267797 0.267388 0.305287 0.19681 0 0 0 0 0 0 0 0 0 0 0 0 0 0 0 0 0 0 0 0 0.284985 0.296921 0.409322 0.544218 0.42059 0.473052 0.815713 1.20771 2.25994 9.55309 
0.456692 0.500374 0.740518 0.392946 0.0300484 0.102941 0.0768327 0.130893 0 0 0 0 0 0 0 0 0 0 0 0 0 0 0 0 0 0 0 0 0.127354 0.0670129 0.263956 0.489955 0.179162 0.364446 0.322026 1.18831 0.95779 9.23395 
0.722266 0.197127 0.41865 0.300013 0.241404 0.177573 0.0226209 0.0825684 0 0 0 0 0 0 0 0 0 0 0 0 0 0 0 0 0 0 0 0 0.16181 0.106885 0.0839739 0.0922358 0.295877 0.244269 0.103197 0.657253 1.22662 5.09454 
2.06803 0.659088 0.859773 0.646992 0.38499 0.492833 0.247275 0.144166 0 0 0 0 0 0 0 0 0 0 0 0 0 0 0 0 0 0 0 0 0.122642 0.244596 0.380106 0.232148 0.336237 0.909864 0.886759 0.279855 1.59263 12.3409 
0.333733 0.630477 0.18554 0.0223761 0.11117 0.1335 0.0850448 0.0488885 0 0 0 0 0 0 0 0 0 0 0 0 0 0 0 0 0 0 0 0 0.0710181 0.090521 0.185658 0.103966 0.157608 0.153597 0.483712 0.143765 0.304544 3.19043 
0.596582 0.54859 0.284302 0.268302 0.167454 0.215353 0.154646 0.0674833 0 0 0 0 0 0 0 0 0 0 0 0 0 0 0 0 0 0 0 0 0.0118479 0.0337395 0.0831062 0.193842 0.293485 0.223593 0.472757 0.300875 2.27715 2.47232 
0.0527468 0.265927 0.458519 0.173706 0.0630578 0.272037 0.308043 0.30737 0 0 0 0 0 0 0 0 0 0 0 0 0 0 0 0 0 0 0 0 0.143874 0.219317 0.238523 0.48568 0.52044 0.657898 0.73897 0.92427 1.06043 8.27708 
0.635353 0.575062 0.32056 0.155756 0.155086 0.108612 0.184337 0.121106 0 0 0 0 0 0 0 0 0 0 0 0 0 0 0 0 0 0 0 0 0.113396 0.166886 0.195301 0.251687 0.320519 0.600976 0.634431 0.904322 1.46934 6.50317 
0.49681 0.121806 0.101156 0.102193 0.118967 0.0858915 0.0958391 0.0642753 0 0 0 0 0 0 0 0 0 0 0 0 0 0 0 0 0 0 0 0 0.0796779 0.0917611 0.115082 0.0793079 0.130333 0.123697 0.150714 0.175777 0.155008 1.45907 
3.64978 1.22464 0.435615 1.03401 1.39209 1.29869 0.579208 0.0982901 0 0 0 0 0 0 0 0 0 0 0 0 0 0 0 0 0 0 0 0 0.416796 0.206988 0.451157 0.693027 1.13279 0.243964 1.63645 4.28849 7.93378 13.5453 
0.378195 0.11675 0.0951823 0.0819154 0.11064 0.0882799 0.0589059 0.0467943 0 0 0 0 0 0 0 0 0 0 0 0 0 0 0 0 0 0 0 0 0.00726988 0.0181498 0.0521167 0.0520157 0.0744468 0.0578864 0.0858377 0.128589 0.543391 1.65233 
0.118995 0.35649 0.168094 0.276105 0.150655 0.095195 0.0244093 0.0338894 0 0 0 0 0 0 0 0 0 0 0 0 0 0 0 0 0 0 0 0 0.0411163 0.0424709 0.0405752 0.0376539 0.217866 0.118169 0.306344 0.0367257 0.0889955 1.55298 
0.998317 0.594686 0.438672 0.43451 0.0470763 0.0994686 0.129078 0.0876764 0 0 0 0 0 0 0 0 0 0 0 0 0 0 0 0 0 0 0 0 0.048857 0.0978023 0.105256 0.226438 0.409922 0.495479 0.154605 0.96359 1.73626 6.71162 
0.329476 0.0407259 0.166967 0.120113 0.197852 0.0278177 0.0522045 0.0973863 0 0 0 0 0 0 0 0 0 0 0 0 0 0 0 0 0 0 0 0 0.0729512 0.100538 0.0991118 0.144627 0.174129 0.138604 0.0792449 0.260061 0.180179 1.93973 
0.383442 0.290458 0.267846 0.308745 0.193149 0.0762812 0.0281409 0.0178536 0 0 0 0 0 0 0 0 0 0 0 0 0 0 0 0 0 0 0 0 0.0772453 0.0241468 0.017381 0.045019 0.159445 0.286104 0.3647 0.435618 0.538522 1.43333 
0.747963 0.524398 0.277373 0.297108 0.0986385 0.126273 0.193149 0.0900154 0 0 0 0 0 0 0 0 0 0 0 0 0 0 0 0 0 0 0 0 0.115899 0.108532 0.271191 0.255479 0.0922817 0.217991 0.616047 0.66084 1.31581 6.31943 
1.25123 0.950968 0.621522 1.13815 0.444297 0.27774 0.136458 0.172686 0 0 0 0 0 0 0 0 0 0 0 0 0 0 0 0 0 0 0 0 0.279453 0.0740408 0.0462303 0.353759 0.402134 1.35966 0.461551 1.07034 1.86613 2.80723 
0.0687186 0.23347 0.374304 0.0704106 0.17871 0.0682197 0.0849764 0.0596734 0 0 0 0 0 0 0 0 0 0 0 0 0 0 0 0 0 0 0 0 0.171312 0.0460347 0.0757462 0.164509 0.0579896 0.325362 0.279001 0.607617 0.906315 2.95086 
0.615651 0.538112 0.513816 0.32079 0.22576 0.243159 0.204171 0.191903 0 0 0 0 0 0 0 0 0 0 0 0 0 0 0 0 0 0 0 0 0.256477 0.345041 0.4055 0.498677 0.571451 0.699988 0.775077 0.881307 0.945187 1.06852 
0.178847 0.776977 0.197378 0.196171 0.238804 0.0780856 0.0380059 0.165403 0 0 0 0 0 0 0 0 0 0 0 0 0 0 0 0 0 0 0 0 0.127394 0.0904635 0.0346065 0.123198 0.0337019 0.523674 0.170785 0.720523 0.295988 3.52514 
0.719839 0.0830651 0.642016 0.316493 0.17033 0.0757289 0.272216 0.174809 0 0 0 0 0 0 0 0 0 0 0 0 0 0 0 0 0 0 0 0 0.219382 0.370107 0.0385506 0.169429 0.142845 0.370243 0.176857 0.0850684 1.70884 4.51047 
1.67921 0.326734 0.286042 0.263296 0.132224 0.170202 0.104371 0.0941932 0 0 0 0 0 0 0 0 0 0 0 0 0 0 0 0 0 0 0 0 0.297183 0.435466 0.515855 0.405892 0.633055 0.579539 0.241209 0.777044 1.91012 9.37276 
0.586842 0.411606 0.346979 0.0184058 0.943083 1.86 2.57118 2.91995 0 0 0 0 0 0 0 0 0 0 0 0 0 0 0 0 0 0 0 0 15.4362 1 0.586842 0.411606 0.346979 0.0184058 0.943083 1.86 2.57118 2.91995 
0.202413 0.061581 0.0180417 0.0166234 0.0381447 0.0234745 0.0118549 0.0236808 0 0 0 0 0 0 0 0 0 0 0 0 0 0 0 0 0 0 0 0 0.0118544 0.0244106 0.00436605 0.0125519 0.0398412 0.0236934 0.0441026 0.0662779 0.231783 1.23439 
0.374745 1.51621 0.180282 0.338763 0.207125 0.10518 0.234288 0.184538 0 0 0 0 0 0 0 0 0 0 0 0 0 0 0 0 0 0 0 0 0.140021 0.0410837 0.074951 0.154199 0.298259 0.447632 0.24436 0.967368 1.12441 14.5619 
0.438039 0.335359 0.274219 0.165836 0.111232 0.0640881 0.0429214 0.0401351 0 0 0 0 0 0 0 0 0 0 0 0 0 0 0 0 0 0 0 0 0.0219162 0.0630337 0.0966132 0.162907 0.210398 0.239555 0.411949 0.738686 1.41566 3.14215 
0.468565 0.561998 0.520352 0.196543 0.239676 0.095052 0.0658859 0.118819 0 0 0 0 0 0 0 0 0 0 0 0 0 0 0 0 0 0 0 0 0.166711 0.211971 0.193823 0.197739 0.305067 0.588456 0.459505 0.493097 0.827465 4.38957 
1.69675 1.32687 0.343432 0.576063 0.633744 2.46092 1.27221 0.578842 0 0 0 0 0 0 0 0 0 0 0 0 0 0 0 0 0 0 0 0 1.39628 2.26666 1.00858 0.689896 0.637696 1.39835 1.04366 2.03174 4.49533 88.276 
0.423739 0.386995 0.113227 0.160807 0.126953 0.0367625 0.0842656 0.0915637 0 0 0 0 0 0 0 0 0 0 0 0 0 0 0 0 0 0 0 0 0.0689032 0.0448881 0.0672771 0.105661 0.119812 0.0434033 0.12404 0.206168 0.408528 2.84795 
0.0991676 0.143587 0.103885 0.0815501 0.0295181 0.0507108 0.101856 0.0342547 0 0 0 0 0 0 0 0 0 0 0 0 0 0 0 0 0 0 0 0 0.0338392 0.054063 0.0578594 0.0332984 0.0220006 0.302486 0.184341 0.169507 0.552894 4.76766 
0.392664 0.253514 0.138058 0.0809285 0.190847 0.0775708 0.151874 0.170059 0 0 0 0 0 0 0 0 0 0 0 0 0 0 0 0 0 0 0 0 0.0219049 0.0574124 0.0906264 0.117023 0.220756 0.253948 0.325276 0.56714 1.317 4.63365 
0.868898 0.665801 0.999748 0.247122 0.258058 0.781184 0.0521536 0.117558 0 0 0 0 0 0 0 0 0 0 0 0 0 0 0 0 0 0 0 0 0.108877 0.202918 0.246149 0.202122 0.178498 0.430942 0.739152 0.665802 3.86541 4.82662 
1.63362 1.87737 2.31199 0.655298 0.160033 0.825327 0.365117 0.479742 0 0 0 0 0 0 0 0 0 0 0 0 0 0 0 0 0 0 0 0 0.991587 0.715924 0.524072 1.04456 1.1863 1.42398 1.38081 3.40388 6.53882 17.8246 
3.48213 0.81495 0.677963 0.748602 0.55673 0.481716 0.529837 0.510345 0 0 0 0 0 0 0 0 0 0 0 0 0 0 0 0 0 0 0 0 0.32682 0.686664 0.65971 0.514225 1.05421 0.933156 1.99951 2.44115 4.66618 4.26055 
0.945961 0.685427 0.0255443 0.110112 0.160027 0.301149 0.13761 0.11746 0 0 0 0 0 0 0 0 0 0 0 0 0 0 0 0 0 0 0 0 0.0629575 0.0920266 0.0441461 0.0872859 0.0283268 0.450151 0.593774 0.530193 0.852523 6.65833 
0.365277 0.131752 0.0578358 0.0495107 0.0958793 0.072665 0.0912202 0.134062 0 0 0 0 0 0 0 0 0 0 0 0 0 0 0 0 0 0 0 0 0.0780828 0.0290772 0.119804 0.0820058 0.151231 0.364052 0.479285 0.782251 1.4965 1.60434 
1.68737 0.287704 0.830845 0.470352 0.644378 0.0692186 0.507019 0.536403 0 0 0 0 0 0 0 0 0 0 0 0 0 0 0 0 0 0 0 0 0.551666 0.458001 0.833518 0.498797 0.951751 0.476159 0.75655 0.601133 3.02535 13.515 
0.338986 0.0481549 0.166237 0.268524 0.144777 0.0792069 0.144995 0.0610419 0 0 0 0 0 0 0 0 0 0 0 0 0 0 0 0 0 0 0 0 0.0482519 0.070611 0.0768613 0.24221 0.162352 0.122686 0.201648 0.427248 0.262695 4.74218 
0.66908 0.15111 0.0983998 0.289921 0.240706 0.0709219 0.14261 0.0403137 0 0 0 0 0 0 0 0 0 0 0 0 0 0 0 0 0 0 0 0 0.0345027 0.0963906 0.189115 0.0401432 0.353684 0.269011 0.0945439 0.0845653 0.29235 3.21527 
0.368928 0.152386 0.182298 0.0576753 0.0652132 0.27606 0.183461 0.117985 0 0 0 0 0 0 0 0 0 0 0 0 0 0 0 0 0 0 0 0 0.0869199 0.245683 0.205854 0.141396 0.172392 0.433165 0.471305 0.703669 0.0834488 4.22806 
0.213452 0.456514 0.268745 0.161605 0.279869 0.0522726 0.14894 0.0641114 0 0 0 0 0 0 0 0 0 0 0 0 0 0 0 0 0 0 0 0 0.130379 0.121652 0.181109 0.0217346 0.208866 0.296165 0.33283 0.802907 0.487434 4.53481 
6.57978 1.5624 1.50612 1.00806 1.05693 0.767087 0.546985 0.243267 0 0 0 0 0 0 0 0 0 0 0 0 0 0 0 0 0 0 0 0 0.542225 0.567823 1.49443 0.888418 0.322895 4.01452 4.81918 6.06692 6.3557 27.2638 
1.12685 1.07479 0.326147 0.063862 0.19549 0.616007 0.0755548 0.059748 0 0 0 0 0 0 0 0 0 0 0 0 0 0 0 0 0 0 0 0 0.523558 0.442986 0.450697 0.32046 0.24208 1.18691 0.802332 0.67061 2.40025 13.9027 
0.223575 0.22763 0.207397 0.126783 0.115511 0.0987675 0.0448232 0.0393284 0 0 0 0 0 0 0 0 0 0 0 0 0 0 0 0 0 0 0 0 0.086423 0.0544016 0.0401575 0.121732 0.130402 0.109301 0.301809 0.29318 0.206248 1.20562 
0.297234 0.125049 0.147861 0.0790875 0.0895915 0.104449 0.116613 0.0960263 0 0 0 0 0 0 0 0 0 0 0 0 0 0 0 0 0 0 0 0 0.070196 0.0807133 0.107559 0.149482 0.220851 0.257877 0.302951 0.278254 0.881527 3.84545 
0.103916 0.1377 0.121527 0.109782 0.143205 0.11706 0.0736781 0.0469194 0 0 0 0 0 0 0 0 0 0 0 0 0 0 0 0 0 0 0 0 0.177107 0.198767 0.255627 0.315756 0.36855 0.396301 0.375313 0.506833 0.998199 3.20333 
2.26897 1.18074 0.459805 0.401891 0.134745 0.252229 0.356011 0.184977 0 0 0 0 0 0 0 0 0 0 0 0 0 0 0 0 0 0 0 0 0.2444 0.217176 0.267678 0.117845 0.100403 0.47127 0.38012 1.31824 3.0243 11.8374 
0.540427 0.344896 0.238471 0.164108 0.14602 0.132397 0.117614 0.087991 0 0 0 0 0 0 0 0 0 0 0 0 0 0 0 0 0 0 0 0 0.113191 0.117899 0.152556 0.157219 0.183044 0.186077 0.273143 0.362294 0.561827 0.868553 
0.447595 0.411648 0.364524 0.0729256 0.100821 0.108574 0.104285 0.0818835 0 0 0 0 0 0 0 0 0 0 0 0 0 0 0 0 0 0 0 0 0.0938398 0.0940118 0.0505569 0.19758 0.104571 0.045878 0.0960484 0.108864 0.384433 3.98169 
0.131104 0.381752 0.428863 0.184412 0.141619 0.161001 0.117057 0.1231 0 0 0 0 0 0 0 0 0 0 0 0 0 0 0 0 0 0 0 0 0.0268556 0.189575 0.12078 0.208292 0.193682 0.0747352 0.3031 0.540352 0.332913 5.35624 
0.0560963 1.15857 0.648569 0.413716 0.272645 0.417538 0.182487 0.302289 0 0 0 0 0 0 0 0 0 0 0 0 0 0 0 0 0 0 0 0 0.29109 0.11822 0.420697 0.279419 0.456002 0.823595 1.31468 1.17314 1.35291 6.98322 
0.983429 0.553415 0.252122 0.14892 0.178068 0.029369 0.201422 0.15033 0 0 0 0 0 0 0 0 0 0 0 0 0 0 0 0 0 0 0 0 0.196724 0.0824685 0.24813 0.212823 0.447704 0.18347 0.480836 1.1122 1.07591 6.94106 
0.128778 0.174693 0.0424604 0.0717377 0.180527 0.0473374 0.103258 0.0704249 0 0 0 0 0 0 0 0 0 0 0 0 0 0 0 0 0 0 0 0 0.151236 0.168805 0.17161 0.178757 0.207679 0.152813 0.279926 0.497786 0.874437 4.10049 
0.23186 0.228949 0.43216 0.275899 0.293283 0.170374 0.139498 0.162443 0 0 0 0 0 0 0 0 0 0 0 0 0 0 0 0 0 0 0 0 0.0833172 0.189414 0.172018 0.152179 0.270142 0.298561 0.386649 0.290097 0.260252 1.86724 
0.803712 0.608289 0.272251 0.0898887 0.0918534 0.120298 0.058797 0.0619857 0 0 0 0 0 0 0 0 0 0 0 0 0 0 0 0 0 0 0 0 0.0524734 0.116186 0.0364309 0.0714744 0.0722927 0.139381 0.285502 0.307536 0.657429 4.09434 
0.458879 0.903346 0.139762 0.261779 0.409642 0.453289 0.271776 0.119478 0 0 0 0 0 0 0 0 0 0 0 0 0 0 0 0 0 0 0 0 0.517119 0.663504 0.629051 0.302067 0.184385 0.42634 1.38932 1.6804 2.15707 11.7271 
0.306119 0.165603 0.288703 0.190639 0.0801438 0.228366 0.0596626 0.0336131 0 0 0 0 0 0 0 0 0 0 0 0 0 0 0 0 0 0 0 0 0.0351845 0.0937951 0.061641 0.107575 0.20384 0.286016 0.174381 0.457443 0.395225 4.66569 
0.715684 2.05264 1.01021 0.15863 0.553113 0.334933 0.164042 0.0952269 0 0 0 0 0 0 0 0 0 0 0 0 0 0 0 0 0 0 0 0 0.198622 0.339283 0.383255 0.565771 0.784364 0.25115 1.51473 1.15509 0.862643 10.866 
0.308802 0.459028 0.170371 0.269047 0.204227 0.0733812 0.157769 0.177422 0 0 0 0 0 0 0 0 0 0 0 0 0 0 0 0 0 0 0 0 0.178996 0.123017 0.198511 0.264651 0.492501 0.880653 0.41239 0.607594 1.39476 8.4994 
1.09056 0.191069 0.747936 0.354187 0.566368 0.216035 0.121043 0.459117 0 0 0 0 0 0 0 0 0 0 0 0 0 0 0 0 0 0 0 0 0.296647 0.254097 0.0878448 0.424783 0.625618 0.270559 1.05623 1.33997 1.68102 18.548 
0.508705 1.01248 0.535382 1.07083 0.698216 0.575355 0.212534 0.386532 0 0 0 0 0 0 0 0 0 0 0 0 0 0 0 0 0 0 0 0 0.205742 0.292216 0.374005 0.329077 0.507345 0.355626 0.630235 1.06579 0.547105 14.9843 
0.526754 0.388718 0.250689 0.169789 0.155434 0.111512 0.117309 0.0827471 0 0 0 0 0 0 0 0 0 0 0 0 0 0 0 0 0 0 0 0 0.031985 0.116697 0.089984 0.48091 0.458978 0.457259 0.290562 0.374757 0.433869 6.65652 
0.0899971 0.0122314 0.155282 0.127713 0.0328072 0.037117 0.0337361 0.0125983 0 0 0 0 0 0 0 0 0 0 0 0 0 0 0 0 0 0 0 0 0.0504622 0.0364753 0.0337762 0.0774148 0.0801759 0.0545766 0.089128 0.124405 0.520686 2.20835 
0.613741 0.531169 0.304693 0.36293 0.193533 0.176709 0.159182 0.101029 0 0 0 0 0 0 0 0 0 0 0 0 0 0 0 0 0 0 0 0 0.0755364 0.204207 0.269145 0.176289 0.246623 0.215385 0.475212 0.676463 0.594228 4.57075 
0.914457 0.494926 0.650999 0.272132 0.202009 0.348896 0.0895466 0.2236 0 0 0 0 0 0 0 0 0 0 0 0 0 0 0 0 0 0 0 0 0.144224 0.190524 0.429403 0.691732 0.49263 0.445985 0.502522 0.82948 1.40524 9.31005 
0.128257 0.20816 0.107961 0.0909284 0.051453 0.0513573 0.0671559 0.0236397 0 0 0 0 0 0 0 0 0 0 0 0 0 0 0 0 0 0 0 0 0.0202592 0.0561778 0.0338709 0.0343456 0.0529988 0.0674549 0.201989 0.0784279 0.253853 1.94724 
0.63877 0.491737 0.447979 0.146797 0.312288 0.182981 0.0941555 0.0204546 0 0 0 0 0 0 0 0 0 0 0 0 0 0 0 0 0 0 0 0 0.0488121 0.119724 0.0547781 0.222025 0.193631 0.513302 0.131031 0.832419 2.23134 4.3102 
0.610221 0.0874936 0.298253 0.086011 0.0450002 0.077248 0.104912 0.185162 0 0 0 0 0 0 0 0 0 0 0 0 0 0 0 0 0 0 0 0 0.185719 0.221301 0.387746 0.294945 0.298542 0.299445 0.762728 0.431099 0.997545 5.99274 
0.280626 0.225052 0.0948292 0.0980067 0.142052 0.0533862 0.0615303 0.027304 0 0 0 0 0 0 0 0 0 0 0 0 0 0 0 0 0 0 0 0 0.0345029 0.0209676 0.187114 0.057261 0.0831795 0.17478 0.0974507 0.231771 0.312098 3.28591 
0.694578 0.390359 0.28847 0.136554 0.0338635 0.160527 0.130947 0.203233 0 0 0 0 0 0 0 0 0 0 0 0 0 0 0 0 0 0 0 0 0.165508 0.279536 0.33498 0.411951 0.533519 0.806787 0.775509 1.12937 1.42115 5.96422 
0.274655 0.783992 0.314917 0.413005 0.124037 0.276425 0.188512 0.135541 0 0 0 0 0 0 0 0 0 0 0 0 0 0 0 0 0 0 0 0 0.187103 0.163893 0.245902 0.233496 0.246249 0.441488 0.156815 0.701262 0.501296 5.41319 
0.42779 0.204479 0.160737 0.108529 0.0514064 0.0497271 0.0789342 0.0302636 0 0 0 0 0 0 0 0 0 0 0 0 0 0 0 0 0 0 0 0 0.0597766 0.0858718 0.111547 0.081159 0.0661223 0.027841 0.108037 0.187832 0.48094 1.03577 
0.266959 0.231133 0.26617 0.0789125 0.0599322 0.0311072 0.0635432 0.027893 0 0 0 0 0 0 0 0 0 0 0 0 0 0 0 0 0 0 0 0 0.025588 0.0369699 0.0440915 0.0993046 0.209435 0.120856 0.15737 0.459451 0.437113 3.04565 
0.45516 0.21267 0.198026 0.229876 0.177411 0.0333269 0.103844 0.032224 0 0 0 0 0 0 0 0 0 0 0 0 0 0 0 0 0 0 0 0 0.0307397 0.0699264 0.0460111 0.103567 0.0214006 0.211718 0.346227 0.266851 0.365497 2.33802 
0.198884 0.263949 0.195014 0.160095 0.153899 0.099585 0.0315505 0.00859988 0 0 0 0 0 0 0 0 0 0 0 0 0 0 0 0 0 0 0 0 0.131342 0.137599 0.154881 0.205414 0.283846 0.389229 0.352017 0.432155 0.687238 3.11063 
0.0681816 0.10879 0.245992 0.0965252 0.0952351 0.0514691 0.0989351 0.0616218 0 0 0 0 0 0 0 0 0 0 0 0 0 0 0 0 0 0 0 0 0.0436824 0.0318384 0.164838 0.0666334 0.107021 0.323457 0.630751 0.464173 0.722954 4.29914 
0.524364 0.179285 0.0423026 0.240362 0.196957 0.123701 0.213384 0.0308637 0 0 0 0 0 0 0 0 0 0 0 0 0 0 0 0 0 0 0 0 0.10413 0.0221665 0.140136 0.174425 0.111726 0.183707 0.286759 0.344167 0.38212 3.18479 
0.564349 0.408117 0.294912 0.208307 0.159633 0.126346 0.119159 0.117465 0 0 0 0 0 0 0 0 0 0 0 0 0 0 0 0 0 0 0 0 0.13671 0.144018 0.145262 0.158831 0.195868 0.242318 0.313987 0.395158 0.509215 0.89508 
0.517374 0.259845 0.2112 0.256725 0.10945 0.0629419 0.105807 0.107837 0 0 0 0 0 0 0 0 0 0 0 0 0 0 0 0 0 0 0 0 0.129642 0.187258 0.212228 0.233857 0.327585 0.366703 0.0521574 0.600065 1.58156 1.62134 
1.41125 0.561904 0.773014 0.291212 0.0807335 0.0395706 0.260345 0.180701 0 0 0 0 0 0 0 0 0 0 0 0 0 0 0 0 0 0 0 0 0.121233 0.233454 0.221695 0.343829 0.359445 0.579547 0.307235 1.20036 1.00832 3.51129 
0.207025 0.21622 0.0486889 0.0389894 0.0564153 0.0465823 0.0287456 0.0736349 0 0 0 0 0 0 0 0 0 0 0 0 0 0 0 0 0 0 0 0 0.0451395 0.0574865 0.0216656 0.0985663 0.0426737 0.018107 0.116741 0.241699 0.110085 1.65047 
5.14551 2.41591 1.26287 1.25149 0.826477 0.872235 0.527761 0.591796 0 0 0 0 0 0 0 0 0 0 0 0 0 0 0 0 0 0 0 0 1.57335 1.90014 1.9902 2.31092 2.88657 3.50306 6.16057 9.99969 17.1883 33.0166 
0.796921 0.196086 0.127766 0.0712795 0.0370567 0.0350543 0.0433577 0.00985118 0 0 0 0 0 0 0 0 0 0 0 0 0 0 0 0 0 0 0 0 0.0544571 0.12172 0.0961512 0.134447 0.0545454 0.130933 0.40731 0.191042 0.730851 3.63157 
0.585272 0.331097 0.328437 0.122421 0.215987 0.137059 0.068422 0.162117 0 0 0 0 0 0 0 0 0 0 0 0 0 0 0 0 0 0 0 0 0.0749081 0.168163 0.154179 0.165227 0.109777 0.0897437 0.251151 0.674941 0.767199 2.12885 
0.135055 0.197761 0.0874304 0.0827902 0.0153706 0.00936061 0.0356829 0.0136967 0 0 0 0 0 0 0 0 0 0 0 0 0 0 0 0 0 0 0 0 0.0260411 0.0132933 0.035504 0.0497389 0.0573849 0.0795354 0.113299 0.262198 0.155158 1.19381 
0.424596 0.303421 0.229393 0.159757 0.180477 0.0928194 0.0637405 0.0553025 0 0 0 0 0 0 0 0 0 0 0 0 0 0 0 0 0 0 0 0 0.169345 0.210682 0.218599 0.166753 0.24651 0.343474 0.384833 0.456506 0.899429 3.40144 
1.02166 0.127949 0.284807 0.0839992 0.213544 0.328685 0.163741 0.130786 0 0 0 0 0 0 0 0 0 0 0 0 0 0 0 0 0 0 0 0 0.0566169 0.10565 0.257255 0.315293 0.40625 0.464583 0.451513 0.924147 1.15217 5.56456 
0.161311 0.280158 0.0205559 0.146144 0.047639 0.0799152 0.0116677 0.0479411 0 0 0 0 0 0 0 0 0 0 0 0 0 0 0 0 0 0 0 0 0.007382 0.0229257 0.00930216 0.0384635 0.0130976 0.11152 0.0143399 0.421687 0.327281 1.88149 
0.274793 0.232003 0.421889 0.151121 0.150079 0.110114 0.0237223 0.0581748 0 0 0 0 0 0 0 0 0 0 0 0 0 0 0 0 0 0 0 0 0.0281687 0.14014 0.350115 0.0643222 0.252068 0.0966294 0.633528 0.619478 1.00433 3.10416 
0.293894 0.185549 0.399606 0.355493 0.144978 0.253521 0.226527 0.281041 0 0 0 0 0 0 0 0 0 0 0 0 0 0 0 0 0 0 0 0 0.0321572 0.307302 0.140985 0.0939683 0.351732 0.228454 0.0458748 0.0681546 0.694019 6.96732 
0.690566 0.795724 0.793026 0.256947 0.168846 0.119744 0.0894383 0.0557128 0 0 0 0 0 0 0 0 0 0 0 0 0 0 0 0 0 0 0 0 0.0404925 0.0787605 0.0938156 0.199702 0.323815 0.692143 0.792372 1.25952 1.97695 1.61409 
2.79625 1.11045 0.45071 0.471182 0.648136 0.474093 0.332239 0.0446961 0 0 0 0 0 0 0 0 0 0 0 0 0 0 0 0 0 0 0 0 0.461531 0.119566 0.493336 0.901681 0.971534 0.405414 0.762637 1.65988 3.11304 2.09129 
0.866893 0.0505553 0.509425 0.263166 0.129752 0.179909 0.0837335 0.11441 0 0 0 0 0 0 0 0 0 0 0 0 0 0 0 0 0 0 0 0 0.0684405 0.393474 0.111325 0.421754 0.663868 0.225386 0.93363 0.540803 1.09265 7.31015 
0.883365 0.875654 0.271116 0.0987081 0.0617374 0.12139 0.272663 0.357484 0 0 0 0 0 0 0 0 0 0 0 0 0 0 0 0 0 0 0 0 0.114562 0.0562535 0.416922 0.205649 0.589279 0.4698 0.574556 1.34312 1.91806 16.0485 
0.413638 0.254194 0.164202 0.141386 0.119335 0.106339 0.0882411 0.0810558 0 0 0 0 0 0 0 0 0 0 0 0 0 0 0 0 0 0 0 0 0.127742 0.126152 0.167914 0.170569 0.222014 0.259939 0.30027 0.381195 0.473025 0.969032 
0.586784 0.804131 0.188701 0.51534 0.190782 0.233579 0.213755 0.413767 0 0 0 0 0 0 0 0 0 0 0 0 0 0 0 0 0 0 0 0 0.376209 0.305879 0.236611 0.444084 0.445222 1.13503 0.315693 2.68101 0.451134 13.3087 
0.34173 1.28817 0.66956 0.363993 0.20115 0.357307 0.103974 0.214066 0 0 0 0 0 0 0 0 0 0 0 0 0 0 0 0 0 0 0 0 0.276575 0.222526 0.560076 0.31405 0.561798 0.442027 0.286219 0.983458 1.0992 8.21203 
0.246567 0.234884 0.0538732 0.0488238 0.021089 0.078932 0.0207369 0.051994 0 0 0 0 0 0 0 0 0 0 0 0 0 0 0 0 0 0 0 0 0.0148675 0.0429786 0.0694608 0.0452322 0.06578 0.0235048 0.112053 0.0692718 0.488927 0.973922 
0.234299 0.28955 0.165791 0.131658 0.0480127 0.0642124 0.011077 0.0288701 0 0 0 0 0 0 0 0 0 0 0 0 0 0 0 0 0 0 0 0 0.0655305 0.100845 0.0972351 0.104032 0.197569 0.328641 0.569468 0.293628 0.740679 2.21893 
0.296262 0.203918 0.214796 0.0758497 0.166081 0.107553 0.0951032 0.115659 0 0 0 0 0 0 0 0 0 0 0 0 0 0 0 0 0 0 0 0 0.0630758 0.164959 0.134751 0.0568083 0.114669 0.0581687 0.224142 0.294511 0.535141 2.27154 
0.101502 0.336824 0.398092 0.157572 0.287748 0.16251 0.0406526 0.144845 0 0 0 0 0 0 0 0 0 0 0 0 0 0 0 0 0 0 0 0 0.0352342 0.497689 0.641182 0.799803 0.650836 0.709074 0.900097 1.57742 2.01253 3.28629 
2.17853 1.18687 0.483262 0.85253 0.951048 0.820988 0.39611 0.195721 0 0 0 0 0 0 0 0 0 0 0 0 0 0 0 0 0 0 0 0 0.512078 0.497653 0.496084 0.786399 0.878867 0.644156 1.09748 1.8312 3.57992 17.0146 
0.190221 0.220179 0.133608 0.138499 0.0926392 0.0417652 0.0416547 0.0385529 0 0 0 0 0 0 0 0 0 0 0 0 0 0 0 0 0 0 0 0 0.069021 0.0635532 0.0837579 0.0427759 0.135518 0.0459305 0.101568 0.131808 0.339089 1.86233 
1.31671 0.716795 0.640106 0.118464 0.303297 0.300894 0.511978 0.331733 0 0 0 0 0 0 0 0 0 0 0 0 0 0 0 0 0 0 0 0 0.275388 0.315972 0.264865 0.271876 0.672242 1.10206 1.02531 2.12393 1.16603 10.5759 
0.340643 0.136497 0.153672 0.117394 0.0867712 0.11398 0.102543 0.0487682 0 0 0 0 0 0 0 0 0 0 0 0 0 0 0 0 0 0 0 0 0.0610462 0.0336366 0.0550702 0.126727 0.181622 0.117018 0.261129 0.245531 0.407132 3.10967 
0.508563 0.240861 0.122512 0.625418 0.263685 0.206825 0.17085 0.114027 0 0 0 0 0 0 0 0 0 0 0 0 0 0 0 0 0 0 0 0 0.0970497 0.271132 0.169304 0.0884865 0.435856 0.505603 0.422981 0.564352 1.65766 3.84777 
0.147815 0.203721 0.00386846 0.109361 0.0487879 0.0814164 0.0445921 0.0936082 0 0 0 0 0 0 0 0 0 0 0 0 0 0 0 0 0 0 0 0 0.059084 0.046534 0.0586187 0.109746 0.0296316 0.241835 0.0754598 0.177845 0.116416 2.07801 
3.79979 0.528175 0.356831 0.643295 0.694453 0.469351 0.334997 0.579966 0 0 0 0 0 0 0 0 0 0 0 0 0 0 0 0 0 0 0 0 0.250156 0.105903 0.487482 0.727518 0.978585 1.49909 1.21273 2.77334 3.8106 16.445 
0.418009 0.641923 0.673092 0.452175 0.097578 0.101972 0.254921 0.320211 0 0 0 0 0 0 0 0 0 0 0 0 0 0 0 0 0 0 0 0 0.181861 0.312479 0.23352 0.211595 0.421166 0.678621 1.00984 0.677302 1.23915 10.1487 
0.160091 0.164508 0.108849 0.0539511 0.0308391 0.0591937 0.122918 0.0825118 0 0 0 0 0 0 0 0 0 0 0 0 0 0 0 0 0 0 0 0 0.095593 0.0776613 0.097167 0.160436 0.290406 0.297655 0.327284 0.313712 0.756458 2.77208 
0.0835521 0.164939 0.0679615 0.0418097 0.029606 0.0404215 0.118893 0.0318195 0 0 0 0 0 0 0 0 0 0 0 0 0 0 0 0 0 0 0 0 0.0750647 0.050898 0.0553847 0.115663 0.121976 0.11206 0.280097 0.277104 0.429563 3.31802 
0.206662 0.393983 0.148847 0.277433 0.207915 0.188181 0.0656255 0.193898 0 0 0 0 0 0 0 0 0 0 0 0 0 0 0 0 0 0 0 0 0.194264 0.112874 0.0917197 0.152834 0.134107 0.162559 0.199135 0.635695 1.09127 4.50813 
0.84244 0.520771 0.382774 0.0711793 0.0619688 0.19491 0.0835275 0.101861 0 0 0 0 0 0 0 0 0 0 0 0 0 0 0 0 0 0 0 0 0.143777 0.123321 0.0837124 0.188255 0.243127 0.213707 0.0505623 0.670703 0.911662 6.67746 
0.556885 0.166761 0.238442 0.198922 0.242669 0.102116 0.100573 0.0388819 0 0 0 0 0 0 0 0 0 0 0 0 0 0 0 0 0 0 0 0 0.00790269 0.0754906 0.107986 0.174992 0.155645 0.274115 0.237386 0.495993 0.631529 2.80932 
1.5416 1.12393 0.2055 0.581001 0.834566 0.572444 0.396894 0.457627 0 0 0 0 0 0 0 0 0 0 0 0 0 0 0 0 0 0 0 0 0.148475 0.290457 0.247605 0.244816 0.243166 0.2192 1.24806 1.97617 3.30175 12.7339 
0.423582 0.531035 0.363046 0.101405 0.147062 0.0861471 0.135827 0.275764 0 0 0 0 0 0 0 0 0 0 0 0 0 0 0 0 0 0 0 0 0.0600019 0.0961237 0.199096 0.314056 0.458287 0.628716 0.623814 0.982987 1.90215 6.07367 
1.41396 0.249012 0.454703 0.76376 0.289499 0.219171 0.108162 0.127483 0 0 0 0 0 0 0 0 0 0 0 0 0 0 0 0 0 0 0 0 0.26752 0.141641 0.202844 0.247175 0.361536 0.219564 0.759103 1.31047 0.485156 12.0932 
1.41092 0.520779 0.527935 0.44139 0.292959 0.0695397 0.48062 0.234711 0 0 0 0 0 0 0 0 0 0 0 0 0 0 0 0 0 0 0 0 0.23986 0.36662 0.379773 0.290161 0.346575 0.296718 0.844791 1.02899 1.3005 7.75277 
1.88993 1.04112 0.712428 0.360775 0.454311 0.832763 0.68343 0.182484 0 0 0 0 0 0 0 0 0 0 0 0 0 0 0 0 0 0 0 0 0.303771 0.607307 0.276672 0.329753 0.571272 1.54608 1.01856 1.54198 1.32758 26.7273 
0.486086 0.359075 0.0930437 0.34177 0.0530124 0.237782 0.324483 0.0881575 0 0 0 0 0 0 0 0 0 0 0 0 0 0 0 0 0 0 0 0 0.112917 0.198044 0.0808214 0.183386 0.185901 0.467582 0.145084 0.103882 0.984503 2.99729 
0.811961 0.296103 0.414562 0.658257 0.0822306 0.356477 0.227192 0.0982305 0 0 0 0 0 0 0 0 0 0 0 0 0 0 0 0 0 0 0 0 0.19676 0.252285 0.137558 0.487778 0.12166 0.0829708 0.618178 1.07358 0.409409 8.39705 
0.11072 0.930261 0.373918 0.149815 0.260048 0.456676 0.0519086 0.158384 0 0 0 0 0 0 0 0 0 0 0 0 0 0 0 0 0 0 0 0 0.0151336 0.97946 0.258161 0.0786847 0.287888 0.278228 0.400615 0.154427 0.825903 6.52545 
0.969015 0.681984 0.986601 0.369439 0.462628 0.198857 0.0771132 0.104441 0 0 0 0 0 0 0 0 0 0 0 0 0 0 0 0 0 0 0 0 0.0803894 0.167137 0.181846 0.203817 0.25018 0.177577 0.830825 1.0735 0.697934 12.2043 
1.09971 0.912997 1.14444 0.705566 0.23152 0.337874 0.285673 0.172187 0 0 0 0 0 0 0 0 0 0 0 0 0 0 0 0 0 0 0 0 0.385308 0.380751 0.231695 0.304206 0.826968 0.903733 1.08845 0.790524 1.3653 12.8271 
0.410321 0.345614 0.0610063 0.185214 0.226948 0.188672 0.180106 0.0957288 0 0 0 0 0 0 0 0 0 0 0 0 0 0 0 0 0 0 0 0 0.031723 0.077154 0.0929978 0.1204 0.365196 0.496457 0.420373 0.588706 1.16888 4.60071 
0.517062 0.548159 0.928687 0.618514 0.549679 0.521908 0.348609 0.313366 0 0 0 0 0 0 0 0 0 0 0 0 0 0 0 0 0 0 0 0 0.374167 0.446705 0.358252 0.527126 0.46087 1.0449 1.53994 1.61811 1.93795 8.42995 
0.818725 0.0741823 0.376036 0.222568 0.179296 0.257893 0.0756976 0.1669 0 0 0 0 0 0 0 0 0 0 0 0 0 0 0 0 0 0 0 0 0.0309248 0.0876838 0.129699 0.113688 0.0676584 0.251333 0.180462 0.544457 0.663402 6.88993 
0.148989 0.0593534 0.0925046 0.0312986 0.020995 0.0422328 0.0652254 0.01017 0 0 0 0 0 0 0 0 0 0 0 0 0 0 0 0 0 0 0 0 0.0164962 0.00614513 0.0256495 0.0401721 0.0430317 0.113353 0.11821 0.063935 0.468099 1.30212 
1.219 0.649328 0.756217 0.440591 0.333926 0.439119 0.403154 0.193528 0 0 0 0 0 0 0 0 0 0 0 0 0 0 0 0 0 0 0 0 0.285463 0.419167 0.463432 0.341122 0.379681 0.551076 0.949259 2.11474 2.88683 4.17757 
0.140085 0.122468 0.0800012 0.0238984 0.0461421 0.0236279 0.047126 0.0357879 0 0 0 0 0 0 0 0 0 0 0 0 0 0 0 0 0 0 0 0 0.0377953 0.0283797 0.0631995 0.0488978 0.0638711 0.0393232 0.0640622 0.143982 0.310175 1.20786 
0.24148 0.0974623 0.026154 0.0691525 0.0193656 0.0487849 0.0751807 0.0585548 0 0 0 0 0 0 0 0 0 0 0 0 0 0 0 0 0 0 0 0 0.0201708 0.0192128 0.0312295 0.0805782 0.215936 0.277986 0.450871 0.492757 0.489145 0.412262 
1.29828 0.510808 0.146924 0.457148 0.356321 0.277078 0.258695 0.197833 0 0 0 0 0 0 0 0 0 0 0 0 0 0 0 0 0 0 0 0 0.135116 0.0793714 0.116523 0.0152064 0.353935 0.0966286 1.10781 1.11054 0.56643 6.49661 
1.68893 0.205457 0.322133 0.395194 0.277904 0.102956 0.086641 0.109815 0 0 0 0 0 0 0 0 0 0 0 0 0 0 0 0 0 0 0 0 0.158715 0.0460569 0.0544364 0.0543349 0.293454 0.49182 0.400277 0.447872 0.993963 6.52229 
0.398683 0.0702171 0.0614611 0.169644 0.205025 0.17431 0.178881 0.175105 0 0 0 0 0 0 0 0 0 0 0 0 0 0 0 0 0 0 0 0 0.0577657 0.0105193 0.0577536 0.129153 0.198755 0.310558 0.452414 0.60499 0.908178 1.85055 
0.359657 0.300965 0.395966 0.102294 0.117546 0.0688709 0.131844 0.0446959 0 0 0 0 0 0 0 0 0 0 0 0 0 0 0 0 0 0 0 0 0.0523445 0.0636386 0.0582063 0.184229 0.0474005 0.316423 0.220469 0.43295 0.32012 4.75167 
0.833367 2.00269 0.498826 0.40353 0.163036 0.30316 0.209092 0.169466 0 0 0 0 0 0 0 0 0 0 0 0 0 0 0 0 0 0 0 0 0.115537 0.0285454 0.359482 0.202067 0.235039 0.642601 0.442443 0.734276 1.81763 21.2179 
0.769681 0.0731932 0.689337 0.347531 0.126543 0.00429028 0.0509308 0.0400101 0 0 0 0 0 0 0 0 0 0 0 0 0 0 0 0 0 0 0 0 0.0506783 0.12904 0.116187 0.0670589 0.401222 0.205002 0.467094 0.240236 0.654939 6.64335 
0.232018 0.219327 0.380669 0.343771 0.399092 0.374794 0.2581 0.191634 0 0 0 0 0 0 0 0 0 0 0 0 0 0 0 0 0 0 0 0 0.264151 0.23692 0.216782 0.323734 0.358708 0.391817 0.59828 0.669987 0.781905 1.74 
0.970498 0.257557 0.184552 0.166069 0.178464 0.249129 0.157035 0.131691 0 0 0 0 0 0 0 0 0 0 0 0 0 0 0 0 0 0 0 0 0.200209 0.214246 0.162511 0.115363 0.277394 0.477807 0.500882 0.801212 1.6703 6.79301 
0.618689 0.617608 0.499405 0.424607 0.188886 0.0745088 0.0209573 0.0799927 0 0 0 0 0 0 0 0 0 0 0 0 0 0 0 0 0 0 0 0 0.0413443 0.125813 0.210371 0.124359 0.210106 0.239303 0.200935 0.503324 1.14033 2.79808 
0.430877 0.0679941 0.243632 0.186344 0.11047 0.0614708 0.0553163 0.0604833 0 0 0 0 0 0 0 0 0 0 0 0 0 0 0 0 0 0 0 0 0.123639 0.0506341 0.0215523 0.154537 0.197329 0.216812 0.33878 0.157586 0.280033 3.90229 
0.907544 0.365522 0.395192 0.423384 0.233322 0.140504 0.086872 0.216473 0 0 0 0 0 0 0 0 0 0 0 0 0 0 0 0 0 0 0 0 0.0916312 0.210549 0.151014 0.149985 0.390228 0.529545 0.228945 0.917136 1.80516 4.81042 
0.961351 0.410027 0.202916 0.872848 0.443174 0.201515 0.389897 0.128995 0 0 0 0 0 0 0 0 0 0 0 0 0 0 0 0 0 0 0 0 0.277321 0.41641 0.345701 0.257549 0.667442 1.08838 0.630349 0.371795 0.522965 5.65281 
0.598564 0.179755 0.162991 0.0978756 0.136356 0.0417852 0.0576276 0.0833188 0 0 0 0 0 0 0 0 0 0 0 0 0 0 0 0 0 0 0 0 0.126205 0.151846 0.172536 0.21022 0.286607 0.353372 0.290019 0.0885032 0.492017 4.02357 
0.0483458 0.102243 0.0234126 0.0192048 0.0295972 0.0506173 0.0470057 0.061664 0 0 0 0 0 0 0 0 0 0 0 0 0 0 0 0 0 0 0 0 0.047979 0.0361165 0.0765016 0.0275526 0.0591644 0.0627809 0.191879 0.0852201 0.388196 1.59687 
1.23877 0.210049 0.249632 0.134669 0.0902259 0.095958 0.0215881 0.0253843 0 0 0 0 0 0 0 0 0 0 0 0 0 0 0 0 0 0 0 0 0.100574 0.0268252 0.109091 0.0899396 0.0297798 0.0782816 0.32558 0.206702 0.611701 3.53748 
1.17358 0.135316 0.0673506 0.8162 0.881633 0.642483 0.275102 0.0364411 0 0 0 0 0 0 0 0 0 0 0 0 0 0 0 0 0 0 0 0 0.315168 0.298574 0.320782 0.46975 0.470558 0.063469 0.750955 2.43336 4.91078 8.66323 
0.704087 1.12527 0.450323 1.51568 0.516772 0.609939 0.49386 0.425303 0 0 0 0 0 0 0 0 0 0 0 0 0 0 0 0 0 0 0 0 0.731157 0.439713 0.171775 1.10397 1.0076 2.27001 3.10221 2.90522 2.59828 22.5019 
1.47323 0.385089 0.466375 0.255361 0.314992 0.252329 0.140846 0.182274 0 0 0 0 0 0 0 0 0 0 0 0 0 0 0 0 0 0 0 0 0.259892 0.265915 0.284278 0.189676 0.0920422 0.445298 0.511604 0.566223 2.48566 1.97864 
0.274104 0.319248 0.140422 0.139251 0.144227 0.103496 0.0673782 0.0757387 0 0 0 0 0 0 0 0 0 0 0 0 0 0 0 0 0 0 0 0 0.091239 0.0480469 0.135218 0.164291 0.164947 0.190823 0.476299 0.61161 0.711017 3.19095 
0.191502 0.51703 0.218525 0.46131 0.152415 0.280835 0.0286982 0.105994 0 0 0 0 0 0 0 0 0 0 0 0 0 0 0 0 0 0 0 0 0.112046 0.15875 0.176056 0.261634 0.101615 0.215714 0.218142 0.75222 0.76151 4.71662 
0.280503 0.155147 0.123853 0.285876 0.0664872 0.0909352 0.0434446 0.0695616 0 0 0 0 0 0 0 0 0 0 0 0 0 0 0 0 0 0 0 0 0.0875539 0.0972209 0.179549 0.256331 0.0750421 0.0601199 0.335656 0.628422 0.934434 3.77185 
3.46537 4.08781 1.55581 0.770404 0.540012 0.848335 0.986361 0.449309 0 0 0 0 0 0 0 0 0 0 0 0 0 0 0 0 0 0 0 0 0.402577 0.168153 0.104956 0.818733 0.714091 0.375584 2.25979 4.053 5.96057 7.38547 
3.69405 1.33149 1.34394 1.27896 0.422111 0.516481 0.370343 0.413244 0 0 0 0 0 0 0 0 0 0 0 0 0 0 0 0 0 0 0 0 0.494548 0.566206 0.824997 0.303267 0.964154 1.42483 0.937069 3.37375 3.59909 19.2707 
0.283011 0.153459 0.138087 0.120399 0.0888743 0.0993488 0.069618 0.115202 0 0 0 0 0 0 0 0 0 0 0 0 0 0 0 0 0 0 0 0 0.195802 0.190413 0.182507 0.304617 0.42109 0.357946 0.213576 0.349343 1.14655 3.50394 
0.140142 0.0796033 0.091339 0.0376193 0.0166886 0.0371055 0.0527946 0.0747386 0 0 0 0 0 0 0 0 0 0 0 0 0 0 0 0 0 0 0 0 0.0628006 0.142613 0.183691 0.195642 0.218961 0.178809 0.234693 0.344165 0.851655 2.97764 
3.19543 1.97589 2.04519 1.19149 1.32113 0.855805 0.75553 0.437206 0 0 0 0 0 0 0 0 0 0 0 0 0 0 0 0 0 0 0 0 1.33997 0.627507 0.767274 0.586118 0.583526 0.945077 1.19261 4.34049 5.84654 15.9395 
2.67989 0.477461 0.599977 0.962977 0.956919 0.0709147 0.600863 0.32143 0 0 0 0 0 0 0 0 0 0 0 0 0 0 0 0 0 0 0 0 0.344709 0.531328 0.63643 0.588619 1.49279 0.594536 1.37009 1.54581 2.69825 13.9639 
0.718691 0.53338 0.11133 0.0815999 0.115626 0.0777632 0.17913 0.122545 0 0 0 0 0 0 0 0 0 0 0 0 0 0 0 0 0 0 0 0 0.198943 0.142371 0.0424307 0.276296 0.206084 0.309475 0.651726 0.588314 1.14199 5.32773 
0.280048 0.16068 0.281951 0.122588 0.0311375 0.136301 0.156118 0.10005 0 0 0 0 0 0 0 0 0 0 0 0 0 0 0 0 0 0 0 0 0.0485594 0.0352888 0.154024 0.0710433 0.146257 0.341628 0.318054 0.317324 0.575047 3.03138 
0.643294 1.17966 3.44267 2.11778 2.995 0.000112334 0.0158961 0.0158961 0 0 0 0 0 0 0 0 0 0 0 0 0 0 0 0 0 0 0 0 0 0 0.000112334 2.54754 0 11.968 1 0.643294 1.17966 3.44267 
0.243982 0.0524544 0.19416 0.139182 0.144039 0.0115426 0.0287585 0.0294898 0 0 0 0 0 0 0 0 0 0 0 0 0 0 0 0 0 0 0 0 0.0908556 0.089395 0.117985 0.0579525 0.0498026 0.220288 0.378644 0.395508 1.1054 2.30264 
0.305614 0.508787 0.235772 0.0582126 0.167811 0.0807074 0.106875 0.132336 0 0 0 0 0 0 0 0 0 0 0 0 0 0 0 0 0 0 0 0 0.11139 0.125904 0.0405617 0.220719 0.250683 0.306575 0.677818 0.586151 0.37269 5.16132 
0.13245 0.104064 0.172515 0.0961993 0.198951 0.100432 0.142664 0.0780204 0 0 0 0 0 0 0 0 0 0 0 0 0 0 0 0 0 0 0 0 0.125438 0.164012 0.18652 0.230598 0.339597 0.351119 0.431013 0.388168 1.08073 2.85046 
0.276239 0.26236 0.114222 0.159265 0.0986559 0.0076615 0.0602311 0.00636154 0 0 0 0 0 0 0 0 0 0 0 0 0 0 0 0 0 0 0 0 0.0410853 0.0396879 0.107433 0.124098 0.261198 0.179325 0.226906 0.348074 0.342159 3.14353 
0.246683 0.29989 0.268757 0.150367 0.207425 0.0586098 0.0465976 0.100181 0 0 0 0 0 0 0 0 0 0 0 0 0 0 0 0 0 0 0 0 0.15769 0.100943 0.18999 0.226846 0.340569 0.353296 0.515072 0.431187 0.97891 3.44607 
2.37741 1.06631 0.545533 0.29102 0.229059 0.106044 0.0452843 0.0990393 0 0 0 0 0 0 0 0 0 0 0 0 0 0 0 0 0 0 0 0 0.12723 0.0405855 0.0746432 0.146281 0.416323 0.17974 0.835423 0.136557 2.457 15.2743 
1.50568 1.51521 1.38215 0.235416 0.254246 0.496827 0.426842 0.407732 0 0 0 0 0 0 0 0 0 0 0 0 0 0 0 0 0 0 0 0 0.110108 0.422183 0.51907 0.360471 0.736639 1.471 1.51906 2.78154 1.39237 16.6237 
0.700759 0.195046 0.43121 0.0278446 0.46533 0.152008 0.272808 0.14782 0 0 0 0 0 0 0 0 0 0 0 0 0 0 0 0 0 0 0 0 0.268766 0.234694 0.157524 0.0657694 0.556474 0.653365 0.5454 2.02041 2.50878 10.0282 
0.30871 0.105509 0.129216 0.124045 0.124416 0.164654 0.0314974 0.192181 0 0 0 0 0 0 0 0 0 0 0 0 0 0 0 0 0 0 0 0 0.0249477 0.0807483 0.102104 0.0843896 0.18375 0.121597 0.272504 0.374389 0.290027 4.88942 
1.3387 0.847983 1.01684 0.489404 0.330892 0.165787 0.0954221 0.256175 0 0 0 0 0 0 0 0 0 0 0 0 0 0 0 0 0 0 0 0 0.387378 0.133959 0.267904 0.407165 0.6476 0.245552 0.447615 0.901959 1.02716 6.98415 
1.54983 1.09279 0.452397 0.87501 0.859992 1.31677 0.312366 0.604727 0 0 0 0 0 0 0 0 0 0 0 0 0 0 0 0 0 0 0 0 0.593044 0.451627 0.477245 1.2189 0.55133 0.824373 2.64104 5.43523 6.61902 23.7252 
0.27521 0.957891 1.09084 1.15283 0.532718 0.404413 0.880448 0.43848 0 0 0 0 0 0 0 0 0 0 0 0 0 0 0 0 0 0 0 0 0.550258 0.27621 0.689219 0.562704 0.520726 0.414751 1.99125 2.58046 2.5408 19.4884 
0.378777 0.0660467 0.0585507 0.100271 0.076754 0.132169 0.0890382 0.0835378 0 0 0 0 0 0 0 0 0 0 0 0 0 0 0 0 0 0 0 0 0.112465 0.087715 0.151357 0.123373 0.180053 0.188857 0.341222 0.389515 1.01772 2.01633 
0.673395 0.453785 0.294805 0.199649 0.219023 0.233956 0.172699 0.161002 0 0 0 0 0 0 0 0 0 0 0 0 0 0 0 0 0 0 0 0 0.152163 0.173604 0.197035 0.251963 0.245975 0.363995 0.595965 0.582768 0.912294 4.18901 
0.299856 0.24724 0.172264 0.160884 0.145564 0.0519439 0.16915 0.0567006 0 0 0 0 0 0 0 0 0 0 0 0 0 0 0 0 0 0 0 0 0.143256 0.0306333 0.184538 0.102607 0.192176 0.159375 0.266683 0.423885 0.458765 2.90905 
0.51944 0.124519 0.0407978 0.281613 0.203154 0.116961 0.117942 0.0431684 0 0 0 0 0 0 0 0 0 0 0 0 0 0 0 0 0 0 0 0 0.221556 0.0912883 0.152095 0.0310682 0.158527 0.208619 0.477265 0.733229 0.808936 5.54288 
0.650742 0.440245 0.144443 0.121914 0.347508 0.149776 0.234187 0.0835353 0 0 0 0 0 0 0 0 0 0 0 0 0 0 0 0 0 0 0 0 0.159426 0.173941 0.201297 0.190167 0.111029 0.473478 0.486802 0.314937 1.39419 3.99935 
0.0601852 0.193919 0.136164 0.0141736 0.0361234 0.0430361 0.0359323 0.0648335 0 0 0 0 0 0 0 0 0 0 0 0 0 0 0 0 0 0 0 0 0.107214 0.17518 0.0881959 0.0759486 0.176282 0.211703 0.182469 0.164248 0.351685 0.972345 
0.311674 0.203175 0.0983282 0.006175 0.0898434 0.0232296 0.00888996 0.0431711 0 0 0 0 0 0 0 0 0 0 0 0 0 0 0 0 0 0 0 0 0.0387047 0.0327454 0.0374274 0.0527212 0.0765163 0.0868601 0.0836308 0.275195 0.243396 1.45508 
0.229396 0.259007 0.00770138 0.0473084 0.0926168 0.111303 0.040456 0.0627288 0 0 0 0 0 0 0 0 0 0 0 0 0 0 0 0 0 0 0 0 0.140339 0.0746401 0.115873 0.180249 0.115484 0.0588256 0.172151 0.53163 0.223893 6.48229 
0.849993 0.0736581 0.0674217 0.364993 0.228082 0.228969 0.0591519 0.210587 0 0 0 0 0 0 0 0 0 0 0 0 0 0 0 0 0 0 0 0 0.214408 0.177914 0.22012 0.247457 0.356178 0.300936 0.705807 0.893046 0.142398 7.06615 
0.674894 0.309542 0.319294 0.316434 0.208927 0.187011 0.158437 0.137666 0 0 0 0 0 0 0 0 0 0 0 0 0 0 0 0 0 0 0 0 0.153521 0.132966 0.14517 0.0552337 0.273394 0.582863 0.804989 0.216522 0.751825 6.31812 
0.209521 0.214963 0.132959 0.0690775 0.0580642 0.099923 0.112235 0.105495 0 0 0 0 0 0 0 0 0 0 0 0 0 0 0 0 0 0 0 0 0.0286699 0.068623 0.121743 0.153433 0.150776 0.245391 0.148557 0.464604 1.30144 1.63462 
0.343188 0.208525 0.0455861 0.124678 0.0467761 0.0322897 0.0740684 0.086227 0 0 0 0 0 0 0 0 0 0 0 0 0 0 0 0 0 0 0 0 0.0777621 0.0379843 0.049001 0.103204 0.0983475 0.0822937 0.12431 0.211442 0.657316 1.49012 
4.14477 1.59048 0.937236 0.0546804 0.39277 0.477552 0.499506 0.455184 0 0 0 0 0 0 0 0 0 0 0 0 0 0 0 0 0 0 0 0 0.668238 1.1436 0.653855 1.67662 2.67925 1.3884 1.70139 4.51844 12.4358 16.2408 
0.21361 0.368419 0.432121 0.133248 0.201569 0.0884257 0.187331 0.15942 0 0 0 0 0 0 0 0 0 0 0 0 0 0 0 0 0 0 0 0 0.147607 0.262403 0.613896 0.730935 0.722304 1.05306 0.935952 0.982571 1.97401 8.02924 
0.268458 0.169583 0.0262181 0.158839 0.216861 0.0378899 0.0411018 0.0611263 0 0 0 0 0 0 0 0 0 0 0 0 0 0 0 0 0 0 0 0 0.0757933 0.0724621 0.0943294 0.103856 0.111654 0.222696 0.103833 0.304348 0.802262 1.51099 
0.19417 0.0437421 0.0476592 0.0801042 0.108222 0.0722599 0.0846588 0.027753 0 0 0 0 0 0 0 0 0 0 0 0 0 0 0 0 0 0 0 0 0.0443993 0.0635386 0.114283 0.0761095 0.0931564 0.0887302 0.172923 0.261602 0.193849 1.84258 
0.524158 0.447242 0.564825 0.109067 0.127355 0.0954566 0.203572 0.195521 0 0 0 0 0 0 0 0 0 0 0 0 0 0 0 0 0 0 0 0 0.14712 0.0846761 0.14091 0.172165 0.15781 0.544864 0.424728 0.153237 0.389308 5.13601 
1.07877 0.971037 0.0834553 0.461229 1.00674 0.573134 0.491177 0.265644 0 0 0 0 0 0 0 0 0 0 0 0 0 0 0 0 0 0 0 0 0.264816 0.331068 0.214069 0.0803007 0.223626 0.293977 1.36987 2.32708 3.24074 10.0631 
0.899331 0.707952 0.9653 0.305495 0.336146 0.487537 0.562569 0.439456 0 0 0 0 0 0 0 0 0 0 0 0 0 0 0 0 0 0 0 0 0.049524 0.0801514 0.0173382 0.195667 0.430358 0.807664 1.63105 1.10937 2.68398 9.554 
0.346578 0.161862 0.122607 0.214747 0.1604 0.135351 0.127722 0.105749 0 0 0 0 0 0 0 0 0 0 0 0 0 0 0 0 0 0 0 0 0.0679499 0.131074 0.0855812 0.109053 0.16998 0.4666 0.454928 0.57921 0.411174 3.63446 
0.318557 0.183081 0.144439 0.0575589 0.0194031 0.0504645 0.0379431 0.0248447 0 0 0 0 0 0 0 0 0 0 0 0 0 0 0 0 0 0 0 0 0.0366218 0.0408495 0.0562614 0.0438265 0.0573115 0.0634191 0.0692487 0.15499 0.397283 2.09075 
0.789601 1.29457 0.203978 0.104922 0.33467 0.194325 0.240027 0.0671371 0 0 0 0 0 0 0 0 0 0 0 0 0 0 0 0 0 0 0 0 0.142807 0.215508 0.108914 0.427004 0.250564 0.17536 0.632771 1.23768 0.793521 11.2516 
0.237842 0.415938 0.1846 0.328992 0.103249 0.0614774 0.0314785 0.0448542 0 0 0 0 0 0 0 0 0 0 0 0 0 0 0 0 0 0 0 0 0.046623 0.0552615 0.130439 0.0810979 0.0948919 0.178795 0.171265 0.565519 0.0484841 4.58014 
0.648093 0.60232 0.321139 0.136259 0.0497884 0.0695511 0.108738 0.0630107 0 0 0 0 0 0 0 0 0 0 0 0 0 0 0 0 0 0 0 0 0.0533349 0.0986509 0.100055 0.122477 0.124656 0.0535946 0.54019 0.37481 0.946035 7.32693 
0.858944 0.520112 0.495664 0.368479 0.245516 0.506348 0.192144 0.0958364 0 0 0 0 0 0 0 0 0 0 0 0 0 0 0 0 0 0 0 0 0.601892 0.692351 0.894148 0.92659 1.08295 1.12372 1.47245 1.66534 1.85333 8.68557 
14.8856 9.86827 11.888 5.59119 1.52295 5.31363 5.26878 5.98097 0 0 0 0 0 0 0 0 0 0 0 0 0 0 0 0 0 0 0 0 3.20463 4.35415 1.12428 2.09574 5.74896 10.6141 14.944 18.5474 35.8689 137.991 
0.555266 0.875794 0.600058 0.119571 0.0668491 0.166569 0.30684 0.502313 0 0 0 0 0 0 0 0 0 0 0 0 0 0 0 0 0 0 0 0 0.312886 0.26291 0.188042 0.0727224 0.418394 0.858752 0.730402 0.768001 1.67357 8.27378 
0.553522 0.568957 0.224039 0.283363 0.223645 0.171701 0.230265 0.0973868 0 0 0 0 0 0 0 0 0 0 0 0 0 0 0 0 0 0 0 0 0.128361 0.20698 0.187187 0.235032 0.256625 0.262442 0.390646 0.728227 0.822969 4.47206 
0.413114 0.23904 0.248188 0.14207 0.140047 0.0554687 0.0473699 0.0721144 0 0 0 0 0 0 0 0 0 0 0 0 0 0 0 0 0 0 0 0 0.0939301 0.103501 0.192074 0.232727 0.296463 0.37399 0.368224 0.569986 0.677531 3.22585 
0.227573 0.0606945 0.0744274 0.03402 0.117927 0.0667357 0.0388144 0.0252614 0 0 0 0 0 0 0 0 0 0 0 0 0 0 0 0 0 0 0 0 0.0301572 0.0174544 0.082745 0.116542 0.0613648 0.0122632 0.0437489 0.185233 0.532796 1.48726 