0.569738 0.51231 0.419769 0.320155 0.286454 0.160514 0.074298 0.129491 0 0 0 0 0 0 0 0 0 0 0 0 0 0 0 0 0 0 0 0 0.0620678 0.11491 0.162279 0.0453958 0.091419 0.291298 0.500493 0.826338 0.66283 2.76031 
0.50977 0.263116 0.0206174 0.0797004 0.0527834 0.0588829 0.0882959 0.0659312 0 0 0 0 0 0 0 0 0 0 0 0 0 0 0 0 0 0 0 0 0.0512426 0.0723161 0.013807 0.0245897 0.178418 0.202 0.132317 0.139655 0.450637 2.53225 
1.30153 0.449121 0.434234 0.155222 0.0716319 0.249101 0.13188 0.0569072 0 0 0 0 0 0 0 0 0 0 0 0 0 0 0 0 0 0 0 0 0.150421 0.194342 0.149452 0.343204 0.23052 0.079076 0.760794 0.75752 0.371044 9.23653 
0.474617 0.094415 0.133004 0.0590179 0.0374094 0.0331892 0.0429972 0.0231008 0 0 0 0 0 0 0 0 0 0 0 0 0 0 0 0 0 0 0 0 0.00868207 0.0119138 0.03753 0.0558354 0.0701799 0.0539031 0.145028 0.113712 0.482932 1.24441 
0.464373 0.312944 0.197941 0.229738 0.109956 0.122173 0.0981383 0.0635994 0 0 0 0 0 0 0 0 0 0 0 0 0 0 0 0 0 0 0 0 0.138488 0.145621 0.180238 0.20803 0.199034 0.324294 0.284338 0.382718 0.582987 1.10559 
0.653887 0.249749 0.158853 0.056083 0.145439 0.0503054 0.0787322 0.0758554 0 0 0 0 0 0 0 0 0 0 0 0 0 0 0 0 0 0 0 0 0.106425 0.084334 0.0545831 0.144873 0.0953071 0.133622 0.184285 0.0508394 0.436791 2.99829 
0.204065 0.0949816 0.0724733 0.0239325 0.112533 0.0578993 0.0635391 0.0186286 0 0 0 0 0 0 0 0 0 0 0 0 0 0 0 0 0 0 0 0 0.0473896 0.130372 0.0273211 0.0562048 0.068826 0.130753 0.139422 0.293195 0.509495 1.75448 
0.243736 0.160339 0.0661052 0.10357 0.127334 0.201349 0.0951938 0.0798033 0 0 0 0 0 0 0 0 0 0 0 0 0 0 0 0 0 0 0 0 0.0301479 0.041332 0.0146924 0.100187 0.140463 0.105683 0.339623 0.0396586 0.201341 2.6001 
0.339001 0.167292 0.0858906 0.125592 0.0956302 0.0269593 0.0192605 0.0292469 0 0 0 0 0 0 0 0 0 0 0 0 0 0 0 0 0 0 0 0 0.0407914 0.0312593 0.0299145 0.049321 0.0691072 0.0409546 0.0961619 0.0808142 0.342177 2.34213 
0.835857 0.256097 0.0206634 0.179304 0.256654 0.0918022 0.0790878 0.0527465 0 0 0 0 0 0 0 0 0 0 0 0 0 0 0 0 0 0 0 0 0.0247356 0.133574 0.103859 0.145996 0.282722 0.0713334 0.406034 0.115409 0.85391 2.47083 
0.320237 0.100565 0.0710851 0.0455545 0.0399607 0.0353721 0.0221722 0.0354966 0 0 0 0 0 0 0 0 0 0 0 0 0 0 0 0 0 0 0 0 0.00743197 0.038344 0.0425528 0.093466 0.0806021 0.076977 0.23995 0.325775 0.304712 1.95402 
0.20897 0.231248 0.0739854 0.0506922 0.0386741 0.0435674 0.0178558 0.00420346 0 0 0 0 0 0 0 0 0 0 0 0 0 0 0 0 0 0 0 0 0.00856722 0.013316 0.035614 0.0432903 0.046705 0.0661041 0.0333303 0.13467 0.254516 2.12422 
0.695371 0.037406 0.162192 0.131957 0.094415 0.0939941 0.04007 0.0278004 0 0 0 0 0 0 0 0 0 0 0 0 0 0 0 0 0 0 0 0 0.0129355 0.0604956 0.0331649 0.0512058 0.0666977 0.228281 0.245613 0.29513 0.636454 4.04515 
0.227046 0.26277 0.0901101 0.127544 0.0958893 0.081217 0.0546883 0.0981759 0 0 0 0 0 0 0 0 0 0 0 0 0 0 0 0 0 0 0 0 0.0368215 0.0383903 0.0194603 0.113575 0.102433 0.131398 0.298081 0.0905157 0.645155 2.53413 
1.24128 0.956281 0.104778 0.761986 0.647891 0.211344 0.219789 0.358639 0 0 0 0 0 0 0 0 0 0 0 0 0 0 0 0 0 0 0 0 0.29543 0.563856 0.46834 0.00431035 0.985262 0.707367 0.79933 0.323091 0.789062 6.59805 
0.882074 0.392327 0.897486 0.275509 0.121925 0.358606 0.209689 0.16023 0 0 0 0 0 0 0 0 0 0 0 0 0 0 0 0 0 0 0 0 0.237016 0.185508 0.0452805 0.282386 0.47166 0.0535908 0.139302 0.732243 1.56489 10.6244 
0.442656 0.70764 0.508519 0.493 0.23386 0.23658 0.0863841 0.102945 0 0 0 0 0 0 0 0 0 0 0 0 0 0 0 0 0 0 0 0 0.144081 0.0566561 0.107099 0.181104 0.297302 0.10469 0.554789 1.27216 1.56471 4.35381 
2.13216 0.714841 0.728029 0.313273 0.372911 0.165201 0.142879 0.149705 0 0 0 0 0 0 0 0 0 0 0 0 0 0 0 0 0 0 0 0 0.0951386 0.248335 0.122664 0.282207 0.23906 0.228793 0.375699 0.501471 4.73413 3.27022 
0.473822 0.172096 0.162059 0.0923146 0.0288797 0.0466482 0.0525555 0.0550201 0 0 0 0 0 0 0 0 0 0 0 0 0 0 0 0 0 0 0 0 0.0396164 0.0690779 0.110038 0.112653 0.115911 0.0482593 0.0394248 0.529318 0.252637 1.95839 
0.237512 0.258694 0.111755 0.0954817 0.0702516 0.0970221 0.108101 0.156657 0 0 0 0 0 0 0 0 0 0 0 0 0 0 0 0 0 0 0 0 0.0473491 0.0973283 0.125789 0.0455717 0.0412336 0.0644809 0.107596 0.0899229 0.752023 4.16721 
0.362063 0.378511 0.0804055 0.14542 0.21703 0.206166 0.0924706 0.0824192 0 0 0 0 0 0 0 0 0 0 0 0 0 0 0 0 0 0 0 0 0.0623304 0.0751979 0.0630219 0.0461882 0.111404 0.221375 0.469939 0.283033 0.517692 9.5555 
2.60954 0.458898 0.342876 0.270575 0.129069 0.190352 0.2419 0.0407295 0 0 0 0 0 0 0 0 0 0 0 0 0 0 0 0 0 0 0 0 0.194899 0.285279 0.183375 0.311604 0.497102 0.473158 0.848164 1.38258 1.03352 7.35048 
0.55698 0.290147 0.271583 0.213238 0.154496 0.103912 0.107339 0.0818188 0 0 0 0 0 0 0 0 0 0 0 0 0 0 0 0 0 0 0 0 0.15312 0.120203 0.20213 0.139785 0.254246 0.233296 0.321136 0.393912 0.631799 1.01475 
0.12661 0.135089 0.227828 0.0589456 0.0656731 0.0924467 0.0886668 0.102539 0 0 0 0 0 0 0 0 0 0 0 0 0 0 0 0 0 0 0 0 0.043384 0.149604 0.0532918 0.192792 0.119989 0.292797 0.115563 0.523064 0.581692 3.67816 
0.947467 0.59752 0.792974 0.324 0.238803 0.143846 0.0618934 0.148224 0 0 0 0 0 0 0 0 0 0 0 0 0 0 0 0 0 0 0 0 0.116399 0.0679915 0.235563 0.168614 0.385687 0.347107 0.38442 0.567464 1.07854 6.45935 
0.208448 0.133216 0.113106 0.0564559 0.0408508 0.0616053 0.0277298 0.0115909 0 0 0 0 0 0 0 0 0 0 0 0 0 0 0 0 0 0 0 0 0.0266634 0.0347464 0.0219801 0.054612 0.0464245 0.14367 0.125745 0.25285 0.495604 1.65847 
0.614359 0.0170698 0.100213 0.116705 0.0325966 0.0235205 0.0270937 0.0148078 0 0 0 0 0 0 0 0 0 0 0 0 0 0 0 0 0 0 0 0 0.0382338 0.0136882 0.0451619 0.0154098 0.0272532 0.063633 0.0920928 0.178742 0.497945 1.66951 
1.05739 1.20181 0.671385 0.663991 0.772945 0.506229 0.457934 0.181069 0 0 0 0 0 0 0 0 0 0 0 0 0 0 0 0 0 0 0 0 0.26588 0.330005 0.441578 0.266207 0.437264 0.625327 1.01071 1.47041 2.16638 5.72569 
1.63177 0.601442 0.363101 0.412078 0.169989 0.14661 0.086728 0.221551 0 0 0 0 0 0 0 0 0 0 0 0 0 0 0 0 0 0 0 0 0.283375 0.226729 0.248962 0.413209 0.524691 0.482639 0.358933 1.49215 2.05445 7.07435 
0.125053 0.0084082 0.101722 0.112139 0.0876721 0.0346414 0.104531 0.037363 0 0 0 0 0 0 0 0 0 0 0 0 0 0 0 0 0 0 0 0 0.0941833 0.0703739 0.0759344 0.0215104 0.0828877 0.0913127 0.240661 0.15589 0.98576 1.73855 
0.536101 0.289464 0.434518 0.23687 0.548482 0.193588 0.271582 0.108989 0 0 0 0 0 0 0 0 0 0 0 0 0 0 0 0 0 0 0 0 0.0938248 0.373387 0.1721 0.189984 1.19709 0.183818 0.232445 1.22739 0.629686 4.71628 
0.0438391 0.267982 0.0725462 0.0744257 0.0998006 0.0230777 0.0322406 0.0502764 0 0 0 0 0 0 0 0 0 0 0 0 0 0 0 0 0 0 0 0 0.0135573 0.0485413 0.0480551 0.0535274 0.165999 0.0524273 0.0313163 0.608803 0.121419 2.21182 
0.315358 0.116591 0.102336 0.0929542 0.041526 0.0526186 0.023567 0.0236885 0 0 0 0 0 0 0 0 0 0 0 0 0 0 0 0 0 0 0 0 0.0297727 0.0309532 0.0202338 0.02222 0.0539183 0.144509 0.164429 0.166219 0.40784 1.61013 
1.19535 0.570748 0.780241 0.207137 0.186737 0.0843743 0.107789 0.180971 0 0 0 0 0 0 0 0 0 0 0 0 0 0 0 0 0 0 0 0 0.119113 0.0553148 0.292354 0.0310336 0.235589 0.0810635 0.0799604 0.861332 3.30356 4.18422 
0.522442 0.504154 0.21703 0.165504 0.046493 0.056546 0.073595 0.0894629 0 0 0 0 0 0 0 0 0 0 0 0 0 0 0 0 0 0 0 0 0.0720834 0.123557 0.120869 0.101297 0.166238 0.038778 0.469197 0.387661 0.378153 3.97388 
1.04968 0.490471 0.291734 0.168136 0.108583 0.0343872 0.0919821 0.0723906 0 0 0 0 0 0 0 0 0 0 0 0 0 0 0 0 0 0 0 0 0.00734144 0.162404 0.00762066 0.185698 0.0644225 0.44257 0.273656 0.368321 0.564843 7.12679 
0.730591 0.17317 0.229675 0.138856 0.0473493 0.151124 0.0109644 0.010696 0 0 0 0 0 0 0 0 0 0 0 0 0 0 0 0 0 0 0 0 0.0913708 0.0533438 0.120655 0.183941 0.0371824 0.101307 0.177056 0.494528 1.11631 4.04171 
1.28041 1.38782 0.396143 0.711593 0.537028 0.545086 0.211119 0.341896 0 0 0 0 0 0 0 0 0 0 0 0 0 0 0 0 0 0 0 0 0.226287 0.0617194 0.379478 0.381383 0.979197 0.331304 0.326338 1.21572 2.10715 15.4847 
0.207821 0.199491 0.0619616 0.0983863 0.0761125 0.0445175 0.0914118 0.0197471 0 0 0 0 0 0 0 0 0 0 0 0 0 0 0 0 0 0 0 0 0.0602913 0.0336851 0.0977263 0.060392 0.0913365 0.07974 0.052753 0.234414 0.0569627 1.94963 
0.169722 0.29385 0.244434 0.169705 0.310405 0.225625 0.111723 0.233513 0 0 0 0 0 0 0 0 0 0 0 0 0 0 0 0 0 0 0 0 0.0179468 0.0646148 0.0706117 0.317409 0.127474 0.317524 0.312924 1.20607 0.685286 9.94778 
0.217946 0.189209 0.120938 0.0358722 0.0322764 0.0554867 0.0222953 0.0065662 0 0 0 0 0 0 0 0 0 0 0 0 0 0 0 0 0 0 0 0 0.0257373 0.0148573 0.0498351 0.0701385 0.0122943 0.0397067 0.0518452 0.218849 0.1498 1.74007 
0.0635265 0.54611 0.0206273 0.0525676 0.0266024 0.0169156 0.0839444 0.0714898 0 0 0 0 0 0 0 0 0 0 0 0 0 0 0 0 0 0 0 0 0.0349103 0.112446 0.071396 0.11271 0.144261 0.12967 0.099835 0.284602 0.701149 4.07131 
0.202811 0.255533 0.330469 0.302782 0.146101 0.056139 0.0791342 0.183802 0 0 0 0 0 0 0 0 0 0 0 0 0 0 0 0 0 0 0 0 0.190069 0.149066 0.0978248 0.207789 0.423221 0.518014 1.01112 1.36476 1.40218 7.79515 
0.157002 0.280289 0.083893 0.14877 0.219109 0.0783175 0.0380374 0.133748 0 0 0 0 0 0 0 0 0 0 0 0 0 0 0 0 0 0 0 0 0.0476832 0.0443752 0.131339 0.0213092 0.154725 0.265034 0.381998 0.185786 0.280123 4.42577 
0.165164 0.279258 0.260661 0.254651 0.149281 0.0702179 0.146378 0.0274736 0 0 0 0 0 0 0 0 0 0 0 0 0 0 0 0 0 0 0 0 0.0736684 0.0762223 0.126544 0.0650923 0.195983 0.371267 0.5986 0.40033 0.745484 2.61078 
0.169944 0.237473 0.118005 0.0621872 0.0360374 0.0874621 0.0314162 0.0615132 0 0 0 0 0 0 0 0 0 0 0 0 0 0 0 0 0 0 0 0 0.0210269 0.0885142 0.0156076 0.0949367 0.073226 0.0691322 0.055113 0.312596 0.144231 1.73379 
0.762971 0.265729 0.0829301 0.16114 0.122571 0.0564865 0.0607665 0.0375225 0 0 0 0 0 0 0 0 0 0 0 0 0 0 0 0 0 0 0 0 0.100249 0.07396 0.0980273 0.0647422 0.0945552 0.0656054 0.282428 0.325277 0.829328 3.33711 
0.962227 0.246381 0.174204 0.292221 0.286344 0.0705427 0.112941 0.18969 0 0 0 0 0 0 0 0 0 0 0 0 0 0 0 0 0 0 0 0 0.0719619 0.354174 0.188763 0.106867 0.250302 0.0905439 0.276121 0.666061 0.362772 5.66976 
0.626235 0.062259 0.0724853 0.141002 0.200701 0.311713 0.209509 0.0681377 0 0 0 0 0 0 0 0 0 0 0 0 0 0 0 0 0 0 0 0 0.0495995 0.238685 0.185046 0.171437 0.217191 0.154072 0.513937 0.510466 1.39889 4.45064 
0.425295 1.3279 0.507726 0.262785 0.240364 0.178292 0.260542 0.133371 0 0 0 0 0 0 0 0 0 0 0 0 0 0 0 0 0 0 0 0 0.471838 0.506005 0.295055 0.30232 0.133182 0.792506 0.908471 0.356994 2.78039 6.75118 
0.396647 0.173586 0.0998474 0.306284 0.0603051 0.0983387 0.0449951 0.0359865 0 0 0 0 0 0 0 0 0 0 0 0 0 0 0 0 0 0 0 0 0.0139809 0.0477073 0.100604 0.0797004 0.130867 0.0565189 0.426967 0.178709 0.84174 5.08989 
0.111516 0.569414 0.264015 0.144761 0.0794088 0.0714195 0.0263917 0.0366497 0 0 0 0 0 0 0 0 0 0 0 0 0 0 0 0 0 0 0 0 0.0601753 0.0728348 0.0396492 0.146303 0.0509106 0.296091 0.26896 0.270612 0.584285 3.15445 
1.19912 1.98602 0.704308 0.292269 0.21656 0.574271 0.445655 0.141604 0 0 0 0 0 0 0 0 0 0 0 0 0 0 0 0 0 0 0 0 0.135015 0.884808 0.676449 0.903963 0.421361 1.09189 0.568005 0.483302 3.31341 14.1235 
0.6972 1.26432 0.435285 0.602396 0.607873 0.140452 0.594006 0.183931 0 0 0 0 0 0 0 0 0 0 0 0 0 0 0 0 0 0 0 0 0.0491547 0.368255 0.132777 0.885165 0.227858 0.542992 0.925775 1.95587 0.868393 18.2801 
0.155859 0.111381 0.0658595 0.0676913 0.00564913 0.0380281 0.0434497 0.0207141 0 0 0 0 0 0 0 0 0 0 0 0 0 0 0 0 0 0 0 0 0.0214754 0.0114926 0.00400974 0.0628752 0.0694678 0.106931 0.0725145 0.109812 0.113622 1.55865 
0.181642 0.0217269 0.123639 0.065369 0.102782 0.0201318 0.0537517 0.0284 0 0 0 0 0 0 0 0 0 0 0 0 0 0 0 0 0 0 0 0 0.0483224 0.0349504 0.040444 0.0491552 0.112157 0.0972604 0.0777217 0.0797854 0.294903 1.63281 
0.468918 0.549371 0.284178 0.476543 0.124429 0.191083 0.163599 0.179394 0 0 0 0 0 0 0 0 0 0 0 0 0 0 0 0 0 0 0 0 0.16708 0.0935267 0.0236864 0.240911 0.165025 0.214528 0.388569 0.53277 1.13617 8.35547 
0.721255 0.827417 0.348527 0.144632 0.272649 0.187328 0.264746 0.0754678 0 0 0 0 0 0 0 0 0 0 0 0 0 0 0 0 0 0 0 0 0.114793 0.211476 0.0648948 0.214535 0.456264 0.416306 0.581369 0.989705 0.575067 5.28681 
0.793371 0.0825161 0.680859 0.651418 0.407766 0.293666 0.200365 0.132894 0 0 0 0 0 0 0 0 0 0 0 0 0 0 0 0 0 0 0 0 0.171946 0.277278 0.422918 0.577666 0.463262 0.34841 0.968436 0.908581 1.82192 3.3414 
0.163925 0.132562 0.252682 0.0599872 0.374297 0.281985 0.205664 0.234315 0 0 0 0 0 0 0 0 0 0 0 0 0 0 0 0 0 0 0 0 0.195844 0.341995 0.178678 0.182697 0.178079 0.0518779 0.124489 0.722927 1.39405 3.74638 
0.520236 0.50811 0.195129 0.21886 0.196671 0.0524082 0.119329 0.0896457 0 0 0 0 0 0 0 0 0 0 0 0 0 0 0 0 0 0 0 0 0.0635552 0.0567823 0.0747821 0.0730624 0.172886 0.432875 0.2455 0.676993 0.915375 2.56737 
0.457691 0.154319 0.418625 0.0851987 0.118591 0.178075 0.0948098 0.0596814 0 0 0 0 0 0 0 0 0 0 0 0 0 0 0 0 0 0 0 0 0.114411 0.0208961 0.0721068 0.0830477 0.167478 0.100668 0.0979967 0.108484 0.624586 6.5694 
0.0733416 0.120694 0.109438 0.0786494 0.0580516 0.0554866 0.0435074 0.0338599 0 0 0 0 0 0 0 0 0 0 0 0 0 0 0 0 0 0 0 0 0.0627892 0.0796468 0.0458175 0.0413572 0.0457704 0.132271 0.117338 0.275754 0.398181 2.50174 
2.55452 0.984264 0.577862 0.619587 0.83916 0.548489 0.135625 0.307296 0 0 0 0 0 0 0 0 0 0 0 0 0 0 0 0 0 0 0 0 0.0959894 0.273189 0.283121 0.260242 1.22484 1.0781 3.06878 1.49479 0.833694 15.2369 
0.101662 0.0928594 0.075359 0.0497744 0.0125128 0.0178875 0.0241376 0.00411325 0 0 0 0 0 0 0 0 0 0 0 0 0 0 0 0 0 0 0 0 0.0371239 0.0368131 0.0205828 0.0396112 0.00156482 0.0291452 0.0425341 0.176328 0.243013 1.68504 
0.323164 0.925958 0.0818381 0.297363 0.150392 0.0672924 0.0770103 0.135694 0 0 0 0 0 0 0 0 0 0 0 0 0 0 0 0 0 0 0 0 0.127105 0.154456 0.0715749 0.371593 0.241345 0.243644 0.200516 0.483406 3.10947 5.1027 
3.43296 1.79793 0.940068 1.03231 0.907926 0.365524 0.642649 0.960548 0 0 0 0 0 0 0 0 0 0 0 0 0 0 0 0 0 0 0 0 0.364102 0.544132 0.307622 0.510134 1.49001 1.77521 1.71597 3.24969 6.25474 14.2943 
0.209454 0.0419216 0.102051 0.0473934 0.0618622 0.0286044 0.0271919 0.0208009 0 0 0 0 0 0 0 0 0 0 0 0 0 0 0 0 0 0 0 0 0.00583072 0.0192204 0.0195954 0.0391097 0.129462 0.111235 0.106725 0.128012 0.194394 2.08896 
0.870316 0.295668 0.352971 0.591047 0.283704 0.32961 0.272974 0.165383 0 0 0 0 0 0 0 0 0 0 0 0 0 0 0 0 0 0 0 0 0.113527 0.421522 0.259506 0.107443 0.190923 0.238709 0.669826 0.862654 2.52201 14.4062 
0.896416 0.523554 0.338613 0.210491 0.034814 0.0418653 0.132735 0.0717777 0 0 0 0 0 0 0 0 0 0 0 0 0 0 0 0 0 0 0 0 0.127206 0.128225 0.0908736 0.0573152 0.280088 0.259648 0.1684 0.807873 1.13202 4.09649 
0.227388 0.189099 0.127753 0.147411 0.0893508 0.0533305 0.0184642 0.0119045 0 0 0 0 0 0 0 0 0 0 0 0 0 0 0 0 0 0 0 0 0.0692517 0.0801062 0.064528 0.0778597 0.0211262 0.10748 0.0838365 0.224593 0.462506 1.47139 
0.311651 0.29627 0.287037 0.00747691 0.074527 0.0282594 0.0581664 0.0267395 0 0 0 0 0 0 0 0 0 0 0 0 0 0 0 0 0 0 0 0 0.0146261 0.0743576 0.04314 0.103035 0.0917818 0.15523 0.233403 0.468813 0.351998 3.76316 
1.80612 0.526452 0.504573 0.447574 0.571139 0.391454 0.0546344 0.350436 0 0 0 0 0 0 0 0 0 0 0 0 0 0 0 0 0 0 0 0 0.138325 0.15385 0.157474 0.364909 0.79044 0.206454 1.29554 1.4183 1.83305 11.9765 
0.488126 0.109472 0.15674 0.0542147 0.0835824 0.0221227 0.0470926 0.0259712 0 0 0 0 0 0 0 0 0 0 0 0 0 0 0 0 0 0 0 0 0.0229599 0.0104524 0.0624143 0.0291114 0.0819804 0.0779975 0.183859 0.25307 0.141783 2.72999 
0.448533 0.111472 0.0167304 0.0748727 0.124964 0.0415608 0.0729771 0.0736495 0 0 0 0 0 0 0 0 0 0 0 0 0 0 0 0 0 0 0 0 0.121906 0.0904921 0.0217741 0.0944104 0.0684559 0.183886 0.299496 0.367731 0.32561 3.85368 
1.06774 1.06256 0.480779 0.482689 0.467733 0.732198 0.162305 0.366778 0 0 0 0 0 0 0 0 0 0 0 0 0 0 0 0 0 0 0 0 0.20251 0.324415 0.190161 0.41498 0.218583 0.0202992 1.14478 0.727539 1.30693 8.71624 
4.03972 1.85355 1.81092 0.879763 0.177415 0.842051 0.809322 0.560674 0 0 0 0 0 0 0 0 0 0 0 0 0 0 0 0 0 0 0 0 0.65382 0.307322 0.131521 0.181953 0.655822 1.5777 2.12701 0.379858 5.7346 32.5461 
0.452913 0.181388 0.0929962 0.161731 0.11534 0.0562127 0.102312 0.0468629 0 0 0 0 0 0 0 0 0 0 0 0 0 0 0 0 0 0 0 0 0.0678557 0.035379 0.101391 0.0472691 0.144168 0.230302 0.0438606 0.241616 0.705814 3.56728 
0.519643 0.289004 0.164867 0.0991758 0.163416 0.0737246 0.0893343 0.0462053 0 0 0 0 0 0 0 0 0 0 0 0 0 0 0 0 0 0 0 0 0.0596337 0.161947 0.115617 0.0509188 0.211968 0.0997603 0.105174 0.461914 0.359725 7.67068 
0.557048 0.0996553 0.00309597 0.123091 0.0396934 0.06438 0.0572615 0.0629633 0 0 0 0 0 0 0 0 0 0 0 0 0 0 0 0 0 0 0 0 0.0647389 0.0350815 0.0623243 0.119099 0.164086 0.178491 0.137532 0.195958 0.625547 3.79902 
1.29515 0.90817 1.02155 0.673748 0.819325 0.62315 0.140882 0.387258 0 0 0 0 0 0 0 0 0 0 0 0 0 0 0 0 0 0 0 0 0.312 0.19805 0.726066 1.33286 1.02128 0.701177 0.835678 0.95494 1.59186 13.2798 
0.289678 0.285282 0.249663 0.282935 0.0880285 0.0598654 0.0614765 0.0667819 0 0 0 0 0 0 0 0 0 0 0 0 0 0 0 0 0 0 0 0 0.0306079 0.0422522 0.0768676 0.0453451 0.174647 0.16666 0.4261 0.189607 0.24516 3.60083 
0.110116 0.96973 0.383994 0.247851 0.138581 0.371136 0.232016 0.253774 0 0 0 0 0 0 0 0 0 0 0 0 0 0 0 0 0 0 0 0 0.254434 0.288231 0.144817 0.142255 0.224925 0.290298 0.515035 0.217318 0.663333 7.72648 
0.339083 0.33896 0.167282 0.116875 0.0702407 0.0538154 0.0503978 0.0354567 0 0 0 0 0 0 0 0 0 0 0 0 0 0 0 0 0 0 0 0 0.0603359 0.056948 0.0680846 0.0526968 0.0490694 0.120536 0.0480947 0.308288 0.556066 2.29766 
0.0473933 0.159918 0.108335 0.025439 0.0386307 0.0284236 0.010228 0.0303305 0 0 0 0 0 0 0 0 0 0 0 0 0 0 0 0 0 0 0 0 0.0157894 0.0313122 0.029108 0.0409371 0.0548422 0.0697915 0.0584646 0.196369 0.206735 1.30417 
0.474237 0.142258 0.175618 0.155206 0.181305 0.0789705 0.0983622 0.0550238 0 0 0 0 0 0 0 0 0 0 0 0 0 0 0 0 0 0 0 0 0.0611439 0.214363 0.0652424 0.0776638 0.128469 0.060079 0.074895 0.3012 0.579349 4.3598 
0.427836 0.35225 0.275743 0.0836258 0.157615 0.0570806 0.0104858 0.0307941 0 0 0 0 0 0 0 0 0 0 0 0 0 0 0 0 0 0 0 0 0.0906243 0.0627057 0.114661 0.135185 0.127422 0.174583 0.323529 0.242651 0.82458 3.1509 
0.683337 2.16366 1.09087 0.73563 0.687064 0.377434 0.175152 0.105607 0 0 0 0 0 0 0 0 0 0 0 0 0 0 0 0 0 0 0 0 0.387796 0.15088 0.523195 0.337863 0.845159 0.529742 1.36162 2.26156 4.07459 10.9014 
0.0299249 0.0293345 0.130367 0.0744084 0.035934 0.0164609 0.0307885 0.0154857 0 0 0 0 0 0 0 0 0 0 0 0 0 0 0 0 0 0 0 0 0.0145796 0.030371 0.0344445 0.0227104 0.033315 0.105332 0.189353 0.241207 0.221769 1.91022 
2.68923 1.54643 1.52014 0.425798 0.533167 0.940554 0.273163 0.391207 0 0 0 0 0 0 0 0 0 0 0 0 0 0 0 0 0 0 0 0 0.257275 0.279876 0.0263113 0.491002 0.707439 0.641868 1.82536 1.36882 3.58894 23.3144 
0.762732 0.623303 0.0573369 0.150829 0.1247 0.0833347 0.145201 0.166462 0 0 0 0 0 0 0 0 0 0 0 0 0 0 0 0 0 0 0 0 0.127505 0.143812 0.14879 0.0146722 0.139371 0.271576 0.361311 0.623686 1.13056 7.48292 
0.282681 0.165154 0.200293 0.283341 0.24595 0.265261 0.363059 0.211296 0 0 0 0 0 0 0 0 0 0 0 0 0 0 0 0 0 0 0 0 0.193765 0.187934 0.263833 0.0751337 0.128412 0.111616 0.116395 0.383109 1.06845 5.24373 
0.141933 0.231591 0.0482929 0.0409557 0.0138184 0.0355487 0.0160513 0.0129854 0 0 0 0 0 0 0 0 0 0 0 0 0 0 0 0 0 0 0 0 0.0234565 0.0220197 0.0266839 0.0335083 0.0481565 0.0155222 0.12987 0.267587 0.0911707 1.93827 
1.17313 0.551009 0.275611 0.329428 0.246523 0.132769 0.0814761 0.182723 0 0 0 0 0 0 0 0 0 0 0 0 0 0 0 0 0 0 0 0 0.2047 0.146713 0.331271 0.237624 0.0578333 0.238995 0.674891 0.899626 1.61632 2.77988 
0.429002 0.270716 0.24177 0.259875 0.0587295 0.0641111 0.185473 0.205931 0 0 0 0 0 0 0 0 0 0 0 0 0 0 0 0 0 0 0 0 0.150433 0.168667 0.1037 0.209429 0.233206 0.285703 0.417567 0.521851 0.7682 2.28302 
1.34572 0.495512 0.709643 0.180278 0.582629 0.189101 0.32432 0.255405 0 0 0 0 0 0 0 0 0 0 0 0 0 0 0 0 0 0 0 0 0.221997 0.394858 0.330574 0.44066 0.240327 0.776749 0.446571 1.49142 1.84459 5.30377 
0.262067 0.211526 0.0762144 0.0106703 0.018327 0.0409754 0.0399923 0.069737 0 0 0 0 0 0 0 0 0 0 0 0 0 0 0 0 0 0 0 0 0.0224297 0.0385894 0.0289408 0.0498388 0.0468069 0.0661697 0.131154 0.135737 0.532924 2.93275 
0.279365 0.872398 0.423223 0.358733 0.236516 0.0899797 0.196053 0.0620943 0 0 0 0 0 0 0 0 0 0 0 0 0 0 0 0 0 0 0 0 0.118264 0.162425 0.0897925 0.12182 0.102299 0.227215 0.619011 1.39729 0.16054 5.80334 