0.37608 0.209126 0.0506224 0.0511953 0.0621411 0.0606686 0.0372518 0.0277832 0 0 0 0 0 0 0 0 0 0 0 0 0 0 0 0 0 0 0 0 0.0326399 0.0242326 0.018905 0.0309034 0.0267828 0.178252 0.217472 0.177068 0.51658 1.63762 
0.211469 0.239231 0.13325 0.0804411 0.037397 0.0252623 0.0433459 0.0229805 0 0 0 0 0 0 0 0 0 0 0 0 0 0 0 0 0 0 0 0 0.0615306 0.0755872 0.0496217 0.0913158 0.126548 0.0757391 0.238373 0.393194 0.384567 2.1456 
0.495513 0.23018 0.181096 0.161663 0.318672 0.12649 0.0250017 0.0362264 0 0 0 0 0 0 0 0 0 0 0 0 0 0 0 0 0 0 0 0 0.0443402 0.0258923 0.202893 0.107981 0.16996 0.0935847 0.0908912 0.114477 0.442423 2.91772 
0.941871 0.932219 0.401653 0.0789162 0.178049 0.173407 0.207668 0.181818 0 0 0 0 0 0 0 0 0 0 0 0 0 0 0 0 0 0 0 0 0.238501 0.328564 0.245717 0.472167 0.391517 0.666182 1.05144 0.693889 1.059 2.51537 
0.22074 0.269245 0.247432 0.20303 0.220209 0.138903 0.154861 0.120392 0 0 0 0 0 0 0 0 0 0 0 0 0 0 0 0 0 0 0 0 0.1661 0.268498 0.401165 0.196775 0.30003 0.0498057 0.23939 1.03188 1.63288 2.45975 
0.36006 0.254992 0.197127 0.407193 0.0635138 0.378446 0.0901646 0.30747 0 0 0 0 0 0 0 0 0 0 0 0 0 0 0 0 0 0 0 0 0.0843624 0.339068 0.14723 0.394086 0.137768 0.846583 0.16759 1.29068 0.360476 7.85957 
0.860409 0.770263 0.289553 0.172965 0.229292 0.10242 0.117276 0.176153 0 0 0 0 0 0 0 0 0 0 0 0 0 0 0 0 0 0 0 0 0.103599 0.152886 0.00641313 0.292078 0.0230223 0.397003 0.465853 0.824509 1.62588 5.79066 
0.820502 0.382603 0.162774 0.0511852 0.185289 0.0487093 0.0925891 0.0368224 0 0 0 0 0 0 0 0 0 0 0 0 0 0 0 0 0 0 0 0 0.130664 0.0714854 0.0420838 0.174708 0.00749023 0.229165 0.0733965 0.266425 0.564032 3.77114 
0.667664 0.260118 0.154075 0.189648 0.225818 0.0882258 0.0877113 0.101496 0 0 0 0 0 0 0 0 0 0 0 0 0 0 0 0 0 0 0 0 0.109812 0.178596 0.165404 0.20777 0.34649 0.443555 0.893015 0.714771 0.992682 0.54657 
0.394853 0.106979 0.281683 0.132855 0.0755949 0.0708846 0.0870772 0.0353359 0 0 0 0 0 0 0 0 0 0 0 0 0 0 0 0 0 0 0 0 0.102712 0.0312676 0.0983916 0.0353442 0.0213833 0.260419 0.152657 0.322861 1.2104 1.57827 
0.403692 0.386325 0.106422 0.109198 0.0505097 0.0883326 0.0751848 0.0610101 0 0 0 0 0 0 0 0 0 0 0 0 0 0 0 0 0 0 0 0 0.0673192 0.0799924 0.0890095 0.0684712 0.100088 0.16602 0.193017 0.319591 1.05671 1.54192 
0.218458 0.260451 0.124558 0.194319 0.0662232 0.0268265 0.111522 0.0441188 0 0 0 0 0 0 0 0 0 0 0 0 0 0 0 0 0 0 0 0 0.0318419 0.0609348 0.0157466 0.0727526 0.107676 0.0954719 0.227248 0.56522 0.387026 3.00728 
2.8651 2.89057 2.0745 1.60832 1.13046 2.10984 0.750994 1.41749 0 0 0 0 0 0 0 0 0 0 0 0 0 0 0 0 0 0 0 0 0.374962 2.3437 0.844459 2.72052 1.12785 5.25966 0.960956 11.1068 4.26719 45.0289 
0.714786 1.96037 1.99772 1.0524 0.731791 0.736891 0.332784 0.377605 0 0 0 0 0 0 0 0 0 0 0 0 0 0 0 0 0 0 0 0 0.599987 0.148584 0.223846 0.681416 0.34584 0.844964 1.00734 1.51935 4.88677 25.5878 
2.94995 1.73903 3.25404 0.968177 0.563553 1.27752 0.193169 0.96309 0 0 0 0 0 0 0 0 0 0 0 0 0 0 0 0 0 0 0 0 0.7423 1.10603 0.790965 1.72113 1.43796 3.13542 2.96674 2.70777 3.09106 12.1049 
0.841666 0.39487 0.470352 0.120726 0.16279 0.0959866 0.112937 0.0922488 0 0 0 0 0 0 0 0 0 0 0 0 0 0 0 0 0 0 0 0 0.123586 0.0733149 0.124074 0.0664074 0.422616 0.0679843 0.752579 0.662386 0.728878 6.65989 
0.530627 0.279174 0.584265 0.0441921 0.0851609 0.0443943 0.0280087 0.0760273 0 0 0 0 0 0 0 0 0 0 0 0 0 0 0 0 0 0 0 0 0.0192653 0.0544389 0.163594 0.192352 0.122139 0.148374 0.400023 0.678735 0.329292 2.7402 
0.441559 0.157158 0.173337 0.197702 0.140934 0.0533993 0.0646245 0.0496131 0 0 0 0 0 0 0 0 0 0 0 0 0 0 0 0 0 0 0 0 0.132142 0.144628 0.0877907 0.067993 0.0337179 0.165481 0.174997 0.78492 0.929136 2.82914 
0.292502 0.188423 0.183282 0.174275 0.301983 0.138684 0.0185266 0.063574 0 0 0 0 0 0 0 0 0 0 0 0 0 0 0 0 0 0 0 0 0.110078 0.0152763 0.104766 0.217704 0.140973 0.211182 0.337845 0.66957 0.810854 3.49075 
0.561657 0.103783 0.125731 0.163441 0.306548 0.127453 0.163096 0.05456 0 0 0 0 0 0 0 0 0 0 0 0 0 0 0 0 0 0 0 0 0.0782098 0.0778715 0.0418893 0.226479 0.219352 0.169735 0.359265 0.665341 0.28613 4.41195 
0.314748 0.424649 0.247451 0.0797882 0.0801594 0.128228 0.0353461 0.0748125 0 0 0 0 0 0 0 0 0 0 0 0 0 0 0 0 0 0 0 0 0.0538739 0.0609144 0.10495 0.102812 0.11901 0.0297351 0.235663 0.144451 0.91376 4.02784 
0.692947 0.147196 1.03074 0.983798 0.255392 0.284927 0.0509967 0.0494393 0 0 0 0 0 0 0 0 0 0 0 0 0 0 0 0 0 0 0 0 0.0958823 0.0436744 0.245546 0.538135 0.48199 0.437142 0.550585 0.864494 3.03328 6.43013 
0.201651 0.0561825 0.140061 0.0467505 0.0741026 0.0290017 0.0267094 0.0583216 0 0 0 0 0 0 0 0 0 0 0 0 0 0 0 0 0 0 0 0 0.0896462 0.0713148 0.0236147 0.128973 0.140001 0.0505117 0.302866 0.4316 0.45051 2.59082 
0.397484 0.218484 0.298014 0.149913 0.150821 0.0707698 0.103484 0.0578966 0 0 0 0 0 0 0 0 0 0 0 0 0 0 0 0 0 0 0 0 0.0764837 0.0581417 0.0446309 0.110351 0.114748 0.0386329 0.412893 0.281479 0.46514 2.34127 
1.9469 0.824166 1.55269 1.27939 0.828223 0.640416 0.270312 0.781777 0 0 0 0 0 0 0 0 0 0 0 0 0 0 0 0 0 0 0 0 0.129873 0.433214 0.756994 1.08799 0.958532 1.93601 2.34042 1.70544 0.723119 29.8038 
0.933324 0.100775 0.213424 0.182497 0.0644215 0.240348 0.127863 0.120662 0 0 0 0 0 0 0 0 0 0 0 0 0 0 0 0 0 0 0 0 0.175389 0.102184 0.119182 0.100605 0.333053 0.0821877 0.310137 0.613765 0.828578 2.55842 
1.80984 1.65939 0.899267 1.20252 0.310484 0.615993 0.0297726 0.299139 0 0 0 0 0 0 0 0 0 0 0 0 0 0 0 0 0 0 0 0 1.63469 1.8171 1.8732 1.76936 1.57406 2.73708 1.46994 1.28132 3.75297 20.5687 
0.120517 0.206514 0.277863 0.100348 0.141697 0.0990902 0.0154282 0.0534438 0 0 0 0 0 0 0 0 0 0 0 0 0 0 0 0 0 0 0 0 0.206959 0.0460486 0.12062 0.20653 0.361195 0.24393 0.235467 0.442191 0.283099 2.53412 
0.262067 0.211526 0.0762144 0.0106703 0.018327 0.0409754 0.0399923 0.069737 0 0 0 0 0 0 0 0 0 0 0 0 0 0 0 0 0 0 0 0 0.0224297 0.0385894 0.0289408 0.0498388 0.0468069 0.0661697 0.131154 0.135737 0.532924 2.93275 
0.377443 0.704178 0.721183 0.358613 0.345745 0.277552 0.416277 0.192397 0 0 0 0 0 0 0 0 0 0 0 0 0 0 0 0 0 0 0 0 0.135582 0.199514 0.347987 0.223426 0.326863 0.418141 0.536694 1.2707 1.98176 3.39704 
1.8458 0.219113 0.374406 0.199139 0.196698 0.0937738 0.0290809 0.102933 0 0 0 0 0 0 0 0 0 0 0 0 0 0 0 0 0 0 0 0 0.13107 0.144308 0.273983 0.361599 0.25 0.197443 0.658209 0.686013 2.96799 4.55179 
0.299558 0.10884 0.07301 0.0322238 0.0737856 0.0141984 0.0165773 0.02638 0 0 0 0 0 0 0 0 0 0 0 0 0 0 0 0 0 0 0 0 0.0253008 0.0323962 0.0509561 0.015907 0.0246585 0.174573 0.156654 0.178865 0.175658 2.26972 
1.25539 0.333117 0.309108 0.409802 0.320191 0.139759 0.202432 0.182593 0 0 0 0 0 0 0 0 0 0 0 0 0 0 0 0 0 0 0 0 0.125968 0.211099 0.326743 0.438808 0.424874 0.50439 1.23522 0.857042 1.06587 5.43064 
0.997034 1.05851 0.9173 0.441321 0.166123 0.445948 0.104517 0.230882 0 0 0 0 0 0 0 0 0 0 0 0 0 0 0 0 0 0 0 0 0.306371 0.107614 0.277314 0.230494 0.220582 0.451062 0.871434 1.5184 0.545806 7.37905 
1.14964 0.592329 0.0941159 0.21873 0.121511 0.35453 0.274522 0.143052 0 0 0 0 0 0 0 0 0 0 0 0 0 0 0 0 0 0 0 0 0.177616 0.0973679 0.0256117 0.613107 0.479161 0.343486 0.806065 0.525999 1.07549 8.32501 
0.451757 0.613509 0.455793 0.0178837 0.189563 0.0523658 0.134873 0.175842 0 0 0 0 0 0 0 0 0 0 0 0 0 0 0 0 0 0 0 0 0.0861492 0.212425 0.17019 0.28433 0.566506 0.627503 0.226911 0.579331 1.91542 8.15854 
0.490076 0.41042 0.38548 0.272646 0.217934 0.129087 0.168607 0.128561 0 0 0 0 0 0 0 0 0 0 0 0 0 0 0 0 0 0 0 0 0.168297 0.217993 0.243521 0.223645 0.265908 0.285276 0.403911 0.55386 0.838893 2.2302 
1.64007 0.375935 0.303199 0.0661218 0.0955469 0.108837 0.146124 0.0922822 0 0 0 0 0 0 0 0 0 0 0 0 0 0 0 0 0 0 0 0 0.100245 0.140073 0.0293196 0.0807754 0.259718 0.493065 0.398606 0.38063 1.37465 5.38729 
0.341755 0.136711 0.274052 0.190295 0.171878 0.148471 0.134392 0.113434 0 0 0 0 0 0 0 0 0 0 0 0 0 0 0 0 0 0 0 0 0.137298 0.114288 0.12255 0.188297 0.196506 0.314668 0.27427 0.200229 0.511628 2.39545 
0.0800626 0.12652 0.160685 0.245787 0.10629 0.0500603 0.0367562 0.060264 0 0 0 0 0 0 0 0 0 0 0 0 0 0 0 0 0 0 0 0 0.114538 0.11434 0.124793 0.204291 0.284759 0.299914 0.0522404 0.629424 0.933544 4.02719 
0.71955 0.199377 0.0687519 0.227012 0.203027 0.147872 0.0857771 0.0704804 0 0 0 0 0 0 0 0 0 0 0 0 0 0 0 0 0 0 0 0 0.133359 0.136597 0.143228 0.204878 0.311426 0.260703 0.450003 0.13419 0.451047 1.05706 
0.388829 0.284524 0.518964 0.472426 0.270757 0.113215 0.118576 0.0641039 0 0 0 0 0 0 0 0 0 0 0 0 0 0 0 0 0 0 0 0 0.109884 0.123739 0.0931304 0.104166 0.218955 0.142139 0.175412 0.888899 3.59781 5.84666 
0.36005 0.164731 0.120641 0.020252 0.0709846 0.0606115 0.0270556 0.0540472 0 0 0 0 0 0 0 0 0 0 0 0 0 0 0 0 0 0 0 0 0.0195224 0.0606417 0.0335574 0.100844 0.108656 0.0218964 0.193147 0.20966 0.0944272 2.83461 
0.632073 0.631617 0.355844 0.275118 0.427739 0.0639096 0.281496 0.106192 0 0 0 0 0 0 0 0 0 0 0 0 0 0 0 0 0 0 0 0 0.312305 0.248805 0.384977 0.262232 0.628858 0.549251 0.530446 1.0324 1.03111 6.08038 
0.293889 0.0331339 0.107894 0.0678254 0.0875568 0.0535362 0.0189263 0.0265914 0 0 0 0 0 0 0 0 0 0 0 0 0 0 0 0 0 0 0 0 0.0771457 0.0771116 0.0935565 0.0234035 0.114549 0.0299856 0.0874387 0.29402 0.396905 2.28633 
0.661424 0.311012 0.352399 0.230964 0.318723 0.22301 0.227337 0.185254 0 0 0 0 0 0 0 0 0 0 0 0 0 0 0 0 0 0 0 0 0.268092 0.239936 0.104882 0.352231 0.576747 0.310339 0.616029 0.744574 0.986052 4.09027 
0.903453 0.374719 0.371496 0.173667 0.0684258 0.106918 0.197615 0.100468 0 0 0 0 0 0 0 0 0 0 0 0 0 0 0 0 0 0 0 0 0.0904882 0.0643325 0.124176 0.0169544 0.28625 0.357053 0.153521 1.05912 1.09387 3.32752 
0.112283 0.220775 0.117789 0.182143 0.0206123 0.0731885 0.045938 0.0655629 0 0 0 0 0 0 0 0 0 0 0 0 0 0 0 0 0 0 0 0 0.0292975 0.14339 0.146877 0.0663556 0.0621801 0.0898694 0.224869 0.193043 0.843938 2.7029 
0.0479289 0.373549 0.517246 0.183583 0.152806 0.064653 0.0732622 0.106863 0 0 0 0 0 0 0 0 0 0 0 0 0 0 0 0 0 0 0 0 0.0627038 0.0271469 0.084499 0.209381 0.376749 0.112385 0.159397 0.196296 0.519921 7.92677 
0.863424 0.346046 0.559678 0.256542 0.275352 0.156484 0.115506 0.222491 0 0 0 0 0 0 0 0 0 0 0 0 0 0 0 0 0 0 0 0 0.14963 0.177471 0.235059 0.221583 0.239811 0.0342825 0.101149 1.43756 1.14194 4.6725 
0.435856 0.0804489 0.131637 0.0933006 0.027189 0.0442641 0.0575959 0.0509173 0 0 0 0 0 0 0 0 0 0 0 0 0 0 0 0 0 0 0 0 0.0593559 0.0924998 0.0300623 0.097079 0.106672 0.0837228 0.338531 0.403935 0.317596 3.49896 
0.198479 0.818203 0.208482 0.275227 0.165807 0.0900252 0.102236 0.0337898 0 0 0 0 0 0 0 0 0 0 0 0 0 0 0 0 0 0 0 0 0.0243875 0.123777 0.115378 0.139799 0.179786 0.35288 0.44236 0.310888 0.903625 3.506 
0.334463 0.0442556 0.0548579 0.0454172 0.129163 0.0462734 0.062724 0.0408069 0 0 0 0 0 0 0 0 0 0 0 0 0 0 0 0 0 0 0 0 0.0479837 0.0665196 0.078869 0.0488516 0.0916304 0.0942815 0.119551 0.200227 0.525599 1.96919 
1.62348 1.31278 0.641659 0.695861 1.21522 0.268046 0.231612 0.137166 0 0 0 0 0 0 0 0 0 0 0 0 0 0 0 0 0 0 0 0 0.366329 0.129792 0.76634 0.473872 1.10765 0.484548 0.894902 2.74091 1.22204 7.83832 
1.00104 0.356144 0.32342 0.219927 0.236422 0.156541 0.210594 0.123561 0 0 0 0 0 0 0 0 0 0 0 0 0 0 0 0 0 0 0 0 0.134978 0.185579 0.149894 0.289307 0.333642 0.32997 0.307344 0.450998 0.457968 3.39828 
0.143812 0.0894697 0.186706 0.0828254 0.117717 0.0747691 0.0894264 0.051578 0 0 0 0 0 0 0 0 0 0 0 0 0 0 0 0 0 0 0 0 0.0775541 0.0461564 0.106465 0.112676 0.181836 0.123447 0.0306856 0.206638 0.779195 3.70265 
0.644659 0.462946 0.520228 0.471741 0.0734756 0.132336 0.108608 0.0928382 0 0 0 0 0 0 0 0 0 0 0 0 0 0 0 0 0 0 0 0 0.293308 0.0792347 0.376776 0.330454 0.0776401 0.476576 0.234954 0.874588 2.33075 3.21171 
0.514482 0.126583 0.0133372 0.181264 0.06258 0.0948387 0.0948694 0.0885066 0 0 0 0 0 0 0 0 0 0 0 0 0 0 0 0 0 0 0 0 0.100242 0.0791087 0.113863 0.174903 0.262298 0.181869 0.281625 0.627829 0.432687 3.30939 
0 1.35928 0 0 0 2.47047e-005 0 0 0 0 0 0 0 0 0 0 0 0 0 0 0 0 0 0 0 0 0 0 1.71582e-013 0 0 2.47047e-005 0 0 2.99239 1 0 1.35928 
0.376386 0.240314 0.174638 0.163607 0.205019 0.16925 0.0853709 0.0614755 0 0 0 0 0 0 0 0 0 0 0 0 0 0 0 0 0 0 0 0 0.0557421 0.0889674 0.106413 0.0309958 0.145714 0.162661 0.246352 0.748007 1.47495 2.59009 
0.534686 0.443796 0.177447 0.152414 0.113697 0.116515 0.117165 0.0346754 0 0 0 0 0 0 0 0 0 0 0 0 0 0 0 0 0 0 0 0 0.0712358 0.149343 0.0349587 0.087516 0.167074 0.293246 0.217532 0.214769 0.973821 3.13558 
1.0963 0.188985 0.474433 0.146861 0.0310293 0.27194 0.232149 0.145327 0 0 0 0 0 0 0 0 0 0 0 0 0 0 0 0 0 0 0 0 0.0252801 0.112715 0.12146 0.143591 0.114741 0.328682 0.659253 0.189355 0.550451 4.79524 
0.950214 0.538556 0.295164 0.212259 0.0900005 0.260115 0.0572485 0.241258 0 0 0 0 0 0 0 0 0 0 0 0 0 0 0 0 0 0 0 0 0.232544 0.297403 0.132364 0.514639 0.530176 0.327619 0.827835 0.66784 1.34721 8.52113 
0.26311 0.155374 0.193528 0.172037 0.0981499 0.0586422 0.0207089 0.0564166 0 0 0 0 0 0 0 0 0 0 0 0 0 0 0 0 0 0 0 0 0.0776047 0.00731982 0.117649 0.0993877 0.12901 0.215757 0.182885 0.441199 0.34282 1.9819 
0.449362 0.152011 0.142965 0.107921 0.0571974 0.116788 0.0621349 0.0219718 0 0 0 0 0 0 0 0 0 0 0 0 0 0 0 0 0 0 0 0 0.0487814 0.0227483 0.061067 0.101613 0.0962158 0.165293 0.228973 0.28019 0.219054 2.931 
0.409806 0.168007 0.0831806 0.216753 0.123043 0.0606932 0.092471 0.0459988 0 0 0 0 0 0 0 0 0 0 0 0 0 0 0 0 0 0 0 0 0.0764444 0.0308775 0.0676903 0.139052 0.0212923 0.0657939 0.0852151 0.449834 0.929207 0.919258 
0.583622 0.450874 0.257045 0.143137 0.15824 0.169348 0.144099 0.0927548 0 0 0 0 0 0 0 0 0 0 0 0 0 0 0 0 0 0 0 0 0.135279 0.168863 0.168415 0.135541 0.14157 0.239832 0.428168 0.569968 1.01678 1.86671 
0.303506 0.283379 0.303394 0.0724225 0.19272 0.0499498 0.0945437 0.179063 0 0 0 0 0 0 0 0 0 0 0 0 0 0 0 0 0 0 0 0 0.0918034 0.192733 0.078293 0.0850472 0.191143 0.193743 0.434091 0.515672 1.20646 6.3802 
0.363652 0.438207 0.21084 0.154587 0.086231 0.0561855 0.118481 0.0851351 0 0 0 0 0 0 0 0 0 0 0 0 0 0 0 0 0 0 0 0 0.059326 0.0579913 0.0476981 0.065722 0.0592135 0.0185536 0.148175 0.398883 0.490737 3.08997 
0.216019 0.315523 0.110877 0.0966039 0.0846908 0.0559306 0.120279 0.0735354 0 0 0 0 0 0 0 0 0 0 0 0 0 0 0 0 0 0 0 0 0.0908279 0.0122166 0.0616828 0.111348 0.0752828 0.159755 0.0943404 0.414609 0.236373 4.78671 
0.0487938 0.0301169 0.0480132 0.0292602 0.0686696 0.0566513 0.0299342 0.0211975 0 0 0 0 0 0 0 0 0 0 0 0 0 0 0 0 0 0 0 0 0.0845129 0.0171818 0.105057 0.108353 0.11469 0.0944939 0.414386 0.438763 0.23359 1.93814 
0.700892 0.495014 0.0933967 0.0358801 0.0455184 0.126413 0.0658925 0.0336416 0 0 0 0 0 0 0 0 0 0 0 0 0 0 0 0 0 0 0 0 0.042079 0.053785 0.120013 0.297851 0.082218 0.097782 0.364003 0.288613 0.544687 2.71226 
0.270802 0.0976656 0.164338 0.127916 0.0221549 0.0513469 0.0254383 0.0277802 0 0 0 0 0 0 0 0 0 0 0 0 0 0 0 0 0 0 0 0 0.0403736 0.0553364 0.11653 0.042916 0.162299 0.141159 0.0763932 0.113027 0.841746 2.09168 
0.177773 0.535153 0.513231 0.402797 0.208143 0.296792 0.274268 0.0522232 0 0 0 0 0 0 0 0 0 0 0 0 0 0 0 0 0 0 0 0 0.274268 0.0522232 0.403455 0.217924 0.424632 0.676193 0.937629 0.5977 2.42948 7.28331 
0.174956 0.172614 0.121285 0.110549 0.0724667 0.0839998 0.0553377 0.0615974 0 0 0 0 0 0 0 0 0 0 0 0 0 0 0 0 0 0 0 0 0.0497948 0.0737898 0.0746109 0.0895267 0.0811238 0.141135 0.102307 0.212673 0.246041 1.13359 
0.516949 0.532895 0.182179 0.265008 0.161853 0.170219 0.100107 0.16491 0 0 0 0 0 0 0 0 0 0 0 0 0 0 0 0 0 0 0 0 0.0304932 0.240414 0.0899312 0.153843 0.143477 0.299642 0.459149 0.240874 0.287984 2.70718 
0.253419 0.192252 0.216418 0.199278 0.0772465 0.137291 0.139029 0.121192 0 0 0 0 0 0 0 0 0 0 0 0 0 0 0 0 0 0 0 0 0.168969 0.14645 0.194052 0.287449 0.248288 0.331733 0.395242 0.44854 0.661554 1.6811 
0.592096 0.320666 0.323278 0.170293 0.154652 0.191387 0.202997 0.119205 0 0 0 0 0 0 0 0 0 0 0 0 0 0 0 0 0 0 0 0 0.0915807 0.210269 0.083124 0.223062 0.189168 0.154733 0.239429 0.611474 0.738694 1.78834 
0.223672 0.134452 0.1226 0.100839 0.081833 0.0387535 0.0845105 0.0505354 0 0 0 0 0 0 0 0 0 0 0 0 0 0 0 0 0 0 0 0 0.0141352 0.0322183 0.158785 0.063134 0.043287 0.138893 0.026503 0.458978 0.17176 2.04033 
0.395962 0.409687 0.214823 0.118282 0.0554341 0.141105 0.103672 0.0729196 0 0 0 0 0 0 0 0 0 0 0 0 0 0 0 0 0 0 0 0 0.052125 0.0594196 0.0884162 0.0773095 0.119227 0.0960294 0.0591935 0.160971 1.04937 3.50933 
1.90748 2.02413 1.36113 1.07802 0.88297 0.576695 0.595262 0.408721 0 0 0 0 0 0 0 0 0 0 0 0 0 0 0 0 0 0 0 0 0.861587 0.623853 0.571918 1.11231 0.924428 0.706359 1.60998 2.08929 0.674072 12.7696 
0.279613 0.157338 0.122795 0.0184424 0.0227152 0.11839 0.0533085 0.0826263 0 0 0 0 0 0 0 0 0 0 0 0 0 0 0 0 0 0 0 0 0.0659455 0.181343 0.125671 0.147259 0.261023 0.195542 0.396664 0.502537 1.18562 3.47319 
0.325063 0.039176 0.168651 0.0181643 0.0941565 0.0999839 0.0698285 0.0260428 0 0 0 0 0 0 0 0 0 0 0 0 0 0 0 0 0 0 0 0 0.0186475 0.0497889 0.0350595 0.0887963 0.126499 0.185959 0.210021 0.244696 0.831546 1.46979 
0.437668 0.229878 0.138707 0.114276 0.155274 0.082022 0.0562175 0.0651889 0 0 0 0 0 0 0 0 0 0 0 0 0 0 0 0 0 0 0 0 0.103837 0.0985221 0.157039 0.0931161 0.250088 0.328951 0.238939 0.373279 0.872401 1.03397 
0.0933513 0.0511571 0.184853 0.0365393 0.0283752 0.0411599 0.0868391 0.0490343 0 0 0 0 0 0 0 0 0 0 0 0 0 0 0 0 0 0 0 0 0.0201033 0.0387183 0.0759423 0.0445606 0.0895137 0.0234263 0.108669 0.0543853 0.255484 2.06802 
0.577581 0.426898 0.156295 0.11015 0.290537 0.152248 0.198409 0.0763855 0 0 0 0 0 0 0 0 0 0 0 0 0 0 0 0 0 0 0 0 0.0848911 0.0563019 0.164557 0.245937 0.233523 0.340948 0.502897 0.910115 1.46427 1.04251 
0.519006 0.338171 0.224074 0.152293 0.141156 0.117741 0.113267 0.0945292 0 0 0 0 0 0 0 0 0 0 0 0 0 0 0 0 0 0 0 0 0.106945 0.108563 0.139712 0.153362 0.187912 0.206493 0.285156 0.405468 0.613076 1.1134 
0.790291 0.583203 1.33817 0.570609 0.776786 0.681297 0.50112 0.416697 0 0 0 0 0 0 0 0 0 0 0 0 0 0 0 0 0 0 0 0 0.399268 0.478658 1.47716 1.08371 0.404989 1.4949 2.78728 2.23137 1.61324 9.95936 
0.334178 0.263271 0.191959 0.155405 0.122129 0.0228372 0.0630853 0.0520099 0 0 0 0 0 0 0 0 0 0 0 0 0 0 0 0 0 0 0 0 0.0701815 0.0859134 0.135034 0.0574204 0.212096 0.228245 0.326662 0.0731123 0.800792 1.36509 
0.670415 0.612258 0.550389 0.0974761 0.114211 0.0420884 0.0909503 0.0837552 0 0 0 0 0 0 0 0 0 0 0 0 0 0 0 0 0 0 0 0 0.14493 0.08462 0.0933969 0.0982391 0.243123 0.162653 0.694356 1.19875 0.979654 5.54613 
0.427976 0.406374 0.912917 0.977593 0.5367 0.42563 0.481136 0.382415 0 0 0 0 0 0 0 0 0 0 0 0 0 0 0 0 0 0 0 0 0.543951 0.91914 1.05247 0.504038 0.598576 0.780481 0.253306 1.24246 4.53454 10.4445 
0.841756 0.824312 0.308185 0.481112 0.458749 0.257896 0.147441 0.057001 0 0 0 0 0 0 0 0 0 0 0 0 0 0 0 0 0 0 0 0 0.221435 0.295641 0.0679073 0.2619 0.844191 0.540616 0.239614 0.071371 2.7446 8.98628 
1.35965 0.760312 0.549829 0.50539 0.718701 0.607974 0.450388 0.464033 0 0 0 0 0 0 0 0 0 0 0 0 0 0 0 0 0 0 0 0 0.539668 0.447392 0.32969 0.346843 0.376711 0.901652 1.21358 1.61748 2.99831 11.7882 
0.12201 0.267924 0.0445008 0.198615 0.0972537 0.157428 0.066961 0.124693 0 0 0 0 0 0 0 0 0 0 0 0 0 0 0 0 0 0 0 0 0.0931252 0.0708499 0.171967 0.166987 0.19703 0.216996 0.438702 0.179886 0.674647 1.53158 
0.175993 0.272269 0.129816 0.243386 0.0812475 0.156265 0.0671489 0.0544498 0 0 0 0 0 0 0 0 0 0 0 0 0 0 0 0 0 0 0 0 0.091287 0.0807602 0.0953063 0.144936 0.167401 0.103416 0.282728 0.259286 0.463157 0.988836 
0.407304 0.526606 0.255377 0.285672 0.290619 0.102036 0.199558 0.0899933 0 0 0 0 0 0 0 0 0 0 0 0 0 0 0 0 0 0 0 0 0.130148 0.194707 0.152659 0.121387 0.203589 0.397421 0.110822 1.02348 1.20052 5.23226 
0.329458 0.0790114 0.0369511 0.0946314 0.0345121 0.0647513 0.0472823 0.0463829 0 0 0 0 0 0 0 0 0 0 0 0 0 0 0 0 0 0 0 0 0.0388526 0.0433916 0.0672443 0.0316388 0.060374 0.0584324 0.0333923 0.219889 0.156068 3.18727 
0.153671 0.163602 0.158472 0.050802 0.0261882 0.0806643 0.015581 0.0170041 0 0 0 0 0 0 0 0 0 0 0 0 0 0 0 0 0 0 0 0 0.0156068 0.0924694 0.068787 0.0429488 0.101937 0.128304 0.0347464 0.0434777 0.301264 2.12303 
0.519216 0.398907 0.660758 0.557458 0.358797 0.384758 0.197994 0.215015 0 0 0 0 0 0 0 0 0 0 0 0 0 0 0 0 0 0 0 0 0.290503 0.312945 0.412946 0.434216 0.178383 0.189676 0.728097 1.06529 1.99352 5.7549 
0.810133 0.418466 0.480925 0.0941461 0.090244 0.0738562 0.216503 0.0403505 0 0 0 0 0 0 0 0 0 0 0 0 0 0 0 0 0 0 0 0 0.0855675 0.0998058 0.0850972 0.0947618 0.219413 0.340605 0.37679 1.03671 1.35833 3.43592 
0.62694 0.276031 1.17325 0.904835 0.420383 0.355991 0.159153 0.0510087 0 0 0 0 0 0 0 0 0 0 0 0 0 0 0 0 0 0 0 0 0.136054 0.0781676 0.336696 0.500285 0.531524 0.400032 0.423901 0.93152 3.37438 6.92893 
0.994841 0.835593 0.242241 0.205442 0.0419826 0.102462 0.164862 0.113734 0 0 0 0 0 0 0 0 0 0 0 0 0 0 0 0 0 0 0 0 0.0476214 0.0463938 0.0817152 0.200914 0.329868 0.353196 0.216553 0.539517 1.2499 4.37002 
1.17746 0.334471 0.26883 0.416228 0.19102 0.175168 0.0430294 0.133946 0 0 0 0 0 0 0 0 0 0 0 0 0 0 0 0 0 0 0 0 0.252673 0.434285 0.283529 0.307534 0.50902 0.605654 0.435956 0.611396 1.24658 3.19698 
0.480616 0.184442 0.178821 0.14476 0.116809 0.0852489 0.0903528 0.0737839 0 0 0 0 0 0 0 0 0 0 0 0 0 0 0 0 0 0 0 0 0.0783588 0.0837177 0.0999921 0.0949219 0.134012 0.168127 0.202451 0.203173 0.520432 1.05573 
0.169517 0.692903 0.191086 0.603207 0.213666 0.220845 0.0925795 0.0164607 0 0 0 0 0 0 0 0 0 0 0 0 0 0 0 0 0 0 0 0 0.176218 0.171964 0.218515 0.228201 0.447666 0.657577 0.383151 0.512706 1.42924 6.74511 
0.457248 0.17903 0.13099 0.156745 0.105565 0.0835439 0.088264 0.0743736 0 0 0 0 0 0 0 0 0 0 0 0 0 0 0 0 0 0 0 0 0.06519 0.043605 0.0734448 0.0468632 0.0952386 0.0322663 0.121688 0.595369 0.724888 6.76409 
0.397792 0.769182 0.124791 0.269544 0.536519 0.119383 0.113647 0.125529 0 0 0 0 0 0 0 0 0 0 0 0 0 0 0 0 0 0 0 0 0.224276 0.369139 0.346961 0.225978 0.514031 0.279697 0.546946 0.882896 0.706831 9.92871 
0.880945 0.43957 0.327925 0.329774 0.387332 0.193199 0.14134 0.186962 0 0 0 0 0 0 0 0 0 0 0 0 0 0 0 0 0 0 0 0 0.176639 0.178538 0.325112 0.373333 0.322712 0.541254 0.495503 0.678037 1.82813 1.35195 
0.412943 0.286972 0.199122 0.124374 0.100523 0.100331 0.118311 0.108879 0 0 0 0 0 0 0 0 0 0 0 0 0 0 0 0 0 0 0 0 0.0942266 0.0969798 0.116095 0.147376 0.110691 0.135021 0.271177 0.402059 0.720572 1.43916 
0.0407374 0.890234 0.35792 0.257472 0.175019 0.105979 0.0374738 0.0608496 0 0 0 0 0 0 0 0 0 0 0 0 0 0 0 0 0 0 0 0 0.0402252 0.0750937 0.0441547 0.120334 0.19208 0.218768 0.333344 0.664236 0.845295 2.00728 
0.161479 0.0871685 0.068371 0.0254464 0.0191202 0.0350886 0.0152338 0.016269 0 0 0 0 0 0 0 0 0 0 0 0 0 0 0 0 0 0 0 0 0.0286624 0.0308466 0.0235313 0.0323976 0.00736513 0.0262229 0.153093 0.107192 0.197888 1.16834 
0.163565 0.079362 0.221254 0.170697 0.126679 0.0908661 0.096618 0.103675 0 0 0 0 0 0 0 0 0 0 0 0 0 0 0 0 0 0 0 0 0.0285331 0.0720792 0.091972 0.0619834 0.0199994 0.118126 0.327774 0.489239 0.415792 1.78013 
0.460206 0.277643 0.141132 0.101108 0.0280798 0.0278786 0.125004 0.134025 0 0 0 0 0 0 0 0 0 0 0 0 0 0 0 0 0 0 0 0 0.0963214 0.081988 0.054976 0.194204 0.121787 0.235055 0.680918 0.681307 0.997878 2.32864 
0.429448 0.584551 0.144757 0.256569 0.390964 0.139565 0.166586 0.0754051 0 0 0 0 0 0 0 0 0 0 0 0 0 0 0 0 0 0 0 0 0.0650339 0.0879063 0.199318 0.15629 0.23328 0.322473 0.0643306 0.294806 1.22339 3.62243 
0.287156 0.193916 0.101263 0.0452505 0.0480454 0.0660641 0.148409 0.0198369 0 0 0 0 0 0 0 0 0 0 0 0 0 0 0 0 0 0 0 0 0.0639016 0.089875 0.131914 0.103171 0.125317 0.0386639 0.195066 0.25668 0.146633 2.00868 
0.662052 0.91515 0.395215 0.363337 0.471228 0.353942 0.140982 0.345929 0 0 0 0 0 0 0 0 0 0 0 0 0 0 0 0 0 0 0 0 0.189723 0.232712 0.0730123 0.446099 0.66092 0.118987 0.443059 1.02963 2.02211 4.16839 