0.782003 0.385981 0.505791 0.291047 0.331621 0.287154 0.181334 0.293389 0 0 0 0 0 0 0 0 0 0 0 0 0 0 0 0 0 0 0 0 0.146158 0.0968362 0.21109 0.155676 0.469262 0.4387 0.138308 0.561586 1.41946 2.44736 
9.04129 1.79233 1.46666 1.5611 1.30841 1.16374 0.566896 0.906848 0 0 0 0 0 0 0 0 0 0 0 0 0 0 0 0 0 0 0 0 0.338095 0.331206 0.763151 0.726733 1.41414 1.60513 2.93456 3.57352 3.18137 36.8464 
0.365657 1.10402 0.344582 0.833388 0.213871 0.441367 0.422745 0.141598 0 0 0 0 0 0 0 0 0 0 0 0 0 0 0 0 0 0 0 0 0.203007 0.326123 0.330614 0.415539 0.246552 0.973582 0.936641 2.33417 2.03949 4.46912 
0.82368 0.357525 0.0475848 0.0423978 0.231519 0.0213556 0.0212467 0.0634442 0 0 0 0 0 0 0 0 0 0 0 0 0 0 0 0 0 0 0 0 0.0850986 0.139339 0.0294908 0.182401 0.0573032 0.433554 0.325341 0.555135 0.522139 6.96365 
0.548892 0.219417 0.0346774 0.102126 0.106464 0.0872839 0.12085 0.016264 0 0 0 0 0 0 0 0 0 0 0 0 0 0 0 0 0 0 0 0 0.0544066 0.0527469 0.0684529 0.124838 0.111302 0.225659 0.186611 0.250921 0.58381 1.35477 
0.854118 0.120398 0.278864 0.280624 0.126023 0.126775 0.0674272 0.131385 0 0 0 0 0 0 0 0 0 0 0 0 0 0 0 0 0 0 0 0 0.148957 0.103286 0.0401277 0.128514 0.120098 0.094267 0.138125 0.659461 0.940032 3.03912 
0.240632 0.00921755 0.154222 0.103507 0.0180891 0.040045 0.0580397 0.0449583 0 0 0 0 0 0 0 0 0 0 0 0 0 0 0 0 0 0 0 0 0.0340396 0.0338734 0.0613758 0.0647042 0.103829 0.130305 0.0997183 0.323726 0.484921 1.93505 
0.52012 0.38363 1.08324 0.190745 1.25966 0.221193 0.378996 0.248531 0 0 0 0 0 0 0 0 0 0 0 0 0 0 0 0 0 0 0 0 0.124367 0.461343 0.107662 0.156482 0.588059 0.424529 0.89977 0.639171 1.59422 10.0948 
0.314722 0.0623896 0.0647235 0.104501 0.0572364 0.0180656 0.0221422 0.0235636 0 0 0 0 0 0 0 0 0 0 0 0 0 0 0 0 0 0 0 0 0.0239155 0.0326084 0.0112539 0.025897 0.0680072 0.0441322 0.0905767 0.197591 0.332882 1.51159 
1.05093 0.41462 0.145063 0.226684 0.190661 0.10835 0.278587 0.0594406 0 0 0 0 0 0 0 0 0 0 0 0 0 0 0 0 0 0 0 0 0.169111 0.200752 0.230672 0.216324 0.131196 0.587964 0.700022 0.606168 1.13836 4.33294 
0.108579 0.0477383 0.0918905 0.117406 0.0715135 0.0587119 0.0641531 0.0323341 0 0 0 0 0 0 0 0 0 0 0 0 0 0 0 0 0 0 0 0 0.0210896 0.0711501 0.0311566 0.0544953 0.0979729 0.0797922 0.0777837 0.242728 0.782963 3.80115 
1.12288 0.187066 0.0850512 0.120711 0.191939 0.0830071 0.0597952 0.088691 0 0 0 0 0 0 0 0 0 0 0 0 0 0 0 0 0 0 0 0 0.025819 0.216814 0.270992 0.507103 0.45744 0.378575 0.289957 0.760449 1.64695 2.30205 
1.44319 0.899994 0.984942 0.53248 0.15957 0.178806 0.484912 0.151001 0 0 0 0 0 0 0 0 0 0 0 0 0 0 0 0 0 0 0 0 0.304468 0.220857 0.409607 0.0266808 0.958404 0.679678 0.354923 1.02249 3.93503 6.6194 
0.978315 0.520147 0.565878 0.272028 0.221311 0.217582 0.201645 0.13545 0 0 0 0 0 0 0 0 0 0 0 0 0 0 0 0 0 0 0 0 0.231927 0.266828 0.250488 0.152113 0.206501 0.524803 0.408423 0.62768 1.40094 2.49219 
0.208248 0.259211 0.252777 0.192358 0.174765 0.239687 0.125452 0.0122788 0 0 0 0 0 0 0 0 0 0 0 0 0 0 0 0 0 0 0 0 0.0596287 0.117612 0.159655 0.106239 0.310731 0.285009 0.488991 0.096986 1.19946 4.27215 
3.25322 1.79909 1.38249 1.5808 1.09888 0.331717 1.61232 0.680971 0 0 0 0 0 0 0 0 0 0 0 0 0 0 0 0 0 0 0 0 0.438857 0.336006 1.38685 0.610082 0.869666 0.644643 0.928018 1.82716 6.25371 19.1113 
1.20458 0.359041 0.80756 0.304529 0.53888 0.592218 0.336973 0.27277 0 0 0 0 0 0 0 0 0 0 0 0 0 0 0 0 0 0 0 0 0.0606208 0.194241 0.84444 0.347135 0.332381 0.611745 0.807233 0.593281 1.23325 8.87392 
0.327129 0.508661 0.159418 0.354673 0.341586 0.0990426 0.252503 0.206659 0 0 0 0 0 0 0 0 0 0 0 0 0 0 0 0 0 0 0 0 0.074955 0.197161 0.0675564 0.415469 0.201357 0.076818 0.27193 0.229725 0.842121 3.6547 
0.507833 1.60373 1.72621 0.975181 0.98723 0.687189 0.554663 0.783718 0 0 0 0 0 0 0 0 0 0 0 0 0 0 0 0 0 0 0 0 0.267961 0.76405 1.19123 1.29505 0.587119 0.912494 0.4059 2.1111 4.9121 16.5785 
0.317408 0.336292 0.329433 0.212371 0.216449 0.132515 0.0730873 0.0672056 0 0 0 0 0 0 0 0 0 0 0 0 0 0 0 0 0 0 0 0 0.103447 0.164732 0.203477 0.265971 0.337155 0.481049 0.516175 0.831322 0.68027 2.23799 
1.8458 0.91713 0.534717 0.813702 0.31978 0.632954 0.17305 0.117578 0 0 0 0 0 0 0 0 0 0 0 0 0 0 0 0 0 0 0 0 0.313391 0.026767 0.108532 0.446243 0.688358 0.560822 0.126111 2.28241 3.52317 9.39926 
1.70719 0.527215 0.615033 0.217069 0.226241 0.41847 0.198788 0.0375808 0 0 0 0 0 0 0 0 0 0 0 0 0 0 0 0 0 0 0 0 0.0413812 0.423674 0.0480016 0.296862 0.769137 0.447725 0.33067 0.31133 1.91185 5.932 
0.58283 0.177752 0.128604 0.338428 0.463397 0.130785 0.21401 0.181003 0 0 0 0 0 0 0 0 0 0 0 0 0 0 0 0 0 0 0 0 0.288104 0.127256 0.46386 0.344895 0.295239 0.26634 0.450832 0.530699 1.01153 7.37832 
0.277629 0.30434 0.234996 0.133145 0.145306 0.0998422 0.0461603 0.0375326 0 0 0 0 0 0 0 0 0 0 0 0 0 0 0 0 0 0 0 0 0.0723111 0.112713 0.0465212 0.0810257 0.138121 0.0522444 0.147646 0.735617 0.879009 2.68077 
0.468278 0.339951 0.128766 1.29359 1.1258 0.719934 0.530847 0.050966 0 0 0 0 0 0 0 0 0 0 0 0 0 0 0 0 0 0 0 0 0.439904 0.383567 0.367567 0.73276 0.301513 0.414186 1.18275 0.346638 1.615 10.3392 
0.977518 0.39581 0.649055 0.397909 0.6794 0.117657 0.193504 0.410544 0 0 0 0 0 0 0 0 0 0 0 0 0 0 0 0 0 0 0 0 0.285257 0.167947 0.394018 0.285318 0.560657 0.275385 0.784482 0.893114 1.5207 4.97263 
1.17304 0.797844 0.609325 0.547172 0.61062 0.382026 0.526454 0.082026 0 0 0 0 0 0 0 0 0 0 0 0 0 0 0 0 0 0 0 0 0.0220244 0.16269 0.381635 0.349422 0.574614 0.583247 0.782928 0.500801 2.05974 5.42991 
0.0981317 0.215853 0.139292 0.0910648 0.0367332 0.131814 0.0490517 0.0299287 0 0 0 0 0 0 0 0 0 0 0 0 0 0 0 0 0 0 0 0 0.0790702 0.0839075 0.0313537 0.0636275 0.178706 0.145991 0.0677237 0.124143 0.757727 4.06633 
0.0404882 0.481105 0.533044 0.288438 0.279365 0.211856 0.15748 0.063543 0 0 0 0 0 0 0 0 0 0 0 0 0 0 0 0 0 0 0 0 0.0874769 0.233886 0.167229 0.0417379 0.496544 0.475077 0.958086 0.950457 0.58884 3.34616 
1.03891 0.523373 0.579606 0.54429 0.808321 0.359341 0.248272 0.221545 0 0 0 0 0 0 0 0 0 0 0 0 0 0 0 0 0 0 0 0 0.150074 0.432879 0.35879 0.628861 0.726642 0.422505 0.595744 0.342434 0.88397 10.2196 
0.631348 0.771191 0.357655 0.318311 0.257077 0.186848 0.105194 0.135039 0 0 0 0 0 0 0 0 0 0 0 0 0 0 0 0 0 0 0 0 0.195474 0.139236 0.152994 0.019793 0.0696016 0.371859 0.420643 0.738977 1.95666 6.71067 
2.56321 1.41453 0.949405 0.736861 0.606891 0.730642 0.673157 0.443755 0 0 0 0 0 0 0 0 0 0 0 0 0 0 0 0 0 0 0 0 0.419989 0.284332 0.25951 0.444566 0.362075 0.796088 0.394631 3.80496 2.11643 10.2418 
0.858034 0.379462 0.144446 0.513274 0.423691 0.344215 0.395141 0.169192 0 0 0 0 0 0 0 0 0 0 0 0 0 0 0 0 0 0 0 0 0.397431 0.25273 0.0862414 0.0467255 0.261368 0.482168 0.283147 0.382443 0.268952 6.34804 
5.91949 1.66664 3.46396 2.52588 2.35653 1.02002 2.28315 0.974481 0 0 0 0 0 0 0 0 0 0 0 0 0 0 0 0 0 0 0 0 1.62355 1.80298 1.35286 1.7217 3.42003 1.26662 3.90837 3.43587 6.4541 41.7727 
0.116724 0.0486577 0.0479233 0.139241 0.0847715 0.0413028 0.00398429 0.0468343 0 0 0 0 0 0 0 0 0 0 0 0 0 0 0 0 0 0 0 0 0.0290373 0.0822654 0.115869 0.151789 0.137583 0.101355 0.164815 0.212062 1.35916 4.43086 
0.761803 0.205673 0.605797 0.12795 0.371549 0.357707 0.175656 0.0496003 0 0 0 0 0 0 0 0 0 0 0 0 0 0 0 0 0 0 0 0 0.209561 0.0661298 0.152701 0.0202557 0.427119 0.147263 0.0174245 0.659826 1.35237 5.46126 
0.441413 0.375948 0.181858 0.102325 0.0601088 0.0117314 0.135159 0.0279329 0 0 0 0 0 0 0 0 0 0 0 0 0 0 0 0 0 0 0 0 0.104665 0.0622946 0.134411 0.0999537 0.226338 0.152737 0.233279 0.319056 1.14337 2.37675 
0.253645 0.435882 0.267233 0.239569 0.127277 0.0444143 0.086327 0.124141 0 0 0 0 0 0 0 0 0 0 0 0 0 0 0 0 0 0 0 0 0.0523985 0.156993 0.103282 0.234405 0.0443372 0.175916 0.270476 0.139442 0.826201 2.07718 
0.580899 1.0002 0.290982 0.0953849 0.319408 0.122668 0.0839082 0.105963 0 0 0 0 0 0 0 0 0 0 0 0 0 0 0 0 0 0 0 0 0.168396 0.160804 0.135881 0.259529 0.255725 0.276016 0.159534 1.10904 0.387921 7.68847 
1.13314 0.25942 0.466827 0.00580965 0.14729 0.0957906 0.250507 0.136352 0 0 0 0 0 0 0 0 0 0 0 0 0 0 0 0 0 0 0 0 0.113018 0.265433 0.0877664 0.312193 0.0577519 0.135669 0.388245 0.977907 1.49266 4.50372 
0.488832 0.290916 0.118682 0.151947 0.0572579 0.0636526 0.0628958 0.0776581 0 0 0 0 0 0 0 0 0 0 0 0 0 0 0 0 0 0 0 0 0.0258419 0.0643817 0.149244 0.0287632 0.0668297 0.0530572 0.162096 0.149742 0.832291 1.29 
0.790754 0.737703 0.104538 0.63646 0.522761 0.0324253 0.258066 0.298678 0 0 0 0 0 0 0 0 0 0 0 0 0 0 0 0 0 0 0 0 0.31871 0.195212 0.133208 0.467085 0.555192 0.416678 0.89624 1.38866 2.43774 10.9683 
0.290007 0.662461 0.173636 0.128653 0.304888 0.105685 0.106318 0.294219 0 0 0 0 0 0 0 0 0 0 0 0 0 0 0 0 0 0 0 0 0.0867645 0.186447 0.124775 0.202097 0.431761 0.29002 0.306657 1.39429 1.73193 5.1354 
0.311477 0.174765 0.344124 0.217704 0.152336 0.132263 0.0435899 0.0182112 0 0 0 0 0 0 0 0 0 0 0 0 0 0 0 0 0 0 0 0 0.0219771 0.0694357 0.214061 0.0867018 0.16593 0.161097 0.352341 0.189124 0.533461 3.69413 
1.05959 0.727759 0.130934 0.19313 0.0374134 0.0924629 0.117383 0.114409 0 0 0 0 0 0 0 0 0 0 0 0 0 0 0 0 0 0 0 0 0.0423933 0.0710672 0.198707 0.254019 0.238961 0.361036 0.216715 0.540384 1.38736 3.66426 
0.716758 0.134381 0.106776 0.115573 0.0568006 0.0896659 0.0148708 0.0270447 0 0 0 0 0 0 0 0 0 0 0 0 0 0 0 0 0 0 0 0 0.00795637 0.0658841 0.0333994 0.0609192 0.138124 0.079408 0.167527 0.283968 0.735147 1.46857 
0.448902 0.0947073 0.0791961 0.296827 0.07158 0.0901132 0.113998 0.151456 0 0 0 0 0 0 0 0 0 0 0 0 0 0 0 0 0 0 0 0 0.11503 0.193568 0.118218 0.286939 0.205231 0.338575 0.547055 1.25948 0.326451 6.21109 
0.431622 1.25505 0.478493 0.478799 0.0922027 0.22812 0.277213 0.0607393 0 0 0 0 0 0 0 0 0 0 0 0 0 0 0 0 0 0 0 0 0.114909 0.45646 0.193037 0.177369 0.712805 0.452982 0.971683 0.849165 1.78683 6.70626 
0.468191 0.177553 0.458176 0.128043 0.0695929 0.0217515 0.0998022 0.136914 0 0 0 0 0 0 0 0 0 0 0 0 0 0 0 0 0 0 0 0 0.0183621 0.0337396 0.0899515 0.195698 0.139896 0.319506 0.406907 0.400459 0.898322 1.65219 
0.0297086 0.50879 0.109352 0.269151 0.0184539 0.199036 0.0874189 0.134532 0 0 0 0 0 0 0 0 0 0 0 0 0 0 0 0 0 0 0 0 0.102817 0.0774837 0.0973867 0.138555 0.104276 0.0567038 0.104622 0.293499 1.02001 3.74162 
0.783858 0.458145 0.152085 0.537991 0.594184 0.300756 0.140276 0.253664 0 0 0 0 0 0 0 0 0 0 0 0 0 0 0 0 0 0 0 0 0.331004 0.303881 0.0796621 0.259031 0.420518 0.412873 0.27923 1.16464 2.73655 4.46145 
0.300885 0.581258 0.462341 0.412285 0.590305 0.458756 0.220363 0.106709 0 0 0 0 0 0 0 0 0 0 0 0 0 0 0 0 0 0 0 0 0.119351 0.217408 0.152462 0.15355 0.349973 0.414833 0.649204 0.34225 2.34958 5.77701 
0.435646 0.231211 0.047402 0.255535 0.189016 0.103553 0.0238265 0.0794131 0 0 0 0 0 0 0 0 0 0 0 0 0 0 0 0 0 0 0 0 0.0347809 0.0851379 0.063351 0.118809 0.30738 0.121275 0.463493 0.55917 0.341851 1.63565 
1.58648 0.120469 2.08954 0.0513848 1.58882 1.04791 0.565875 0.398139 0 0 0 0 0 0 0 0 0 0 0 0 0 0 0 0 0 0 0 0 0.994245 0.21529 0.537288 0.389237 1.29835 0.365495 1.73884 0.251165 5.00158 20.2701 
0.195538 0.256475 0.0167374 0.0866418 0.066464 0.0552798 0.0329557 0.00898596 0 0 0 0 0 0 0 0 0 0 0 0 0 0 0 0 0 0 0 0 0.0302596 0.0530065 0.0583209 0.0411664 0.0632585 0.170062 0.196221 0.11053 0.104878 1.9123 
1.77533 0.128277 0.220905 0.155881 0.171795 0.0520607 0.219239 0.290221 0 0 0 0 0 0 0 0 0 0 0 0 0 0 0 0 0 0 0 0 0.243342 0.118301 0.139846 0.158561 0.189091 0.288142 0.308656 0.350423 1.89561 3.8129 
0.517973 0.48755 0.353173 0.309995 0.33666 0.367082 0.239666 0.0996185 0 0 0 0 0 0 0 0 0 0 0 0 0 0 0 0 0 0 0 0 0.212023 0.349729 0.526923 0.298325 0.507138 0.803652 0.667551 1.42466 2.42993 7.30425 
0.885087 1.58681 2.13805 0.665817 0.6124 1.09036 1.40092 0.829917 0 0 0 0 0 0 0 0 0 0 0 0 0 0 0 0 0 0 0 0 1.58338 0.425851 0.715833 0.843489 0.707756 0.807986 0.755468 3.1366 4.47274 20.1951 
0.449324 0.162951 0.251667 0.145863 0.131404 0.0375378 0.136883 0.0735535 0 0 0 0 0 0 0 0 0 0 0 0 0 0 0 0 0 0 0 0 0.037013 0.141114 0.141551 0.157495 0.256796 0.1067 0.170207 0.153705 0.492616 2.32955 
0.45723 0.50964 0.516642 0.220221 0.0935712 0.227978 0.212385 0.339743 0 0 0 0 0 0 0 0 0 0 0 0 0 0 0 0 0 0 0 0 0.378196 0.146594 0.248268 0.246741 0.127208 0.192994 0.472138 0.88056 0.469583 6.78096 
0.0720048 0.246304 0.063882 0.0873856 0.208992 0.0993056 0.187233 0.0787273 0 0 0 0 0 0 0 0 0 0 0 0 0 0 0 0 0 0 0 0 0.151418 0.113993 0.125669 0.0234434 0.0389016 0.041956 0.272734 0.390391 0.127842 3.00003 
0.961734 1.14735 2.78851 3.58225 2.02623 1.65202 0.416231 1.12267 0 0 0 0 0 0 0 0 0 0 0 0 0 0 0 0 0 0 0 0 1.45796 1.20088 1.36715 1.63983 1.38986 2.43541 1.89802 2.78317 5.71403 37.4629 
0.0481688 0.0689549 0.0563664 0.0514304 0.0295404 0.0230319 0.0101579 0.0217334 0 0 0 0 0 0 0 0 0 0 0 0 0 0 0 0 0 0 0 0 0.029904 0.0297392 0.0331674 0.0469085 0.0540415 0.0973185 0.0791544 0.228617 0.125539 1.73632 
0.135961 0.341777 0.415431 0.215971 0.0811259 0.180224 0.0613256 0.073549 0 0 0 0 0 0 0 0 0 0 0 0 0 0 0 0 0 0 0 0 0.0958666 0.161661 0.280763 0.190121 0.283449 0.184441 0.424663 0.177277 0.627543 3.86601 
4.50011 1.50792 1.05029 3.09317 0.752937 1.14182 0.960441 0.718644 0 0 0 0 0 0 0 0 0 0 0 0 0 0 0 0 0 0 0 0 0.410489 0.514245 0.805312 0.725538 0.791321 1.01423 0.898606 4.67875 4.90727 14.9576 
0.462364 0.333176 0.597876 0.502132 0.363595 0.152041 0.203903 0.237525 0 0 0 0 0 0 0 0 0 0 0 0 0 0 0 0 0 0 0 0 0.0990908 0.0443452 0.344387 0.289086 0.275212 0.289776 0.309252 0.913848 1.89704 5.03842 
0.445961 0.249926 0.0803937 0.0579296 0.00788617 0.0294849 0.0971336 0.0365674 0 0 0 0 0 0 0 0 0 0 0 0 0 0 0 0 0 0 0 0 0.0436865 0.0471552 0.0216133 0.0110073 0.0806078 0.180882 0.156192 0.340655 0.616865 2.43227 
2.16642 0.559833 0.858424 1.0329 0.71773 0.386802 0.527052 0.210689 0 0 0 0 0 0 0 0 0 0 0 0 0 0 0 0 0 0 0 0 0.0594991 0.304036 0.262371 1.04638 0.395884 1.14768 0.884637 0.283847 0.118374 11.5175 
2.84617 0.865789 0.763188 1.12504 0.726288 0.728009 0.213618 0.65418 0 0 0 0 0 0 0 0 0 0 0 0 0 0 0 0 0 0 0 0 0.354591 0.589902 0.993674 0.635037 0.322467 0.998657 1.9992 2.12857 1.70611 13.651 
1.07957 0.164506 0.081731 0.365884 0.365323 0.150656 0.360057 0.187632 0 0 0 0 0 0 0 0 0 0 0 0 0 0 0 0 0 0 0 0 0.105581 0.11355 0.36074 0.15327 0.245136 0.360674 0.134365 0.340738 1.36641 6.18458 
0.528047 0.746707 0.491879 0.2215 0.156703 0.101892 0.159416 0.157204 0 0 0 0 0 0 0 0 0 0 0 0 0 0 0 0 0 0 0 0 0.0820781 0.297505 0.337201 0.0353286 0.274279 0.271335 0.390186 0.299956 2.18411 7.65554 
2.80067 2.68615 2.92016 2.98726 2.30979 1.36553 0.93383 1.14967 0 0 0 0 0 0 0 0 0 0 0 0 0 0 0 0 0 0 0 0 0.187719 0.144436 1.22966 1.57678 2.58049 2.08751 1.66201 3.12444 5.90355 39.7448 
0.749777 0.946272 0.397993 0.309315 0.0165728 0.218392 0.0484943 0.100791 0 0 0 0 0 0 0 0 0 0 0 0 0 0 0 0 0 0 0 0 0.096841 0.134454 0.157589 0.107226 0.275159 0.188644 0.643723 0.627055 0.978824 2.45687 
0.629651 0.892771 1.97426 0.82262 0.700945 0.408485 0.439996 0.457686 0 0 0 0 0 0 0 0 0 0 0 0 0 0 0 0 0 0 0 0 0.0917171 0.493217 0.303194 0.649713 0.633549 3.11662 2.41449 1.61977 1.88742 41.7837 
0.183761 0.0153902 0.0847902 0.0518829 0.0396407 0.0184845 0.0186089 0.0311326 0 0 0 0 0 0 0 0 0 0 0 0 0 0 0 0 0 0 0 0 0.0176036 0.0234627 0.0232386 0.0633698 0.0131383 0.0788461 0.0952084 0.0887941 0.113534 1.24559 
0.948371 0.575365 0.169383 0.316817 0.352244 0.501497 0.0449081 0.134901 0 0 0 0 0 0 0 0 0 0 0 0 0 0 0 0 0 0 0 0 0.30527 0.146353 0.373948 0.244631 0.482073 0.0977347 0.466555 0.568883 1.98389 6.82509 
0.348125 0.509319 0.345867 0.507612 0.380833 0.0770087 0.439585 0.179404 0 0 0 0 0 0 0 0 0 0 0 0 0 0 0 0 0 0 0 0 0.179318 0.120232 0.0375484 0.45187 0.158378 0.486935 0.222451 0.482553 0.178738 3.52364 
0.327728 0.121642 0.171282 0.127304 0.0406515 0.12583 0.0512997 0.0755383 0 0 0 0 0 0 0 0 0 0 0 0 0 0 0 0 0 0 0 0 0.0602831 0.0661554 0.0582498 0.155161 0.0620782 0.251772 0.265311 0.309565 0.322189 2.92011 
0.443204 0.215848 0.185839 0.109903 0.0276384 0.0805143 0.0464551 0.126606 0 0 0 0 0 0 0 0 0 0 0 0 0 0 0 0 0 0 0 0 0.0271812 0.0185393 0.0617439 0.0389749 0.06605 0.189832 0.0640462 0.443045 0.756331 2.48424 
0.326784 0.0734252 0.0869706 0.0660054 0.0899325 0.0131988 0.0493475 0.0699748 0 0 0 0 0 0 0 0 0 0 0 0 0 0 0 0 0 0 0 0 0.00824491 0.0385205 0.0402131 0.0592521 0.108778 0.0533172 0.174303 0.160575 0.603207 2.56807 
0.454113 0.262484 0.599994 0.522486 0.351012 0.132263 0.0973837 0.194958 0 0 0 0 0 0 0 0 0 0 0 0 0 0 0 0 0 0 0 0 0.109233 0.207709 0.323616 0.248838 0.268584 0.0660051 0.289769 0.698566 0.548486 2.72074 
1.74776 0.358983 0.584134 0.526663 0.854364 0.26407 0.444294 0.405985 0 0 0 0 0 0 0 0 0 0 0 0 0 0 0 0 0 0 0 0 0.554508 0.050657 0.206415 0.528277 0.643886 0.707829 0.90947 0.229894 1.89335 4.56734 
0.945867 0.2547 0.31638 0.0944117 0.178051 0.396144 0.172358 0.269404 0 0 0 0 0 0 0 0 0 0 0 0 0 0 0 0 0 0 0 0 0.143908 0.150243 0.171209 0.0773679 0.374486 0.521132 0.985375 1.37161 1.6415 4.73447 
1.06559 1.38223 1.12883 1.01605 1.31829 1.68484 0.739496 0.385859 0 0 0 0 0 0 0 0 0 0 0 0 0 0 0 0 0 0 0 0 0.345715 0.783814 0.718794 0.912863 0.894979 1.42288 0.995452 2.39129 2.72298 17.527 
0.352512 0.222198 0.125401 0.261463 0.0914281 0.0125825 0.0602774 0.0977148 0 0 0 0 0 0 0 0 0 0 0 0 0 0 0 0 0 0 0 0 0.00240926 0.0519385 0.0669279 0.0618907 0.155167 0.179881 0.151077 0.483515 0.406117 2.14159 
2.24223 0.726501 0.624318 0.423081 0.27968 0.2004 0.101695 0.149137 0 0 0 0 0 0 0 0 0 0 0 0 0 0 0 0 0 0 0 0 0.137877 0.129664 0.222419 0.191459 0.107 0.190881 0.708784 0.628151 0.845916 7.38478 
1.02484 0.785395 0.237746 0.400689 0.475072 0.153235 0.2048 0.170492 0 0 0 0 0 0 0 0 0 0 0 0 0 0 0 0 0 0 0 0 0.190824 0.173434 0.559986 0.119081 0.625822 0.689412 0.546596 0.311726 2.8029 7.34754 
0.465469 0.354993 0.252188 0.221091 0.186439 0.15412 0.155215 0.106359 0 0 0 0 0 0 0 0 0 0 0 0 0 0 0 0 0 0 0 0 0.13567 0.140077 0.191706 0.190703 0.190485 0.289546 0.249164 0.434637 0.917701 1.0948 
1.68359 1.18327 0.294385 1.31924 0.458984 1.15021 0.714134 0.0309389 0 0 0 0 0 0 0 0 0 0 0 0 0 0 0 0 0 0 0 0 0.653811 0.429573 0.721502 0.873169 0.293895 0.404984 0.948461 1.56522 1.64022 19.8601 
1.61074 0.693047 0.367245 0.19782 0.103768 0.018882 0.0765928 0.117013 0 0 0 0 0 0 0 0 0 0 0 0 0 0 0 0 0 0 0 0 0.0358032 0.144845 0.0475106 0.171376 0.209751 0.0389689 0.608707 0.669991 1.07293 5.49537 
0.595273 1.0994 0.805981 0.537313 0.375665 0.0623086 0.0938988 0.11827 0 0 0 0 0 0 0 0 0 0 0 0 0 0 0 0 0 0 0 0 0.309033 0.370259 0.406392 0.228722 0.492502 0.41549 0.480092 0.252908 1.24092 8.92217 
1.91168 1.14218 0.909867 0.803304 0.428809 0.511728 1.45736 0.204587 0 0 0 0 0 0 0 0 0 0 0 0 0 0 0 0 0 0 0 0 0.730246 0.599105 0.599142 0.764503 1.16995 0.298062 1.73789 2.20735 1.35005 13.3708 
0.540183 0.0663169 0.032044 0.0108791 0.0452427 0.00409839 0.0271847 0.0242521 0 0 0 0 0 0 0 0 0 0 0 0 0 0 0 0 0 0 0 0 0.0149801 0.0303584 0.0254483 0.0345239 0.019426 0.106327 0.0223156 0.112455 0.316511 1.42612 
0.174782 0.340088 0.153388 0.134234 0.155025 0.0765645 0.116541 0.106198 0 0 0 0 0 0 0 0 0 0 0 0 0 0 0 0 0 0 0 0 0.0498281 0.130232 0.197218 0.222158 0.287169 0.107424 0.0868229 0.423763 0.483403 2.3416 
0.555576 0.138617 0.184303 0.166688 0.137334 0.13003 0.0821764 0.154643 0 0 0 0 0 0 0 0 0 0 0 0 0 0 0 0 0 0 0 0 0.0289153 0.0906383 0.0675194 0.0552186 0.0959272 0.218385 0.236406 0.537323 0.737901 5.6523 
0.206354 0.134042 0.0727284 0.0894613 0.0322956 0.0571977 0.00709526 0.017871 0 0 0 0 0 0 0 0 0 0 0 0 0 0 0 0 0 0 0 0 0.0367418 0.00921068 0.0199418 0.0182909 0.0483925 0.127173 0.0535947 0.0982363 0.116708 2.10219 
0.460273 0.3657 0.190303 0.069688 0.0506758 0.0707657 0.0804138 0.0685575 0.00187672 0.00187672 0.00187672 0.00187672 0.00187672 0.00187672 0.00187672 0.00187672 0.00187672 0.00187672 0.00187672 0.00187672 0.00187672 0.00187672 0.00187672 0.00187672 0.00187672 0.00187672 0.00187672 0.00187672 0.0378673 0.0173388 0.037675 0.0471882 0.0239074 0.0862714 0.160891 0.275456 0.482334 2.236 
0.50088 0.468011 0.128242 0.250643 0.0947039 0.174698 0.0779439 0.145471 0 0 0 0 0 0 0 0 0 0 0 0 0 0 0 0 0 0 0 0 0.152427 0.15477 0.194455 0.288531 0.1717 0.25221 0.0781877 0.256039 0.974297 2.7392 
0.612801 0.361522 0.132261 0.230071 0.135461 0.0587341 0.106175 0.0168779 0 0 0 0 0 0 0 0 0 0 0 0 0 0 0 0 0 0 0 0 0.138936 0.205681 0.184938 0.0723591 0.206707 0.279695 0.663004 0.622911 0.982284 3.46786 
0.0767969 0.199076 0.0804481 0.0475967 0.130363 0.103553 0.0429947 0.037267 0 0 0 0 0 0 0 0 0 0 0 0 0 0 0 0 0 0 0 0 0.0554646 0.0347702 0.0640657 0.117348 0.0872261 0.158113 0.0590181 0.2311 0.176925 1.36873 
0.371645 0.233374 0.473682 0.463648 0.400323 0.213427 0.170565 0.0394035 0 0 0 0 0 0 0 0 0 0 0 0 0 0 0 0 0 0 0 0 0.109117 0.179103 0.161349 0.141405 0.0624863 0.142785 0.29859 0.720824 1.85442 4.02687 