0.053728 0.0965996 0.0586018 0.0263796 0.0198505 0.0386658 0.0385902 0.0283156 0 0 0 0 0 0 0 0 0 0 0 0 0 0 0 0 0 0 0 0 0.03513 0.0284898 0.0236577 0.0609205 0.056759 0.115077 0.2356 0.186385 0.43083 1.93786 
1.6118 0.795185 2.18917 0.986453 1.22028 0.777606 0.629969 0.618563 0 0 0 0 0 0 0 0 0 0 0 0 0 0 0 0 0 0 0 0 0.418803 0.379324 0.721667 0.807972 1.09266 0.298464 0.710081 0.999945 2.59003 6.97974 
0.365864 0.227704 0.103467 0.140014 0.0366824 0.0249021 0.037259 0.025534 0 0 0 0 0 0 0 0 0 0 0 0 0 0 0 0 0 0 0 0 0.0478553 0.0531284 0.0246757 0.0160659 0.0292173 0.114344 0.193374 0.39042 0.578433 2.32709 
0.288729 0.317368 0.199553 0.0709746 0.051723 0.0622967 0.0360708 0.0820836 0 0 0 0 0 0 0 0 0 0 0 0 0 0 0 0 0 0 0 0 0.0485838 0.0797052 0.0274683 0.136717 0.11595 0.251689 0.438644 0.298333 0.535024 3.15384 
0.196547 0.242483 0.276559 0.070378 0.0464796 0.0691713 0.0376282 0.0997832 0 0 0 0 0 0 0 0 0 0 0 0 0 0 0 0 0 0 0 0 0.107816 0.13518 0.199999 0.27475 0.264163 0.205312 0.317146 0.421702 0.84101 2.27596 
0.584864 0.274764 0.22113 0.200762 0.119417 0.128423 0.078748 0.0605645 0 0 0 0 0 0 0 0 0 0 0 0 0 0 0 0 0 0 0 0 0.0574936 0.0836383 0.0465265 0.0250024 0.248603 0.153963 0.533544 0.037682 0.35028 4.73292 
0.467118 0.299937 0.214367 0.17042 0.139209 0.121339 0.134292 0.101164 0 0 0 0 0 0 0 0 0 0 0 0 0 0 0 0 0 0 0 0 0.109688 0.12215 0.1395 0.175371 0.210204 0.265786 0.358287 0.407663 0.558043 0.965919 
0.21341 0.216492 0.0759741 0.0579115 0.10117 0.0883154 0.0785838 0.0567893 0 0 0 0 0 0 0 0 0 0 0 0 0 0 0 0 0 0 0 0 0.0698529 0.0731559 0.164072 0.193344 0.386878 0.077399 0.166499 0.170769 0.295265 2.84133 
0.873801 0.515678 0.565467 0.144981 0.0688611 0.115377 0.105235 0.0125828 0 0 0 0 0 0 0 0 0 0 0 0 0 0 0 0 0 0 0 0 0.111517 0.0745677 0.160373 0.127257 0.356854 0.433054 0.474305 0.545998 0.423163 3.92864 
1.21817 0.44803 0.435491 0.229933 0.378647 0.171432 0.090019 0.11134 0 0 0 0 0 0 0 0 0 0 0 0 0 0 0 0 0 0 0 0 0.120896 0.127364 0.113543 0.476625 0.403006 0.466773 0.250264 0.526514 1.05182 6.08109 
0.24618 0.28115 0.0935874 0.0901567 0.172061 0.0583766 0.0577645 0.0842079 0 0 0 0 0 0 0 0 0 0 0 0 0 0 0 0 0 0 0 0 0.00840231 0.0516642 0.0572267 0.103174 0.0240197 0.308221 0.245759 0.237173 0.619464 2.40867 
0.292632 0.569417 0.356325 0.123135 0.121653 0.160701 0.174121 0.173824 0 0 0 0 0 0 0 0 0 0 0 0 0 0 0 0 0 0 0 0 0.185708 0.248863 0.225802 0.197242 0.152236 0.352975 0.670079 0.896376 0.876082 3.30103 
0.933822 0.287682 0.231819 0.0835617 0.104019 0.113698 0.0293779 0.0759697 0 0 0 0 0 0 0 0 0 0 0 0 0 0 0 0 0 0 0 0 0.0460564 0.114141 0.251982 0.146366 0.0901344 0.0777341 0.0617584 0.147092 1.47028 2.72587 
4.56242 0.820591 3.33845 1.60103 0.0911532 0.907144 0.896175 0.374319 0 0 0 0 0 0 0 0 0 0 0 0 0 0 0 0 0 0 0 0 1.31314 0.305227 0.316557 0.58637 1.9261 1.28069 2.35857 2.10425 7.79746 14.8717 
0.672938 0.582513 0.259406 0.178241 0.102791 0.171944 0.14394 0.125478 0 0 0 0 0 0 0 0 0 0 0 0 0 0 0 0 0 0 0 0 0.13803 0.10982 0.124166 0.186544 0.171378 0.560742 0.770539 0.0514064 0.816991 6.33675 
0.285385 0.334619 0.366896 0.182072 0.129232 0.039953 0.132007 0.0926176 0 0 0 0 0 0 0 0 0 0 0 0 0 0 0 0 0 0 0 0 0.17305 0.0986103 0.119274 0.087535 0.426034 0.25488 0.24141 0.673525 0.760955 2.9109 
1.89007 1.95886 1.25864 0.457349 1.1506 0.427558 0.884149 0.636314 0 0 0 0 0 0 0 0 0 0 0 0 0 0 0 0 0 0 0 0 0.134352 0.561903 0.904261 0.664402 0.530177 1.38812 1.86386 0.624694 0.506944 11.2935 
0.391643 0.311118 0.0389149 0.0265418 0.0410775 0.0850913 0.0681222 0.0657362 0 0 0 0 0 0 0 0 0 0 0 0 0 0 0 0 0 0 0 0 0.0449022 0.064476 0.114651 0.156857 0.0689654 0.112921 0.177625 0.237095 0.631387 2.83893 
4.34337 2.68228 0.72172 0.492383 0.766601 0.218482 0.939252 0.67417 0 0 0 0 0 0 0 0 0 0 0 0 0 0 0 0 0 0 0 0 0.367678 0.301809 1.75803 1.47949 0.708255 0.523596 1.46115 4.17595 5.85186 18.2049 
4.771 0.853621 0.529867 0.342964 0.273452 0.847734 0.320578 0.181529 0 0 0 0 0 0 0 0 0 0 0 0 0 0 0 0 0 0 0 0 0.121642 0.511618 0.78111 0.256268 0.636136 0.337268 0.304157 1.95634 1.16434 18.11 
0.305354 0.220131 0.13343 0.325893 0.134466 0.109388 0.0329686 0.0182186 0 0 0 0 0 0 0 0 0 0 0 0 0 0 0 0 0 0 0 0 0.0339461 0.101463 0.0468773 0.15991 0.210647 0.0900453 0.390037 0.178325 0.300662 3.03135 
0.646238 0.415246 0.362079 0.4586 0.271978 0.136022 0.157937 0.118561 0 0 0 0 0 0 0 0 0 0 0 0 0 0 0 0 0 0 0 0 0.146894 0.184934 0.240224 0.242377 0.52192 0.370966 0.24728 0.774671 1.1619 3.54066 
9.96351 4.14374 3.0538 1.126 0.844916 0.804138 0.665517 0.0264535 0 0 0 0 0 0 0 0 0 0 0 0 0 0 0 0 0 0 0 0 0.537052 1.04424 1.59224 0.513673 0.575674 2.64661 1.65532 5.73394 7.00957 40.2658 
1.28702 1.12171 0.58552 0.218723 0.344287 0.281838 0.243873 0.128349 0 0 0 0 0 0 0 0 0 0 0 0 0 0 0 0 0 0 0 0 0.199535 0.25927 0.23682 0.200307 0.220634 0.518719 0.874187 1.13123 1.07054 5.69441 
0.065636 0.0618012 0.00698685 0.0862435 0.0583401 0.0221579 0.0525683 0.00928114 0 0 0 0 0 0 0 0 0 0 0 0 0 0 0 0 0 0 0 0 0.0394862 0.0492824 0.0515462 0.0572024 0.0151324 0.0313224 0.0585678 0.29615 0.352186 1.74785 
1.47997 0.132376 0.135946 0.0299254 0.0602993 0.0911142 0.106592 0.0996258 0 0 0 0 0 0 0 0 0 0 0 0 0 0 0 0 0 0 0 0 0.156246 0.0931217 0.176352 0.437565 0.484916 0.188929 0.168099 0.256439 0.529601 6.01016 
1.51414 0.576521 0.740662 0.374512 0.189692 0.377497 0.209657 0.231023 0 0 0 0 0 0 0 0 0 0 0 0 0 0 0 0 0 0 0 0 0.273333 0.264811 0.224149 0.370062 0.419952 0.6301 0.711287 0.923165 0.781771 6.56198 
2.98772 0.455371 0.976081 0.991172 0.419117 0.180049 0.383532 0.0422667 0 0 0 0 0 0 0 0 0 0 0 0 0 0 0 0 0 0 0 0 0.248401 0.197533 0.478644 0.421883 0.298741 0.35839 0.830503 2.38344 1.12085 9.56157 
0.13347 0.155642 0.13402 0.1379 0.0841803 0.0762473 0.103742 0.023152 0 0 0 0 0 0 0 0 0 0 0 0 0 0 0 0 0 0 0 0 0.10004 0.0774258 0.0841952 0.223127 0.149631 0.0217231 0.296982 0.329104 0.865025 1.89196 
0.77943 0.529072 0.663105 0.227665 0.160093 0.23901 0.0931589 0.147492 0 0 0 0 0 0 0 0 0 0 0 0 0 0 0 0 0 0 0 0 0.178443 0.0533529 0.136574 0.13672 0.353212 0.422208 0.403511 0.372407 0.432435 4.03285 
0.981576 0.358275 0.224595 0.185021 0.209368 0.168225 0.0734433 0.0963742 0 0 0 0 0 0 0 0 0 0 0 0 0 0 0 0 0 0 0 0 0.107281 0.0804989 0.0846009 0.124198 0.146852 0.368314 0.172597 0.272726 0.569276 2.95466 
3.18202 2.65217 0.463957 0.141306 0.535785 0.743844 0.239805 0.657436 0 0 0 0 0 0 0 0 0 0 0 0 0 0 0 0 0 0 0 0 0.409137 0.597007 0.579091 0.561104 0.312652 1.56961 0.807743 2.19586 3.66637 21.8797 
0.579224 0.451989 0.240244 0.141806 0.0756513 0.0650726 0.0380066 0.0212589 0 0 0 0 0 0 0 0 0 0 0 0 0 0 0 0 0 0 0 0 0.0654403 0.100107 0.114423 0.0955321 0.0186058 0.11768 0.174064 0.638118 0.685436 3.95337 
0.709431 0.223072 0.428581 0.136214 0.177296 0.116404 0.119337 0.0343865 0 0 0 0 0 0 0 0 0 0 0 0 0 0 0 0 0 0 0 0 0.127419 0.0679101 0.0950504 0.206388 0.173972 0.289423 0.510647 0.705345 0.363732 3.46844 
0.175672 0.172931 0.0802622 0.0482264 0.0682045 0.0159533 0.0329348 0.0281307 0 0 0 0 0 0 0 0 0 0 0 0 0 0 0 0 0 0 0 0 0.0327391 0.0587358 0.0242768 0.061703 0.0545475 0.0911826 0.101644 0.141741 0.24532 2.1911 
0.654055 0.293419 0.251023 0.204204 0.166565 0.13989 0.0864092 0.096343 0 0 0 0 0 0 0 0 0 0 0 0 0 0 0 0 0 0 0 0 0.0841151 0.10498 0.118739 0.148106 0.188512 0.201644 0.3234 0.386514 0.70903 1.47112 
0.237294 0.158876 0.0962786 0.125887 0.0211689 0.04174 0.0111675 0.0412854 0 0 0 0 0 0 0 0 0 0 0 0 0 0 0 0 0 0 0 0 0.016313 0.066559 0.0854984 0.0275872 0.153491 0.103414 0.059486 0.176229 0.118756 3.59944 
1.01923 0.517572 0.0853966 0.29235 0.253193 0.118733 0.245369 0.105517 0 0 0 0 0 0 0 0 0 0 0 0 0 0 0 0 0 0 0 0 0.0913912 0.181533 0.375883 0.0490209 0.206481 0.451904 0.622192 0.606141 0.408078 4.3913 
0.321279 0.343357 0.232825 0.203479 0.110577 0.156555 0.0108235 0.179202 0 0 0 0 0 0 0 0 0 0 0 0 0 0 0 0 0 0 0 0 0.0527042 0.134228 0.158348 0.221462 0.220733 0.269296 0.237492 0.226937 0.878151 3.95791 
0.473969 0.514012 0.391443 0.0837562 0.074148 0.287057 0.0318477 0.0883428 0 0 0 0 0 0 0 0 0 0 0 0 0 0 0 0 0 0 0 0 0.0865505 0.0290947 0.311875 0.179698 0.137506 0.432127 0.231795 0.48221 0.819289 2.37058 
0.588262 0.371776 0.348977 0.120842 0.0168482 0.0300445 0.116179 0.0878824 0 0 0 0 0 0 0 0 0 0 0 0 0 0 0 0 0 0 0 0 0.100578 0.0546676 0.0842834 0.0853408 0.196205 0.370529 0.22346 0.428861 0.677533 3.34229 
0.574841 0.58927 0.437238 0.266389 0.242596 0.160339 0.210771 0.0677806 0 0 0 0 0 0 0 0 0 0 0 0 0 0 0 0 0 0 0 0 0.285314 0.214787 0.196675 0.103132 0.331365 0.0169598 0.649105 0.32286 0.355917 3.61091 
1.22668 0.259622 0.533002 0.105429 0.216626 0.25388 0.0589363 0.0710569 0 0 0 0 0 0 0 0 0 0 0 0 0 0 0 0 0 0 0 0 0.0620265 0.0619654 0.0904389 0.285345 0.218843 0.359939 0.421491 0.638237 0.473495 8.37485 
0.778516 0.30559 0.277774 0.120665 0.158546 0.0593773 0.0598288 0.0551682 0 0 0 0 0 0 0 0 0 0 0 0 0 0 0 0 0 0 0 0 0.075479 0.0577924 0.156628 0.0398802 0.178341 0.475767 0.419726 0.634514 0.577453 3.83178 
0.288142 0.340569 0.23563 0.309843 0.205206 0.0955921 0.112964 0.112155 0 0 0 0 0 0 0 0 0 0 0 0 0 0 0 0 0 0 0 0 0.103332 0.0643459 0.134474 0.178396 0.320897 0.226286 0.238323 0.334967 0.609934 2.67179 
0.71114 0.374798 0.0861786 0.129739 0.124963 0.113979 0.0286999 0.131179 0 0 0 0 0 0 0 0 0 0 0 0 0 0 0 0 0 0 0 0 0.080302 0.0268403 0.0740909 0.213729 0.0749977 0.20283 0.227975 0.355882 0.727557 3.7587 
0.271827 0.299038 0.282676 0.131365 0.1034 0.0662634 0.0754123 0.0409364 0 0 0 0 0 0 0 0 0 0 0 0 0 0 0 0 0 0 0 0 0.0614083 0.198488 0.103101 0.0673648 0.127024 0.166687 0.123383 0.214333 0.451497 4.30232 
0.968845 0.189593 0.0494392 0.164821 0.17333 0.0724184 0.0128511 0.119888 0 0 0 0 0 0 0 0 0 0 0 0 0 0 0 0 0 0 0 0 0.126307 0.11284 0.0999457 0.162332 0.256539 0.317229 0.332925 0.23812 0.0545662 3.45063 
0.549459 0.277898 0.20926 0.119021 0.192275 0.13284 0.0964893 0.115618 0 0 0 0 0 0 0 0 0 0 0 0 0 0 0 0 0 0 0 0 0.168317 0.0720382 0.135488 0.103091 0.202087 0.535657 0.271337 0.852246 0.412729 4.28535 
0.932599 0.396236 0.507503 0.161389 0.202299 0.0688436 0.0950715 0.216369 0 0 0 0 0 0 0 0 0 0 0 0 0 0 0 0 0 0 0 0 0.0860716 0.147479 0.188437 0.177572 0.501658 0.419871 0.706761 0.193676 0.912061 5.33214 
0.117916 0.139525 0.0715136 0.113394 0.0650267 0.141546 0.0495191 0.0291717 0 0 0 0 0 0 0 0 0 0 0 0 0 0 0 0 0 0 0 0 0.0746574 0.0464272 0.0178822 0.0717337 0.0987317 0.0455647 0.0747088 0.0626166 0.445876 1.43689 
0.444363 0.163783 0.242538 0.164118 0.082577 0.124869 0.0744786 0.0356064 0 0 0 0 0 0 0 0 0 0 0 0 0 0 0 0 0 0 0 0 0.0289527 0.0189919 0.0234877 0.179347 0.158265 0.113493 0.0603879 0.484458 0.730101 3.34543 
0.291563 0.439214 0.308779 0.163004 0.242212 0.174665 0.180167 0.175927 0 0 0 0 0 0 0 0 0 0 0 0 0 0 0 0 0 0 0 0 0.165425 0.192104 0.19722 0.207656 0.156844 0.51042 0.567746 0.313425 0.603288 6.91445 
1.9259 1.38426 1.94548 0.544607 0.535663 0.078817 0.162342 0.247047 0 0 0 0 0 0 0 0 0 0 0 0 0 0 0 0 0 0 0 0 0.0961699 0.338121 0.226072 0.156593 0.0128786 0.520768 1.10024 2.37151 2.90758 7.77105 
0.691199 0.407036 0.287159 0.219923 0.192408 0.164289 0.122668 0.111092 0 0 0 0 0 0 0 0 0 0 0 0 0 0 0 0 0 0 0 0 0.15801 0.169931 0.176661 0.187886 0.227034 0.267042 0.280402 0.376636 0.653476 1.49559 
1.66995 0.179028 0.199976 0.177667 0.112391 0.111953 0.0611331 0.0426214 0 0 0 0 0 0 0 0 0 0 0 0 0 0 0 0 0 0 0 0 0.134229 0.11214 0.124961 0.0727239 0.263583 0.396067 0.396439 0.359912 0.108323 6.2518 
0.669013 0.165759 0.0774142 0.173648 0.233069 0.175727 0.297909 0.0790419 0 0 0 0 0 0 0 0 0 0 0 0 0 0 0 0 0 0 0 0 0.270495 0.186924 0.404537 0.277594 0.341896 0.731525 0.495177 0.925281 0.965374 7.29425 
0.520871 0.30416 0.219866 0.139987 0.158457 0.154802 0.116078 0.110816 0 0 0 0 0 0 0 0 0 0 0 0 0 0 0 0 0 0 0 0 0.149146 0.143334 0.132054 0.183617 0.237773 0.256806 0.291107 0.400213 0.61962 0.853848 
0.532952 0.18554 0.169271 0.0475457 0.268338 0.271753 0.149917 0.133251 0 0 0 0 0 0 0 0 0 0 0 0 0 0 0 0 0 0 0 0 0.0620776 0.0684184 0.138279 0.243095 0.444784 0.204997 0.683041 0.889855 1.86084 4.0841 
1.09904 0.105805 0.471912 0.531723 0.368851 0.040554 0.161789 0.0224559 0 0 0 0 0 0 0 0 0 0 0 0 0 0 0 0 0 0 0 0 0.155219 0.0446301 0.114861 0.219891 0.396922 0.383227 0.316799 0.906463 1.06892 5.51994 
0.579583 0.0988283 0.20565 0.0753327 0.0828671 0.0445624 0.124012 0.0421602 0 0 0 0 0 0 0 0 0 0 0 0 0 0 0 0 0 0 0 0 0.0364585 0.0508078 0.0659038 0.169311 0.0923708 0.162073 0.161041 0.260112 0.846038 3.41118 
1.74126 0.578332 0.975152 1.49087 1.26773 0.708627 0.608129 0.230718 0 0 0 0 0 0 0 0 0 0 0 0 0 0 0 0 0 0 0 0 0.695489 0.721308 0.476033 0.391795 0.745677 1.04534 1.93136 3.49757 3.77716 9.54589 
0.864432 0.625605 1.0219 0.229744 0.596787 0.154487 0.50101 0.601893 0 0 0 0 0 0 0 0 0 0 0 0 0 0 0 0 0 0 0 0 0.126733 0.454427 0.724159 0.148185 0.84006 0.973154 0.540666 1.83734 1.29917 10.8881 
0.624626 0.112417 0.133051 0.118509 0.0751926 0.0485425 0.0607466 0.0759363 0 0 0 0 0 0 0 0 0 0 0 0 0 0 0 0 0 0 0 0 0.0629716 0.0811659 0.102805 0.109642 0.0168256 0.114108 0.0403591 0.163877 0.237372 2.96628 
1.71625 0.261763 0.662764 0.578582 0.213387 0.0945923 0.248535 0.221242 0 0 0 0 0 0 0 0 0 0 0 0 0 0 0 0 0 0 0 0 0.125492 0.291263 0.235935 0.580445 0.49661 0.37176 0.592072 0.50052 0.657242 6.5036 
0.304053 0.326923 0.28062 0.233651 0.232441 0.204176 0.214906 0.107399 0 0 0 0 0 0 0 0 0 0 0 0 0 0 0 0 0 0 0 0 0.202143 0.32408 0.301454 0.111262 0.380322 0.158425 0.839151 0.711376 0.602253 6.66612 
0.403992 0.381072 0.124579 0.308637 0.15107 0.0325681 0.0641816 0.0675518 0 0 0 0 0 0 0 0 0 0 0 0 0 0 0 0 0 0 0 0 0.0338499 0.0708767 0.0569866 0.116074 0.16432 0.226551 0.145641 0.231884 1.60295 1.31839 
0.651754 0.51465 0.653794 0.272572 0.236586 0.100933 0.152176 0.176372 0 0 0 0 0 0 0 0 0 0 0 0 0 0 0 0 0 0 0 0 0.185534 0.128459 0.132931 0.145223 0.19635 0.545593 0.266205 0.835518 1.18534 4.68683 
0.522396 0.0870324 0.0779598 0.119104 0.140063 0.12257 0.0460704 0.0219513 0 0 0 0 0 0 0 0 0 0 0 0 0 0 0 0 0 0 0 0 0.0838766 0.0512391 0.0780879 0.0801969 0.0985673 0.122923 0.226986 0.331842 0.563374 2.29892 
2.34563 0.911232 1.55787 3.30357 2.16769 1.42642 2.19206 1.21717 0 0 0 0 0 0 0 0 0 0 0 0 0 0 0 0 0 0 0 0 2.68898 0.445184 1.0479 3.76229 0.814657 2.41556 6.78862 2.15252 7.54972 39.5006 
0.448863 0.285642 0.462688 0.435753 0.756103 0.375209 0.338791 0.506258 0 0 0 0 0 0 0 0 0 0 0 0 0 0 0 0 0 0 0 0 0.322539 0.533735 0.31693 0.661705 0.943067 1.44921 1.0176 2.06783 2.06891 10.46 
0.261248 0.313948 0.0203891 0.101576 0.0767692 0.0686797 0.0546632 0.109537 0 0 0 0 0 0 0 0 0 0 0 0 0 0 0 0 0 0 0 0 0.094326 0.0232072 0.0726221 0.115233 0.150066 0.242034 0.0432724 0.359726 0.459333 3.70834 
1.17001 0.305464 0.166677 0.162512 0.0778116 0.152349 0.0897019 0.0304328 0 0 0 0 0 0 0 0 0 0 0 0 0 0 0 0 0 0 0 0 0.115848 0.0551716 0.0830865 0.0926776 0.226458 0.163782 0.254965 0.451205 0.439042 4.98858 
0.229484 0.575317 0.0399008 0.175379 0.120702 0.0909104 0.108291 0.0626642 0 0 0 0 0 0 0 0 0 0 0 0 0 0 0 0 0 0 0 0 0.100249 0.167274 0.0148074 0.201771 0.240376 0.289625 0.794777 0.030883 0.794908 3.81615 
0.518467 0.533587 0.206405 0.0926368 0.0955729 0.186149 0.196958 0.130296 0 0 0 0 0 0 0 0 0 0 0 0 0 0 0 0 0 0 0 0 0.133955 0.106681 0.173847 0.153764 0.226991 0.170411 0.406597 0.900052 1.04772 3.30281 
0.415192 0.622791 0.167566 0.141307 0.383293 0.0743838 0.043691 0.179843 0 0 0 0 0 0 0 0 0 0 0 0 0 0 0 0 0 0 0 0 0.239454 0.107392 0.0709363 0.0957982 0.0593703 0.117609 0.566385 0.664275 0.145407 5.60213 
3.88218 2.25734 1.09783 0.373994 0.36017 0.374903 0.155481 0.457468 0 0 0 0 0 0 0 0 0 0 0 0 0 0 0 0 0 0 0 0 0.207184 0.384717 0.309494 0.236225 0.258348 1.52417 0.920117 2.56989 4.04699 29.689 
0.706467 0.589598 0.368969 0.583 0.417681 0.341936 0.259075 0.286135 0 0 0 0 0 0 0 0 0 0 0 0 0 0 0 0 0 0 0 0 0.287577 0.406015 0.338952 0.446297 0.672371 0.572482 0.38736 1.54627 1.38331 5.99531 
0.267078 0.196162 0.226317 0.0761418 0.0237379 0.032019 0.0125072 0.0151969 0 0 0 0 0 0 0 0 0 0 0 0 0 0 0 0 0 0 0 0 0.0703793 0.0907231 0.103669 0.130266 0.163459 0.201581 0.425476 0.535163 0.768447 0.223863 
0.550712 0.0961361 0.595432 0.10104 0.172857 0.137058 0.177318 0.131448 0 0 0 0 0 0 0 0 0 0 0 0 0 0 0 0 0 0 0 0 0.116716 0.171278 0.0641549 0.40586 0.438872 0.301871 0.248823 0.680512 1.30508 3.90945 
0.0944822 0.0620885 0.0229002 0.0293941 0.0208414 0.0215697 0.0290083 0.00807301 0 0 0 0 0 0 0 0 0 0 0 0 0 0 0 0 0 0 0 0 0.0452679 0.0455968 0.0602368 0.0572381 0.0284269 0.0620815 0.0297698 0.142759 0.0919532 1.61874 
0.873571 0.572764 0.55949 0.442404 0.127619 0.231272 0.231945 0.112281 0 0 0 0 0 0 0 0 0 0 0 0 0 0 0 0 0 0 0 0 0.216022 0.16398 0.107519 0.436867 0.251892 0.414065 0.244072 0.829424 2.70325 8.34428 
0.423857 0.330756 0.254308 0.470264 0.525912 0.120177 0.451866 0.323783 0 0 0 0 0 0 0 0 0 0 0 0 0 0 0 0 0 0 0 0 0.0183356 0.357231 0.411171 0.137106 0.857273 0.369265 0.734328 0.442163 1.89896 6.50989 
0.932283 0.244396 0.162512 0.493015 0.106224 0.190344 0.0922489 0.0762969 0 0 0 0 0 0 0 0 0 0 0 0 0 0 0 0 0 0 0 0 0.114162 0.119377 0.0782095 0.0282311 0.270392 0.139982 0.349772 0.892177 0.504936 5.794 
0.44824 0.407887 0.201057 0.152319 0.194353 0.281605 0.187115 0.151838 0 0 0 0 0 0 0 0 0 0 0 0 0 0 0 0 0 0 0 0 0.0639539 0.162718 0.121772 0.149272 0.0510607 0.167471 0.28116 0.305238 0.489306 2.18547 