1 0.0550902 0.00483247 0.00161082 0.000966495 0 0.142719 0.239691 0.242912 0.410116 0.314404 0.933518 1 0.684211 0.448753 0.315097 0.200139 0.143352 0.111496 0.0588643 0.493064 0.974149 1 0.764187 0.38966 0.236444 0.107818 0.0441362 0.0390921 0.057377 
0.860729 1 0.236026 0 0 0 0 0 0 0.000154975 0.609079 1 0.482077 0.330533 0.0320377 0 0 0 0 0 0 0 0 5.85514e-005 0.0131741 0.600211 0.265531 0.043211 0.454535 1 
1 0.0119931 0 0 0 0 0 0 0 0.00887348 0.0171887 0.420359 0.30615 0.175134 0.555959 1 0.317036 0.0189076 0.0013369 0.000381971 0 0.00180873 0.232421 1 0.736604 0.493104 0.176351 0.630115 0.0590097 0 
1 0.0982612 0.0163922 0.00874007 0.0118747 0.0209098 0.0316966 0.018568 0.011469 0.0206701 0.807078 0.349365 0.40663 0.734665 1 0.669791 0.383805 0.194416 0.0170505 0.000203791 0 0.0540183 0.312294 0.952514 1 0.74444 0.434569 0.278679 0.160881 0.992661 
0.635806 1 0 0 0 0 0 0 0 0 0 0.0188983 1 0.0829111 0.0243667 0.000603136 0 0 0 0 0 0 0 0.000322152 0.0445375 0.0192083 0.00241614 0.0153828 0.0465912 1 
1 0.0206191 0.00237762 0.00104125 0.0020324 0.0165933 0.10275 0.0398795 0.0436436 0.291117 0.367232 0.651713 0.365373 0.298449 0.364814 0.612006 0.628632 0.698753 1 0.348287 0.157395 0.884443 1 0.961646 0.850284 0.86631 0.68024 0.350284 0.113298 0.00832473 
0.162365 1 0.176904 0.445999 0.0130602 0.00517675 0.0137406 0.0165286 0.00806094 0.0074915 0.539745 0.550231 0.620032 1 0.795718 0.588042 0.0573043 0.0419827 0.0491884 0.0404088 0.41687 0.364256 0.0482253 0.00169842 0.00384315 0.0991161 0.634417 1 0.194339 0.337367 
0.648215 0.108732 0.0160033 0.00295231 0.00369039 0.00416797 1 0.0356014 0.0168021 0.00644299 1 0.418307 0.0103127 0.0074977 0.0058802 0.211231 0.00966926 0.00751557 0.216432 0.00221624 0.0462254 0.00264942 0.00535114 0.0206725 0.954053 0.430078 0.205557 0.533946 0.500235 1 
0.110276 0 0 0 0 0 0.00125313 0.0758145 0.537594 1 0.828181 1 0.148095 0.00287563 0 0 0 0 0 0 0 0 0 0 0 0.0069869 0.178166 0.526638 1 0.692576 
1 0.257091 0.000197556 8.46668e-005 0.000719668 0 0 0.000762002 0 0.013335 1 0.0221159 0.0062334 0.00293269 0.000977562 0.00109257 0.000759048 0.000460029 1.15007e-005 0.00117307 1 0.78461 0.465396 0.192384 0.0122659 0.00201706 0.000408864 0.000218061 0.00010903 0 
0.435278 1 0.119222 0.0311715 0.138018 0.202621 0.106201 0.290456 0.423105 0.675108 1 0.536671 0.1144 0.0536121 0.0365964 0.026537 0.0147824 0.00520481 0.00147011 0.000193929 0.00482701 0.0531606 0.219121 1 0.682053 0.449896 0.586513 0.338335 0.892917 0.316391 
1 0.852649 0.00478892 7.36757e-005 7.36757e-005 0 7.36757e-005 0.000221027 0 0.00051573 0.0407112 1 0.800384 0.334579 0.238004 0.0908173 0.0287908 0.00888979 0.00222245 0.000505102 0.000723764 0.00482509 0.00675513 0.0247286 0.0907117 0.501447 1 0.914958 0.39421 0.104343 
0.549081 0.159493 0.0636271 0.0555461 0.186033 1 0.91953 0.163916 0.106329 0.107605 1 0.0815407 0.00593024 0.00109094 0.000167837 5.59456e-005 5.59456e-005 0 2.79728e-005 0 0.00614362 0.0599345 0.0356785 0.0164285 0.0255302 0.0580686 0.109857 0.224538 0.235278 1 
0.81836 1 0.39838 0.268778 0.000490918 0 0 0 0 0.00883652 0.0222298 0.183311 0.421683 0.79104 1 0.69015 0.22948 0.0502736 0.0430917 0.0277018 0 0.00440678 0.061017 0.420678 1 0.711864 0.642034 0.447797 0.14678 0.0108475 
1 0.372027 0 0 0 0 0 0.00171201 0.0238193 0.0178272 0.108559 0.679602 1 0.955667 0.847599 0.569323 0.334766 0.125015 0.0349994 0.00773671 0 0.0209998 0.158754 0.430267 0.918398 1 0.943392 0.669254 0.188427 0.0108423 
1 0.521082 0.019435 0.0062089 0.00612317 0.00259623 0.0092215 0.00522919 0.00254724 0.0109115 0.0490333 1 0.359102 0.0637044 0.0768533 0.168993 0.345597 0.660168 0.787576 0.337079 0.211667 0.261225 1 0.910707 0.239995 0.0730061 0.0584302 0.0705346 0.629012 0.642257 
0.394343 1 0.513478 0.862895 0.677205 0.00732113 0.0189684 0.00732113 0.00765391 0.0266223 0.243891 0.00678733 0.107692 0.403167 0.840271 0.909502 1 0.538914 0.256109 0.116742 0.448485 1 0.755731 0.137549 0.113307 0.320158 0.00869565 0 0 0 
1 0.772389 0 0 0 0 0 0 0 0 0 0.189403 0.432253 0.0950741 1 0.000238468 0 0 0 0 0 0 0 0 0 0 0 0.29511 1 0.728499 
0.176188 0.217715 0.158605 0.120739 0.681889 1 0.31187 0.128181 0.0334854 0.0738718 1 0.149697 0.076589 0.0758652 0.112264 0.129153 0.0904109 0.03178 0.00141321 0 0 0.000152114 0.0968208 0.48091 0.314573 0.268102 0.603286 1 0.731594 0.183298 
1 0.00349245 0.000881791 0.000604062 0.000715154 0.000694324 0.000527686 0.000291616 0.000645721 0.0136435 0.069817 0.258792 0.645654 0.931605 0.905062 0.960375 0.586785 0.658735 0.647028 1 0.00718257 0.0180257 0.0790676 0.605414 1 0.759136 0.260531 0.0865866 0.0890204 0.00607452 
1 0.0664815 0.0109916 0.0066777 0.0254698 0.62664 0.812374 0.171965 0.134263 0.376669 1 0.761783 0.609981 0.300518 0.0850029 0.0364597 0.0224408 0.0160067 0.0100434 0.00486478 0.067356 0.262799 0.465368 0.58944 0.925617 1 0.657699 0.689721 0.702068 0.129191 
1 0.708577 0.316588 0.312535 0.430443 0.606598 0.19312 0.0547597 0.0272385 0.121301 0.422284 1 0.654206 0.392921 0.151654 0.0290979 0.00178962 0.000132564 0 0 0.00421124 1 0.202174 0.109424 0.0118526 0.0291051 0.00210562 0 0 0 
0 0.0445811 0.219062 1 0 0 0 0 0 0 0 0 0 0 0.0488998 0.205379 0.462103 0.848411 1 0.699266 0 0.00330579 0.0644628 0.413223 0.975207 1 0.246281 0.014876 0 0 
1 0.0358868 0.00507021 0.00144372 0.00553426 0.0723063 0.242803 0.0110685 0.00395304 0.0498084 0.0638788 0.362679 0.424042 0.371849 0.416444 0.720746 1 0.578525 0.237646 0.0606823 0.612083 1 0.184071 0.00833225 0.00178393 0.000761432 0.000261063 4.35104e-005 4.35104e-005 0 
1 0.410084 0.0596639 0.0176471 0.0336134 0.0546218 0.019888 0.0187675 0.0235294 0.515686 1 0.704966 0.739057 0.493687 0.248316 0.0429293 0.00462963 0.00210438 0 0 0.00131033 1 0.0200917 0 0 0 0 0 0 0.657567 
1 0.584028 0.000457503 5.08337e-005 0 0 0 0 0 0.128813 0.00152672 0.0284987 0.583885 0.571332 0.111111 0.352841 1 0.18821 0.0129771 0.00339271 0 0.00108063 0.0074813 0.0285121 0.329343 0.817623 0.422776 0.0770574 0.117872 1 
0 8.53606e-005 0.0118224 0.159368 1 0.0854033 0 0 0 0 0.0113571 1 0.0402143 0 0 0 0 0 0 0 0 0 0 0 0 0 0.00158113 0.04897 0.27959 1 
1 0.140078 0.0214352 0.00942567 0.0164663 0.115057 0.134207 0.0797168 0.146392 0.297081 0.587095 1 0.346321 0.0136313 0.000942185 1.51965e-005 0 0 0 0 0 0.02238 0.456403 0.572801 1 0.601921 0.432016 0.358412 0.0802884 0.0241239 
0.250313 1 0.763718 0.344275 0.240541 0.412428 0.522927 0.0871962 0.0438487 0.0491105 1 0.0708822 0.0822754 0.0393066 0.0119629 0.00146484 0.000244141 8.13802e-005 8.13802e-005 0 0.0062527 0.253342 0.210651 0.0830099 0.0252264 0.0433376 0.107805 0.855757 1 0.610824 
1 0.0566038 0.000180123 0 0 0 0 0 0 0.0023416 0 0.000632743 0.0370987 0.0251099 0.191621 1 0.308845 0.00323032 0 0 0 0 0 0 0 0.0706583 0.964238 1 0.281921 0.0761013 
1 0.0494747 0.0214365 0.0132816 0.0470343 0.0324215 0.0378241 0.014253 0.00593625 0.0234392 0.959648 0.0968796 0.310794 1 0.161161 0.107559 0.0787617 0.0393672 0.0339386 0.0134961 1 0.0600964 0.0205784 0.0146877 0.011419 0.0110137 0.0161798 0.295221 0.361234 0.000457105 
0.622076 1 0.00652273 0.00131086 0.00345879 0.016678 0.262568 0.109023 0.125053 0.302083 0.139684 0.372792 1 0.594329 0.492071 0.449711 0.196953 0.0594889 0.0213307 0.00652848 0.216971 0.411861 0.260129 0.308807 0.340845 0.203545 0.163305 1 0.150569 0.000867491 
1 0.44355 0.00150867 0.000251446 0 0 0.000251446 0.00125723 0.00150867 0.00980639 0.00732064 0.0292826 0.128355 0.45632 0.695461 0.864324 1 0.900927 0.621767 0.310883 0.238733 0.361855 0.524494 1 0.677335 0.423579 0.22273 0.200196 0.120836 0.0179621 
0.00061529 0.925165 1 0.1479 0.00184587 0 0 0 0 0 0.38719 1 0.211265 0.0934664 0.0359833 0.00849694 0.000386225 0.000193112 0 6.43708e-005 0 8.33681e-005 0.00141726 0.0338474 0.254606 0.300875 0.215256 0.220342 1 0.223343 
1 0.398878 0.000539316 0 0 0 0 0 0.000862906 0.0251321 0.11519 0.436076 1 0.533861 0.897468 0.821835 0.292722 0.0579114 0.018038 0.00379747 0.000264201 0.00501982 0.10251 0.838045 1 0.401849 0.163012 0.126552 0.146103 0.708058 
1 0.13243 0.000107831 0 8.08734e-005 0.000134789 0.000660466 0.000188705 0.000512198 0.00839736 0.0250703 0.390184 0.579962 1 0.462144 0.140356 0.0422632 0.00793998 0.00140669 0.000156299 0.00139762 0.11823 0.299528 0.518955 1 0.701214 0.222353 0.139457 0.129542 0.57141 
0.00541897 0.000100351 0 0 0 0 0 0 0 1 0.000456204 0.00433394 0.0367245 0.105155 0.151004 0.265283 0.444571 1 0.278057 0 0 0 0 0 0.0100167 0.134748 0.42714 0.814453 1 0.0033389 
0.0600981 1 0.345961 0.060865 0.0247076 0.00969677 0.00832717 0.0016983 0.000739584 0.08308 0.881691 1 0.39986 0.178748 0.161934 0.0411957 0.0186829 0.00962167 0.00780009 0.00462401 0.178239 0.709486 1 0.771187 0.577704 0.412976 0.218048 0.121162 0.198468 0.0201575 
1 0.00381781 0.000305425 0 0 0 0 0 0 0.00492498 0.00230744 0.00911988 0.0806505 0.251401 0.460719 0.958686 1 0.124052 0.0128557 0.0035161 0.00471555 0.0311834 0.261789 0.720414 0.664588 0.798601 1 0.300122 0.141162 0.0978096 
0.0639432 0.0101243 0.0062167 0.00914742 0.0982238 1 0.454352 0.115009 0.083659 0.117318 1 0.0960773 0.00129431 0.000149343 0 0 0 0 0 0 0 0 0 0.00888048 0.0531373 0.275295 1 0.981366 0.655699 0.23526 
1 0.282494 0.013 0.00165543 0.000998126 0.000803369 0.000243445 4.8689e-005 0.000730336 0.0539231 0.335712 0.31413 0.53876 0.753788 0.673538 1 0.890944 0.231061 0.0747005 0.0359408 0.000713619 0.0144371 0.131635 0.541143 0.629467 0.319098 0.154416 0.0994126 0.16254 1 
1 0.00211209 0.000289327 0.000173596 0.000347192 0.00752249 0.012904 0.00413737 0.00324046 0.0756589 0.0164225 0.0453152 0.197479 0.749642 1 0.396525 0.0898807 0.0414991 0.0225554 0.00810903 0.156466 0.275928 0.966709 1 0.710627 0.310627 0.458899 0.935723 0.0809219 0.000384123 
1 0.117614 0.0350191 0.0431271 0.0475439 0.0978011 0.0511405 0.0134398 0.00826577 0.0735085 0.592918 0.3493 0.459923 0.369887 0.498078 0.865084 1 0.724815 0.505627 0.324183 1 0.236594 0.446067 0.803817 0.633905 0.284114 0.153068 0.065214 0.0162262 0.00401793 
0.624526 1 0.0054783 0.00126422 0.000842815 0.00294985 0.00337126 0.00126422 0.00294985 0.0126422 0.325608 0.609502 0.545771 0.728853 1 0.808806 0.374276 0.121669 0.032445 0.0023175 0 0 0 0.0170455 0.297078 0.614448 1 0.896104 0.334416 0.0292208 
1 0.0158182 0 0 0 0 0.000786977 0.028882 0.0145928 0.740826 0 0.000901191 1 0.61841 0.246304 0.862075 0.59116 0.0564746 0.0401674 0.0114151 0.0594833 0.0254454 0.0399922 0.139166 1 0.071814 0.385737 0.692439 0.000633121 0 
0.185931 1 0.849409 0.214744 0.152842 0.255824 0.395836 0.0465954 0.0362409 0.0248734 1 0.526624 0.503962 0.4458 0.349762 0.441363 0.449604 0.31141 0.239303 0.134548 0 0.00174072 0.0194794 0.0825597 0.121601 0.171005 0.262517 0.340517 0.329576 1 
0.866295 1 0.00349235 0.000523853 0.000122232 0.000157156 0.000681009 0.00130963 0.00391143 0.0127471 0.162779 1 0.858515 0.796526 0.757957 0.478036 0.294979 0.178807 0.116356 0.0670239 0.104693 0.194357 0.197753 0.20729 0.23088 0.330371 0.445396 0.528883 0.668943 1 
0.289812 1 0.122471 0.042295 0.0525929 0.0319971 0.0448694 0.0198602 0.020228 0.0485473 1 0.510406 0.447451 0.24922 0.0931322 0.0421436 0.0150884 0.00364204 0.00416233 0.000520291 0 0.000914495 0.00320073 0.0086877 0.0283493 0.0800183 0.169639 0.252858 0.535894 1 
0.113027 0.0278196 0.024896 0.0279101 0.0821327 0.105311 0.027247 0.0294472 0.128519 1 1 0.146189 0.0175257 0.00461698 0.0114011 0.067276 0.152784 0.663102 0.380901 0.00122491 0.00435012 0.000285614 0 0 0.000131822 0.00105457 0.0123912 0.0515863 0.0719308 1 
0 0 0 0.118222 1 0.224343 0.00349081 0 0 0 0.459165 1 0.268603 0.0214761 0.00030248 0 0 0 0 0 0 0 0 0 0 0 0.0383255 0.458137 1 0.208726 
0.366748 0.0230087 0.0142687 0.0207244 0.0944183 1 0.0936238 0.0305237 0.0402569 0.11458 1 0.729136 0.439599 0.271107 0.212591 0.302494 0.241363 0.0480535 0.0163625 0.00961071 0.0707473 0.388946 0.21851 0.245762 0.207173 0.118112 0.154467 0.196708 0.360004 1 
0.0437227 1 0.025609 0.0062461 0.00187383 0.00124922 0.00156152 0.00468457 0.00468457 0.00343535 0.053012 0.108434 0.13012 0.0686747 0.0819277 0.23253 0.574699 0.853012 0.885542 1 0 0 0.000968992 0.330426 0.26938 0.77907 1 0.733527 0.278101 0 
0 0 0 0 0 1 0.681005 0.054062 0.000391045 9.77613e-005 0.0012906 0.0038718 0.0445257 0.265003 0.407615 0.596042 0.794149 1 0.696709 0.0094644 0 0 0 0 0.0031746 0.0740741 0.594256 0.884203 1 0.128042 
0.0444724 1 0.54019 0.314057 0.155968 0.445745 0.962442 0.018779 0.00345722 0.00440009 0.00916072 0.0390678 0.143204 0.318335 0.465176 0.571198 0.617001 0.617136 0.928331 1 0.673567 1 0.40592 0.217167 0.133942 0.0849448 0.0480484 0.026397 0.0199312 0.0244988 
1 0.305779 0.00534077 0.000318852 0.000239139 0 0.000398565 0.000159426 0.000318852 0.0229574 0.284694 0.54683 0.435751 0.755568 1 0.730725 0.445745 0.270131 0.140777 0.058538 0.0191934 0.12828 0.415209 0.698494 1 0.555879 0.199465 0.110301 0.180272 0.763362 
1 0.793215 0.0526198 0.0267577 0.0216077 0.0214957 0.11554 0.0485893 0.0206001 0.0344828 0.220213 0.184397 0.247163 0.645745 0.919858 0.434752 0.401773 0.576241 1 0.774113 1 0.352102 0.563245 0.704399 0.329619 0.085435 0.193157 0.396481 0.103617 0 
1 0.266174 0.0123615 0.00321079 0.00128432 0.000642158 0.000160539 0.000321079 0.00112378 0.0293787 0.00550964 0.0165289 0.0859504 0.277135 0.716253 1 0.915152 0.628099 0.390634 0.20551 0.0213542 0.0411458 0.0786458 0.177604 0.332292 0.620833 0.877604 0.621354 0.494271 1 
0.00509091 1 0 0.00290909 0.0276364 0.932364 0.911273 0.00145455 0.0261818 0 0.39476 1 0.88821 0.000873362 0.00611354 0.0270742 0.11179 0.227948 0.341485 0.421834 0 0 0 0 0.00529101 0.0566893 0.357521 1 0.745276 0.856387 
1 0.556834 0.00264145 0.0011077 8.52079e-005 0 0.000511247 0.00119291 0.00170416 0.0174676 0.0149371 0.132862 0.467243 0.982704 1 0.800577 0.583333 0.308962 0.186059 0.116352 0.0238046 0.216909 0.59409 1 0.836241 0.412477 0.171558 0.0931664 0.250154 0.210548 
1 0.448716 0.0476629 0.0249506 0.024424 0.116327 0.558986 0.0294273 0.0144832 0.220342 0.158993 1 0.417556 0.267644 0.23148 0.270033 0.629759 0.472519 0.355584 0.785566 0.791535 0.980488 1 0.24089 0.291392 0.67231 0.393974 0.582927 0.311334 0.151506 
1 0.240065 0.00134544 0.000192206 0.00096103 0.00836096 0.00922589 0.00571813 0.00629475 0.0311854 0.127158 0.319673 0.955462 1 0.5197 0.292924 0.211095 0.0799842 0.0262222 0.00975096 0.0924407 0.308087 0.50879 1 0.716525 0.367565 0.253003 0.170964 0.353794 0.202461 
1 0.0109382 0.00286055 0.00152563 0.00592542 0.0104819 0.0405721 0.0380589 0.0175924 0.0601601 0.0951365 0.0893495 0.0991791 0.16534 0.379356 0.451406 0.357624 0.479376 1 0.344839 0.435348 0.485453 1 0.925904 0.37537 0.0585472 0.0517743 0.169751 0.501622 0.15642 
1 0.334719 0 0 0 0 0 0 0 0 0.000616751 0.0192426 0.703589 0.859381 0.703466 1 0.482299 0.151474 0.00111015 0 0 0 0 0.00811739 0.381049 1 0.182407 0.1266 0.724945 0.0580706 
1 0.102281 0.0144487 0.00980989 0.0295817 0.103498 0.0548289 0.0435741 0.0625856 0.344335 0.607564 1 0.696218 0.45062 0.378962 0.240698 0.0904915 0.0467004 0.0307763 0.00444036 0.0590493 0.350753 0.777975 0.824624 0.749336 0.76085 0.943313 1 0.864482 0.521996 
1 0.11233 0.0199882 0.0167773 0.0383576 0.0771835 0.0350396 0.00664936 0.00339827 0.00792037 0.128894 0.350942 0.433048 0.703936 1 0.742997 0.475731 0.761531 0.768293 0.275477 0.535326 0.783373 0.235381 0.4418 1 0.722376 0.521122 0.995942 0.639673 0.18084 
0.010453 0.0160768 0.049728 0.136958 1 0.351183 0.0677914 0.020478 0.00122257 0.00262852 1 0.99621 0.368933 0.07091 0.0188119 0.00767088 0.00401808 0.00196338 0.00173508 0.00100452 0.0496202 0.313622 0.802229 1 0.568467 0.199333 0.140555 0.254774 0.40115 0.117626 
1 0.0661314 0.00853156 0.00216824 0.00721177 0.00468215 0.0107469 0.00421079 0.00413223 0.0594696 0.259631 0.657826 0.943726 1 0.208603 0.0428452 0.00411246 0.000797314 8.39278e-005 0 8.74585e-005 0.0133811 1 0.693108 0.239461 0.150035 0.169494 0.653883 0.307941 0.0213836 
1 0.0873432 0 0 0 0 0 0 0 0.0529251 0 0.00129149 0.055534 0.840243 0.944983 1 0.193853 0.0118817 0.00348702 0.00361617 0.00014455 0.00534837 0.0163342 0.0560856 0.399682 1 0.682423 0.254264 0.275513 0.739086 
1 0.698314 0.0289855 0.0114365 0.0284926 0.103815 0.107365 0.0647737 0.0673371 0.16435 1 0.879319 0.78844 0.24431 0.092353 0.068446 0.0908793 0.221222 0.262649 0.125102 0 0.0125878 0.149444 0.232436 0.171546 0.224092 0.320111 0.676376 1 0.590749 
1 0.000492 7.872e-005 0 0 0 0 0.0001968 0.0085608 0.39608 0.190064 1 0.893523 0.326043 0.0118006 0.000169549 0 0 0 0 0 0 0.000133236 0.010459 0.0730797 0.195057 0.664213 1 0.431917 0.00383052 
1 0.678046 0.00715599 0.00308561 0.00301996 0.00347952 0.00774685 0.00597426 0.00361082 0.0053834 0.0540958 0.222004 0.523254 1 0.716875 0.39792 0.708304 0.0512857 0.00126458 0.000702543 0 0.00251649 0.0761069 0.104809 0.215534 0.195538 0.0889614 0.030742 0.0650888 1 
1 0.000294442 0 0 0 0 0 0 0 0 0.000196541 0.0204403 0.571934 0.667649 1 0.407429 0.00314465 0 0 0 0 0 0 0.00100587 0.0400671 0.207712 1 0.469405 0.227997 0.331936 
1 0.00777356 0 0 0 0 0 0 0 0 0 0.000643915 0.0643915 1 0.828075 0.382164 0.235834 0.123793 0.0540889 0.0273664 0 0.000810373 0.00688817 0.0557807 0.137763 0.248514 0.275662 0.340086 1 0.228255 
1 0.0377213 0.0214451 0.00267605 0.00109975 0.00183291 0.000659848 0.00062319 0.000586532 0.00590198 0.120702 0.0648484 0.162919 0.208037 0.191208 0.267228 0.297548 0.337009 0.711882 1 0.323738 0.452861 0.644913 1 0.311269 0.160704 0.125393 0.141708 0.173639 0.0753991 
1 0.472668 0.071682 0.0204993 0.157884 0.271518 0.473127 0.0751643 0.00919842 0.18548 1 0.186905 0.0323432 0.00778025 0.00587245 0.0053955 0.00239965 0.00092409 0.000193761 4.47141e-005 0.021019 0.511866 1 0.176535 0.058602 0.097643 0.613843 0.872307 0.0221934 0.000404989 
1 0.385157 0.0283244 0.00590963 0.00597404 0.00183569 0.000579691 0.000305948 0.000338153 0.0426556 0.0185142 0.330979 0.538266 0.0436949 0.0351804 0.0357414 0.0511204 0.108742 0.418732 1 0.0163542 0.278667 1 0.995132 0.242422 0.114137 0.0911269 0.193968 0.277869 0.264899 
0.184764 1 0.01804 0.00284843 0.00331306 0.000868669 0.00183835 0.00153532 0.00141411 0.00432314 0.065215 0.191115 0.630631 1 0.206167 0.0905703 0.0150159 0.00379964 0.00138833 0.00043842 0 0.0914992 0.586475 0.0822985 0.0572364 0.142922 0.286859 0.57513 1 0.583484 
1 0.311337 0.0979288 0.086338 0.055583 0.0409958 0.178735 0.0621357 0.0226547 0.381903 0.889564 0.672241 0.230812 0.104441 0.186558 0.289264 0.224186 0.227183 0.244222 1 0.618046 0.0450901 0.0174919 0.0158399 0.0243428 0.0689957 0.293572 0.737088 1 0.481318 
1 0.132488 0.00156902 0.000188283 0.000658989 0.00166316 0.00520915 0.00684093 0.0144978 0.0642671 0.141308 0.375591 0.549083 1 0.848656 0.854654 0.640789 0.091014 0.00830546 0.0017303 0.000482765 0.182582 0.84397 1 0.588105 0.171092 0.632133 0.350777 0.00685527 0.000482765 
1 0.342587 0.0120925 0.00352261 0.0245531 0.158885 0.380652 0.0594111 0.0228181 0.0397476 1 0.318925 0.15269 0.159939 0.160256 0.153484 0.0854452 0.0215333 0.00343897 0.000634887 0.000604961 0.014141 0.0719903 0.129159 0.185496 0.300817 0.307396 0.273064 0.657592 1 
1 0.00629571 3.76989e-005 0 0 0 0 0 0.000188494 0.0373973 0.000109999 0.00373996 0.0200198 0.188758 0.688703 0.676713 1 0.304917 0.0798592 0.0373996 0.0455759 0.475782 0.473303 0.400839 0.494851 0.475591 0.528795 1 0.59077 0.795004 
1 0.625328 0.0500578 0.00504255 0.00472739 0.00562034 0.0327766 0.17859 0.431295 0.555626 0.309659 0.763768 1 0.44512 0.233257 0.40081 0.292505 0.0360172 0.000443094 0 0 0 0.0533105 0.730936 0.564098 0.159475 0.183562 0.21016 0.237842 1 
1 0.00378144 0 0 0 0 0 0 0 0.000493232 0.00387993 0.0220543 0.120686 0.328364 0.868695 1 0.801103 0.413723 0.129671 0.0357362 0.000272257 0.0615301 0.266267 0.264906 0.338143 0.744351 0.919684 1 0.505581 0.888375 
1 0.11954 0.118008 0.016092 0.0114943 0.0360153 0.0390805 0.0137931 0.0306513 0.0452107 0.689873 1 0.648101 0.0240506 0 0 0 0 0 0 0 0 0 0 0.0149254 0.0206659 0.0562572 0.477612 1 0.572905 
1 0.0588411 0 0 0 0 0 0 0 0 0.0144518 1 0.543952 0.00169651 0.000125668 0.000125668 0 0 0 0 0 0 5.60915e-005 0.000112183 0.000112183 0.000504824 0.0258582 1 0.351526 0.0147521 
1 0.351593 0.0018609 0.000581531 0.000232612 0.169458 0.0273319 0.00441963 0.00348918 0.00837404 0.0496249 0.0998269 0.299192 0.858627 1 0.507501 0.415753 0.336699 0.160127 0.0813618 0 0.015118 0.246681 0.819322 0.610619 0.59882 0.510324 1 0.953909 0.214233 
1 0.0760024 0.00471275 0.00149611 0.00224417 0.00620886 0.00688211 0.00628366 0.00448833 0.0081538 0.350206 0.211973 0.603289 1 0.524409 0.320915 0.311151 0.282374 0.164954 0.0395683 0.00018005 0.0147641 0.0298884 0.0948866 0.376665 1 0.681671 0.150162 0.0729204 0.266115 
1 0.629067 0.00301668 0.000295753 0.000138018 0 0 7.88675e-005 0.00220829 0.043732 0.0964657 0.751369 1 0.298095 0.0367576 0.0234221 0.0118945 0.00521366 0.00235793 0.00154576 0.00650096 0.0451562 0.528585 1 0.246144 0.0310389 0.0259082 0.029318 0.540504 0.259783 
0.240215 0.00502251 0.00207828 0.00606166 0.00432975 0.0756841 1 0.00935227 0.00571528 0.191548 0.0174292 0.159041 0.293028 0.392702 0.3878 0.270697 0.503813 1 0.956427 0.311002 0.154624 0.278902 0.600193 1 0.773121 0.340077 0.219171 0.198459 0.29817 0.42052 
1 0.244841 0.00469043 0.000312695 0.000625391 0.000104232 0 0 0.000104232 0.0118824 0.029909 0.096554 0.341352 0.811118 0.958387 1 0.453836 0.155072 0.0552666 0.0191808 0.000418936 0.0247172 0.295769 0.693339 0.644323 1 0.939254 0.420612 0.281944 0.774194 
1 0.280233 0.000453756 0 0.000154941 0 0 0 0 0.000320949 0.0160168 0.0149649 0.0256201 0.351895 0.974855 0.943738 1 0.341104 0.126608 0.0625742 0.00132097 0.0083074 0.0313216 0.133711 0.489432 1 0.622967 0.147508 0.060236 0.903364 
1 0.684265 0.0807572 0.00521014 0.00104203 0.000347343 0.00104203 0.0171935 0.116881 0.612192 0.30432 1 0.249302 0.00494305 0 0 0 0 0 0 0 0 0 0 0.0014647 0.0634704 0.190802 0.0780197 0.0825115 1 
1 0.065668 0.0148247 0.00808367 0.0127497 0.0265868 0.0257046 0.0118342 0.00983134 0.0741456 0.566056 0.360546 0.242024 0.159578 0.136569 0.134501 0.19335 0.45453 1 0.414569 0.0973852 0.581389 0.929607 0.999437 1 0.551149 0.38532 0.242283 0.086454 0.00158015 
1 0.3487 0.000330738 0.00170457 0.000661477 0.00053427 0.00307841 0.00132295 0.000890449 0.0198697 0.0137018 0.044905 0.659182 0.735866 1 0.46304 0.0982153 0.018365 0.0105354 0.0133564 0.0530957 0.0373002 0.0403451 0.141652 0.269031 0.434408 0.723864 0.566163 0.167787 1 
0.10136 0.0544943 0.0216039 0.0175395 0.0488041 0.321776 1 0.212912 0.0430202 0.057527 0.527767 0.778426 1 0.396497 0.193909 0.0945685 0.0351269 0.0125381 0.00598985 0.0015736 0.761712 1 0.189618 0.0909454 0.0347706 0.0125672 0.0185621 0.0408988 0.125538 0.394289 
1 0.876459 0 0 0 0 0 0 0 0.158777 0 0 0.00500954 0.0353053 0.0880248 0.243559 0.0531966 0.367844 0.427481 1 0 0 0 0 0.000864678 0.00403516 0.0119614 0.0673008 0.297593 1 
0.722488 1 0 0 0 0 0 0 0 0.000781318 0 0 0 0.00447839 0.193999 1 0.17202 0.0459928 0.0981949 0.0837432 0 0.0165012 0.0716407 0.0615877 0.0575258 0.0810337 0.203676 1 0.0198269 0 
0.000253501 0.00348565 1 0.263483 0.00221814 6.33754e-005 0.000221814 0.00430953 0.00364408 0.000348565 0.0180807 0.232267 0.506901 0.621376 0.813202 1 0.736493 0.316786 0.0655825 0.00427945 0 0.0795598 1 0.0887091 0.0660346 0.185441 0.675529 0.487105 0.0849301 0.00669628 
0.0381559 1 0.00157492 3.57935e-005 0 0 0 0 0 0 0.0158584 0.0393013 0.0756148 0.198 0.283153 0.516778 1 0.854171 0.321765 0.0317168 0 0 0.000285079 0.000399111 0.00102628 0.00336393 0.0239466 0.167455 0.459775 1 
1 0.0682742 0.0386831 0.00502598 0.00897899 0.00751073 0.0245087 0.0146826 0.0215157 0.0733002 0.887642 1 0.71475 0.382548 0.152074 0.0589104 0.0397165 0.0422265 0.0140263 0.00265761 0.0129858 0.19177 0.114129 0.0215821 0.0208505 0.0332876 0.0656607 0.139643 0.444536 1 
1 0.0213769 0.000713159 0.000240691 0.00156003 0.0400617 0.197803 0.0208153 0.00774669 0.0113927 0.0189014 0.0965946 0.244781 0.510651 1 0.194482 0.00643301 0.00127808 0.000397626 0.000127808 0.000208847 0.386733 0.0757463 0.0180522 0.0184699 0.029082 0.0400334 0.0632677 0.274425 1 
1 0.0313776 0.000595238 4.2517e-005 4.2517e-005 0 0 4.2517e-005 0 0.00246599 0.0128684 0.0309257 0.113325 0.396638 0.532794 0.648194 0.685347 0.895392 1 0.351806 0.12469 0.811106 0.674765 0.534953 1 0.93059 0.909023 0.885473 0.142538 0.0188399 
1 0.600583 0.0366187 0.00754964 0.0108786 0.00671739 0.0259184 0.191475 0.338961 0.287065 1 0.466776 0.481198 0.373737 0.157722 0.0579287 0.0261044 0.00133869 0.000121699 0 0.00020903 0.00512124 0.0626568 0.165709 0.122178 0.0913984 0.0924436 0.161214 0.501829 1 
1 0.228287 0 0 0 0 4.69726e-005 6.26302e-005 0.000250521 0.00803232 0.0159676 0.0651215 0.179397 0.608615 1 0.716516 0.774845 0.712405 0.369995 0.132686 0.00179893 0.0427593 0.224313 0.602159 0.915865 1 0.761226 0.568878 0.764962 0.582855 
0.0594262 0.00204918 0 0.0819672 0.0409836 1 0.788934 0.163934 0.0122951 0.0348361 0.379913 1 0.30131 0.157205 0.170306 0.209607 0.235808 0.179039 0.358079 0.0960699 1 0.115086 0.096423 0.116641 0.105754 0.0995334 0.0544323 0.066874 0.00311042 0 
0.0301388 0.00117086 4.33651e-005 4.33651e-005 0.000130095 0.00563747 1 0.0851691 0.0407199 0.0509107 0.248746 0.771804 0.578256 0.369892 0.3319 0.380406 0.51589 0.694863 0.963441 1 0.0174491 0.409236 1 0.527716 0.180854 0.130628 0.147595 0.118673 0.0779909 0.0885954 
1 0.232224 0 0 0 0 0 0 0 0.000738531 0 0.0367117 0.229053 1 0.996714 0.218501 0.0373436 0.0157968 0.0200303 0.0151017 0.0258286 0.0942857 0.117143 0.5056 0.667429 0.461714 0.401143 1 0.909829 0.586971 
0.303247 0.000409855 4.55394e-005 6.83091e-005 9.10788e-005 0.000273236 1 0.0223371 0.0566738 0.556378 0.128417 0.381112 0.197041 0.30372 0.41996 0.412531 0.36662 0.336906 1 0.693905 0 0.000653547 0.00495607 0.00864135 0.0148864 0.0278302 0.0614334 0.149771 0.278193 1 
0.667699 1 0.389505 0.244296 0.187093 0.204694 0.0779009 0.0291721 0.017601 0.0286832 1 0.0864276 0.0172348 0.0031048 0 0 0 0 0 0 0 0.0219327 0.378067 0.126819 0.148534 0.120738 0.429967 0.673833 0.89316 1 
0.181787 1 0.0030978 0.0003442 0.000540886 0.000835915 0 0 4.91715e-005 0.000442543 0.0846765 0.229252 0.302261 0.612581 1 0.433486 0.143613 0.0609815 0.0257397 0.00673563 0 0.00367069 0.090194 0.0957875 0.132669 0.53225 1 0.873274 0.615801 0.876245 
1 0.214809 0.117859 0.0641894 0.130051 0.0360558 0.164986 0.0329388 0.0156009 0.101365 1 0.387915 0.581181 0.433052 0.259489 0.228025 0.207037 0.119959 0.0894504 0.12612 1 0.365229 0.322215 0.214561 0.129688 0.150932 0.104698 0.0218712 0.00982179 0.0235115 
1 0.0259431 0.00193125 0 0 0 0 0 0 0.359405 0.16421 0.908715 0.529092 0.534264 1 0.979054 0.608482 0.315749 0.210499 0.111973 0.099458 0.517344 0.658266 0.93794 1 0.778862 0.349322 0.263144 0.483198 0.752575 
0.64 0.36636 0.0374895 0.0102929 0.00317992 0.0122176 0.0586611 0.025272 0.014728 1 0.356222 0.532246 0.363619 0.341047 0.319613 0.308991 0.274848 0.313354 0.566009 1 0.0978161 0.176546 0.234905 0.348137 0.524867 0.805652 1 0.456965 0.27216 0.837952 
1 0.416986 0.00134813 0.000311107 0.000103702 0 0.000103702 0 0.00103702 0.00103702 0.00750029 0.0029298 0.0073831 0.143795 1 0.255362 0.0584788 0.0773468 0.0366811 0.00867221 0.00257566 0.00321957 0.00321957 0.00412106 0.0052801 0.0378622 0.0986478 0.222022 1 0.387637 
1 0.139142 0.00014579 5.83158e-005 0.000204105 0.000116632 0.000524843 0.00069979 0.000728948 0.0148122 0.00193865 0.0232638 0.386703 1 0.727563 0.914015 0.740905 0.431178 0.15053 0.0562208 0.0507976 0.165092 1 0.832585 0.105622 0.0883537 0.0579991 0.0432089 0.159827 0.567679 
1 0.551594 0.00415016 0.00113186 0.000754575 0.00471609 0.0848896 0.264667 0.138842 0.136955 0.114524 0.375431 0.539897 0.836108 1 0.189724 0.13806 0.0929966 0.0269805 0.00717566 0.0208486 0.651792 0.754572 0.528895 0.154718 1 0.352963 0.224214 0.186174 0.367593 
1 0.252004 0.00143569 0 0 0 0 0 0 0.00929212 0.000171733 0.188734 1 0.569809 0.155075 0.198523 0.507642 0.856088 0.953117 0.686931 0 0.00956697 0.0874455 0.469285 1 0.982209 0.697885 0.346929 0.745216 0.975831 
0.179935 1 0.0244648 0.0124297 0.0286081 0.129624 0.170169 0.0678702 0.0118378 0.0383743 0.196378 0.371154 0.335806 0.22278 0.0637137 0.0538948 0.109317 0.269038 0.71787 1 0.0498472 0.620973 0.667764 0.271573 0.831883 1 0.361392 0.104632 0.0524336 0.00399718 
0.0349575 0.0344176 0.0163315 0.0215954 0.151302 0.352949 1 0.255635 0.0159266 0.0121474 0.715212 1 0.572327 0.19831 0.0681997 0.043239 0.0290881 0.0184748 0.0143475 0.00982704 0.583705 1 0.808482 0.501116 0.164063 0.0506696 0.0149554 0.00558036 0.00290179 0.00290179 
0.467074 0.00678887 0.00610998 0.0108622 0.0495587 0.620502 1 0.0882553 0.0488798 0.605567 0.556281 1 0.476346 0.208809 0.190865 0.267537 0.347471 0.232463 0.0717781 0.0285481 0.323892 0.587438 1 0.869458 0.770936 0.371921 0.385468 0.469212 0.365764 0.123153 
1 0.168605 0.0351073 0.0205725 0.0192308 0.0420394 0.309928 0.906306 0.825358 0.708184 0.291699 0.619568 1 0.998959 0.662243 0.410356 0.221442 0.105126 0.0793651 0.047619 0.458099 1 0.620354 0.190097 0.0961459 0.0395008 0.014127 0.0209848 0.0193389 0.0164586 
0.128424 0.0230603 0.00140145 0.00140145 0.0080265 1 0.395464 0.0197477 0.00191107 0.00229329 1 0.542299 0.627621 0.425886 0.512292 0.450108 0.254881 0.174982 0.160159 0.0412147 0.675242 1 0.521715 0.271646 0.119779 0.118949 0.11314 0.0716459 0.0578147 0.484371 
0.4864 0 0 0 0 0 0.0144 0.1104 0.5152 1 0 0.261224 0.514286 0.534694 0.571429 1 0.755102 0.481633 0.444898 0.220408 0.427623 1 0.325365 0.0119522 0 0 0 0 0 0 
0.0510328 0.0899149 0.0036452 0 0 0 0.0607533 0.323208 1 0.272175 0.695538 1 0.23622 0.0131234 0 0 0 0 0 0 0 1 0.617045 0.0659091 0.00113636 0 0 0 0 0 
0.0314173 0.157437 0.0566038 0.0150943 0.0129004 0.0974989 1 0.19333 0.0995173 0.042387 1 0.0887866 0.00207655 0.000168369 5.6123e-005 0 0 0 0 0 9.86193e-005 0.000197239 0.00108481 0.00138067 0.00236686 0.0066075 0.043787 0.208087 0.653748 1 