1 0.00115897 0.000347692 0 0 0 0 0 0.0224454 0.736295 0.00326323 0.0377991 0.209482 0.665881 0.88624 1 0.829587 0.413434 0.0608231 0.0103336 0.108131 0.390891 0.602496 0.460091 0.393406 0.373475 1 0.892149 0.0214213 0.00158331 
0.00699201 1 0 0 0 0 0 0 0 0 0.0124433 0.29475 0.345301 0.83059 1 0.723785 0.360855 0.0794556 0.0108879 0.000777706 0 0 0.0539068 0.743614 0.793952 1 0.958678 0.805222 0.730841 0.215815 
1 0.632058 0.00796786 0.0118519 0.0281428 0.00854492 0.0429688 0.0300959 0.0191761 0.137274 1 3.0216e-005 0.00030216 0.00175253 0.0173138 0.0806768 0.198338 0.261248 0.334038 0.189908 1 0.0696683 0.0326631 0.0180136 0.00911438 0.00666954 0.00719762 0.0122438 0.0611993 0.473517 
0.228381 0 0 0 0 0 0 0 0 1 0 0 0 0 0.0180807 0.385257 0.742698 1 0.550765 0.30459 0 0 0 0.0172117 0.164372 1 0.699656 0.0258176 0 0 
0.0214455 0.00985028 0.0130024 0.0314646 0.148373 1 0.583136 0.00523472 0.0044467 0.0172239 0.00096264 0.00293376 0.00742608 0.0144854 0.0298877 0.0578501 0.0715563 0.0441898 0.019482 1 0.0508041 0.0740668 0.0858703 0.0768209 0.00649191 0.308562 1 0 0 0 
0.133244 1 0.132741 0.0524596 0.065784 0.788234 0.0336881 0.0269002 0.0187715 0.10031 1 0.512677 0.0189546 0.0363502 0.0980553 0.362764 0.239353 0.022565 0.00853368 0.00287191 0 0.000658382 0.0037857 0.0452638 0.183771 0.0866595 0.146408 0.357008 0.48638 1 
1 0.0188708 0.00301932 0.000754831 0.000301932 0.000905797 0.00422705 0.00679348 0.00573672 0.071256 0.750825 1 0.759626 0.579208 0.459846 0.294829 0.121012 0.0561056 0.020352 0.00660066 0 0.00623396 0.0194353 0.013568 0.0458379 0.0806747 0.259993 0.564723 1 0.710304 
1 0.0432671 0.30883 0 0 0 0 0 0 0.0532009 0 0 0 0.010043 0.220947 1 0.678623 0.628886 0.410808 0.0951698 0 0 0 0 0 0.0491932 0.25856 0.390791 0.806769 1 
0.558063 0.00423131 0.000940292 0.000470146 0 0.00376117 0.210155 0.996709 1 0.731547 1 0.219512 0.00114585 0 0 0 0 0 0 0 0 0 0 0 0.000824912 0.00680553 0.0468138 0.418849 1 0.0645494 
1 0.171221 0.0278862 0.00278862 0.0284439 0.116564 0.505298 0.155605 0.048522 0.230898 1 0.34265 0.305383 0.252588 0.31677 0.334369 0.36646 0.317805 0.252588 0.0859213 1 0.270914 0.117956 0.040602 0.0059503 0 0 0 0 0 
0.958401 0.580323 0.00161725 0.000898473 0.00116801 0.00197664 0.00116801 0.00116801 0.202246 1 0.0577666 0.122661 0.4158 0.795812 0.778586 1 0.55747 0.380309 0.269528 0.152213 0 0 0 0 0.000192892 0.00327916 0.0166852 0.0736365 0.381637 1 
1 0.698606 0.0512305 0.0157363 0.0131136 0.0146435 0.00839271 0.00467719 0.00520173 0.0124579 0.368582 0.758621 1 0.991954 0.798978 0.576118 0.407407 0.231162 0.127458 0.037931 0 0.00216886 0.013323 0.0434547 0.0974438 0.194113 0.370101 0.571882 0.939814 1 
1 0.34687 0.00336549 0.00179493 0.000897465 0.000224366 0 0.000224366 0.00179493 0.665021 0.0231377 0.192438 0.739278 1 0.921558 0.817156 0.63149 0.384876 0.217269 0.0767494 0 0.00652681 0.0344988 0.118881 0.305361 0.555245 0.796737 1 0.981818 0.398601 
1 0.0412954 0.00113138 0.000848536 0.000141423 0.000141423 0.000424268 0.00353557 0.0260218 0.393862 0.362441 0.687007 0.6707 0.750131 0.905839 1 0.91636 0.157812 0.00789058 0 0.00121359 0.0420712 0.219256 0.198625 0.364078 0.268608 0.659385 0.658981 0.785194 1 
0.396811 0.692419 1 0.0800774 0.0246039 0.0560312 0.0883443 0.117902 0.0102024 0.0512745 0.403295 1 0.956888 0.807823 0.427021 0.123218 0.0396587 0.0154393 0.00680708 0.0022197 0.369845 0.506494 0.543452 0.783074 1 0.983664 0.761717 0.164368 0.0145956 0.0111141 
1 0.445824 0.0124134 0.000483118 0.00154329 0.00185195 0.00237533 0.00123463 0.0120511 0.316939 1 0.954437 0.625469 0.493163 0.376027 0.0606021 0.000314952 0 0 0 0 0 0 0 0.00141376 0.0277897 0.108945 0.302616 0.469026 1 
1 0.0622926 0.000904977 0.000904977 0.00248869 0.0717949 0.10098 0.0100302 0.00588235 0.0351433 0.0494376 0.116662 0.217369 0.372221 0.590636 1 0.849595 0.592728 0.354957 0.170808 0.087156 0.238333 0.279617 0.1428 0.0943359 0.137615 0.286598 0.422018 0.724172 1 
1 0.000412882 0 0 0 0 0 0 0 0 0.000691683 0.0878437 0.624762 1 0.633754 0.317309 0.138682 0.0600035 0.0489365 0.0140066 0 0 0 0.000230256 0.0100161 0.0728759 0.1933 0.62123 1 0.0550311 
0.522915 0.0351901 0.00455099 0.00224345 0.00448689 0.0153195 0.00961477 0.00999936 0.0269214 1 0.311219 0.498382 0.7589 1 0.970514 0.673499 0.261237 0.0785689 0.0154621 0.00647249 0 0 0.00648211 0.144227 0.245645 0.62971 1 0.762863 0.513977 0.133828 
1 0.321139 0.000300692 0 0.000601383 0.000400922 0.0107247 0.0428987 0.0293675 0.0907086 0.642317 0.82796 1 0.833501 0.292947 0.0989924 0.0534005 0.0100756 0.000755668 0 0 0 0.000139548 0.0138152 0.131315 0.479347 1 0.418364 0.0300028 0.0100474 
1 0.393627 0.000172617 1.01539e-005 1.01539e-005 0 0 0 0 0.000324926 0.00493464 0.0233325 0.0239842 0.0274105 0.0476146 0.0710774 0.262132 1 0.528789 0.400469 0 0 0 0.00380709 0.036425 0.159997 0.535918 1 0.388073 0.158385 
1 0.671124 0.248913 0.0131735 0.00151495 0.00079041 0.00184429 0.00237123 0.00105388 0.000988012 1 0.0550136 0.0560193 0.407724 0.40521 0.281706 0.220457 0.153575 0.168963 0.141004 0.0160375 0.0300027 0.0447788 0.0583836 0.0962249 0.12875 0.200378 0.534012 0.547527 1 
0.494568 0.088309 0.00650014 0.00176432 0.00148575 0.139939 0.439688 0.734423 1 0.287863 0.26444 1 0.0636236 0.0134302 0.00174253 0.00280505 0.0144078 0.0750988 0.026563 0 0 0 0 0 0.00206137 0.0154602 0.0568461 0.099778 0.189606 1 
1 0.29628 0 0 0 0 0 0 0 0.244907 0.0204638 0.358117 1 0.869031 0.114598 0.0109141 0.000682128 0 0 0 0 0 0 0.00165929 0.163164 0.653208 1 0.0956858 0.00884956 0.00221239 
0.740385 0.387493 0.0237928 0.00463223 0.00750983 1 0.0687114 0.00842224 0.00442167 0.0455503 0.0624062 0.166202 0.459146 0.800558 0.744371 0.932876 0.805276 0.690543 0.966545 1 0.0868259 0.361322 0.601058 1 0.922043 0.497497 0.281934 0.269489 0.316264 0.33257 
1 0.103827 0.0278939 0.015074 0.0373797 0.126368 0.127823 0.0657431 0.0648979 0.176004 1 0.689938 0.339803 0.268133 0.133934 0.0232497 0.00417301 0.0017222 0.000463668 0 0 0 0.000181962 0.00145569 0.00345727 0.0302056 0.433068 1 0.728756 0.056772 
1 0.00703021 0.00114003 0.00836025 0.033061 0.00779023 0.32871 0.116854 0.0573817 0.809044 0.105496 0.000631712 0.0663298 0.574542 0.917877 1 0.276058 0.189198 0.230891 0.10518 0.741881 0.0875631 0 0 0.00240558 0.0230936 0.169593 0.535723 1 0.4395 
1 0.168021 0.00251803 0.00438747 0.00370074 0.00282324 0.00614246 0.00400595 0.00370074 0.13357 0.0100983 0.00723253 0.0188319 0.0371179 0.182587 0.42208 0.977893 0.713428 0.739629 1 0.275814 0.236262 0.162058 0.159841 0.274764 0.332983 0.337184 0.442072 0.842842 1 
1 0.000893002 0 0 0 0 0 0 0 0.298182 0 0 0.00133712 0.0132041 0.244359 0.508775 1 0.611232 0.232158 0.055992 0.00171331 0.425471 0.971445 0.874072 0.648487 0.548829 1 0.0993718 0 0 
1 0.0304471 0.000212917 3.54862e-005 0.000106458 0.000425834 0.0010291 0.000496806 0.000319375 0.00220014 0.0318182 0.158264 0.369835 0.632231 0.685537 0.657645 0.72624 0.986983 1 0.711157 0 0.295614 0.494974 0.516144 1 0.924002 0.984922 0.219007 0.00822419 0.000304599 
1 0.0114075 0.0131579 0.00307822 0.00669966 0.0232376 0.00561323 0.00108643 0.000241429 0.00676002 0.0393434 0.0738003 0.154492 0.769452 1 0.171908 0.0132815 0.00137827 0 0.000125298 0.0101655 0.0481087 0.0451537 0.0312057 0.33948 1 0.415012 0.15591 0.0516548 0.00130024 
1 0.252266 0.266293 0.000981354 0.000230907 0 0 0 0 0.100906 0.00718988 0.0379418 0.0692134 0.380024 0.48562 1 0.422644 0.0284997 0.000866251 0 0 8.44309e-005 0.000675447 0.00768322 0.0482945 0.150118 0.476022 1 0.656113 0.0314083 
0.170894 1 0.354569 0.0381432 0.00517253 0.000667423 3.33712e-005 3.33712e-005 0 3.33712e-005 0.244966 1 0.107844 0.199003 0.349741 0.197916 0.243815 0.316244 0.132391 0.15598 0.0015536 0.0268427 0.0301226 0.0611945 0.244778 0.730105 0.970223 1 0.654152 0.340497 
1 0.365964 0.0766701 0.0278017 0.0157412 0.00783147 0.00180124 0.00109641 0.00125303 0.0209883 0.266065 0.317747 0.300793 0.394312 0.680613 0.900191 1 0.945857 0.388843 0.0855893 0.00169409 0.00580833 0.00177477 0.00250081 0.0140368 0.0371894 0.0608261 0.109874 0.331155 1 
1 0.0167773 0 0 0 0 0 0 0 0.183997 0.0451878 0.480047 0.841549 1 0.91784 0.498239 0.0387324 0.000586854 0 0 0 0 0 0.00102564 0.191453 1 0.49641 0.461538 0.0758974 0.00034188 
1 0.0650289 0 0 0 0 0 0 0 0.318745 0 0.00176101 0.0369811 0.37283 1 0.907421 0.562264 0.384906 0.0933333 0.0108176 0.000150308 0.00616263 0.0166842 0.0211934 0.069292 0.333083 1 0.512851 0.0523072 0.00330678 
0.416396 1 0.0151679 0 0 0 0 0.000902853 0.284399 0.492777 0 0.051857 0.624737 0.990189 1 0.665382 0.398388 0.329362 0.162579 0.0420463 0 0.00109553 0.00547765 0.0468887 0.111963 0.204864 0.200701 0.507669 1 0.602542 
1 0.0380435 0.0141304 0.0266304 0.0173913 0.0320652 0.327174 0.270652 0.038587 0.4125 0.00679502 0.0124575 0.0283126 0.103058 0.325028 0.637599 1 0.973952 0.783692 0.351076 0.355991 0.200461 0.137097 0.25 0.463134 0.407834 0.47235 0.690092 1 0.638249 
1 0.273545 0 0 0 0 0 0.00096432 0.0118933 0.303761 0.00264317 0.247137 1 0.708811 0.200881 0.0180617 0.00132159 0.000440529 0 0 0 0.00348086 0.0343113 0.156141 0.305321 1 0.888115 0.0716062 0.00099453 0 
0.774244 0.0022553 0.00090212 0.00045106 0.00112765 0.00428507 0.0308976 0.0182679 0.169599 1 0.0433925 0.14359 0.506114 1 0.851677 0.538856 0.295858 0.104142 0.0126233 0.00197239 0.00813449 0.205531 0.732104 0.754338 0.890998 1 0.929501 0.281453 0.0119306 0 
1 0.0884168 0.0203172 0.00539886 0.00664346 0.00158097 0.00148006 0.000403653 1.68189e-005 0.00117732 0.0413923 0.0507548 0.129194 0.309233 0.756036 1 0.551046 0.108319 0.0205618 0.0109752 0.19586 0.107276 0.104663 0.10622 0.124862 0.926992 1 0.501357 0.280776 0.0142197 
1 0.393024 0.00349425 0.00160546 0.0016999 0.0016212 0.000881432 0.000188878 1.57399e-005 0.0195804 0.320698 0.831223 0.844333 0.866432 0.932579 1 0.993258 0.663645 0.256349 0.05536 0 0 0.00139902 0.0138256 0.0698689 0.14975 0.323284 0.559198 1 0.361167 
0.855305 0 0 0 0 0 0 0 0 1 0 0 0 0.00387973 0.0339476 0.258972 1 0.258002 0.0805044 0.0184287 0.18543 0.672185 1 0.693709 0.266556 0.0480132 0 0 0 0 
0.541721 1 0.00912647 0.00065189 0 0.00065189 0.00065189 0 0 0.00195567 0.13271 0.263551 0.528972 0.753271 0.998131 1 0.525234 0.143925 0.0579439 0.0280374 0 0 0 0.00476569 0.0142971 0.050834 0.111199 0.231136 0.482129 1 
1 0.16102 0.00876263 0.008651 0.0173578 0.0342133 0.0344924 0.014902 0.020595 0.109393 0.932864 1 0.313105 0.0829669 0.0382097 0.0583407 0.0251148 0.0112382 0.00576566 9.77231e-005 0 0.000298003 0.0086421 0.0376478 0.0889043 0.224595 0.487732 1 0.652031 0.00854276 
0.255627 0.0119478 0.00111142 0.000277855 0.00125035 0.0275076 0.158933 0.168658 0.0646013 1 0.0264282 0.0886279 0.126268 0.237053 0.229845 0.273091 0.73465 1 0.475974 0.0250934 0.263581 0.726473 0.389441 0.665646 0.646519 0.739862 1 0.219969 0.00191278 0 
1 0.0309871 0 0 0 0 0 0 0.0494872 0.704871 0.116065 1 0.841291 0.24645 0.136279 0.164366 0.106452 0.103841 0.125321 0.0443451 0.00228163 0.0108916 0.0359034 0.0569116 0.110035 0.286711 0.476818 1 0.906582 0.28374 
0.258993 1 0.0383193 0.0039968 0.006245 0.0482114 0.739758 0.00214828 0.00134892 0.00929257 0.0867939 0.205141 0.386401 0.3513 0.364247 0.421598 0.361178 0.274959 0.216361 1 0.00376412 0.0156622 0.0127201 0.0265651 0.0497988 0.0684463 0.0940596 0.153247 0.401549 1 
1 0.0679032 0.0104133 0 0.000108472 0 0.00065083 0.000108472 0 0.21011 0.569311 0.272615 0.29577 0.622414 1 0.695585 0.211485 0.0024699 0 0 0 0 0 0 0 0.006535 0.0682544 0.399651 0.25167 1 
1 0.599502 0.11829 0.0206416 0.00485685 0.000383436 0.00198108 0.000639059 0.00031953 0.0144427 1 0.502554 0.43735 0.516076 0.617788 0.379958 0.226112 0.185697 0.0913462 0.0802284 0.00361626 0.0273803 0.0287751 0.0235574 0.0204061 0.023764 0.0236607 0.0579635 0.214496 1 
1 0.0416667 0 0 0 0.00231481 0.0902778 0.0439815 0.0185185 0.0925926 0.82684 1 0.558442 0.021645 0.004329 0 0 0 0 0 0 0.00869565 0.3 1 0.9 0.182609 0.0304348 0 0 0 
0.010979 0.0155535 0.00823422 0.00457457 0.0173833 1 0.900274 0.010064 0.00274474 0.703568 0.0105465 0.033557 0.0345158 0.0997124 0.418984 1 0.698945 0.42186 0.0517737 0.0115053 0.0398162 0.111792 0.133231 0.433384 1 0.764165 0.750383 0.185299 0.286371 0.770291 
1 0.765625 0 0 0 0 0 0 0.00399179 0.0116332 0.0340996 0.340421 0.794253 1 0.677011 0.143678 0.00249042 0 0 0 0 0 0.00130768 0.0762189 1 0.812815 0.885858 0.125537 0.0115823 0.00429666 
0.108889 0.00920996 0.00172687 0.000119921 0.00184679 0.0700341 1 0.0253514 0.00911402 0.0258071 0.585759 1 0.00877461 0.00107007 0.000489177 0 0 0 0 0 0 0.000279096 0.00223277 0.00937762 0.102707 0.332068 0.546637 0.604912 1 0.315825 
1 0.108065 0.0365591 0.00698925 0.0306452 0.0860215 0.0575269 0.0408602 0.0322581 0.784946 0.458015 0.625954 0.561832 0.667176 0.871756 1 0.726718 0.433588 0.380153 0.20916 0.36722 0.774896 0.9139 1 0.758299 0.337137 0.0570539 0.00414938 0.00103734 0 
0.0154223 1 0.259143 0.142078 0.10944 0.173337 0.742237 0.077215 0.00324317 0.00151808 0.031534 0.0931612 0.181445 0.27444 0.426901 0.645866 1 0.549213 0.372312 0.1544 1 0.430564 0.201453 0.178444 0.173054 0.178991 0.187742 0.189539 0.189851 0.1277 
0.378042 1 6.71299e-005 0 0 0 0 0 0 0 0.00122513 0.00635902 0.0242693 0.0684908 0.388892 1 0.78601 0.115688 0.00437547 0 0 0 0 0 0 0.000267729 0.00950437 0.0592015 0.305077 1 
1 0.00043611 0 0 0 0 0 0 0 0 0 0 0.00104384 0 0.00939457 0.0501044 0.145094 0.254697 0.400835 1 0 0 0.00180018 0.040504 0.227723 0.583258 1 0.162916 0.0387039 0.00990099 
0.283585 1 0.0965674 0.00833445 0.000641111 0.000106852 0 0 0 0.0202484 1 0.326986 0.0913961 0.0779707 0.0850384 0.0704834 0.034564 0.0128445 0.00216227 0.000580908 0.000918052 0.00898724 0.038075 0.0774546 0.125966 0.173947 0.232122 0.2615 0.630508 1 
0.474053 1 0.439945 0.120864 0.00669742 4.43538e-005 0 0 8.87075e-005 0.00913688 0.419523 1 0.620964 0.367611 0.220877 0.137047 0.0634625 0.0271361 0.00925236 0.00279434 0.00185452 0.032042 0.140429 0.460128 0.823923 0.755924 0.51257 0.415825 0.621162 1 
1 0 0 0 0 0 0 0 0 0.0640687 0 0.000865052 0.049308 0.1609 0.384083 0.381488 0.398789 0.353806 0.394464 1 0 0.256828 1 0.710151 0.00326131 0 0 0 0 0 
1 0 0 0 0 0 0 0 0 0 0 0 0 0 0.04 0.586667 1 0.4 0.32 0.36 0 0.0760456 0.673004 1 0.0456274 0 0 0 0 0 
0.888087 1 0.0126741 0.00295562 0.00370704 0.0119227 0.0318605 0.0174331 0.0151287 0.116371 0.719151 1 0.82848 0.632363 0.247121 0.0213886 0.000246792 0 0 0 0 0 4.4486e-005 0.00240224 0.0156146 0.0646826 0.124027 0.458383 1 0.199831 
1 0.306398 0.00230432 0 0 0 0 0 0.000153622 0.0140564 0.0291227 0.0675362 0.234054 0.555119 1 0.92889 0.239593 0.0223334 0.000536001 0 0 0 0 0 0 0.0059538 0.0815273 0.0815273 0.198222 1 
0.379352 0.0514854 0.0040328 0.00161312 0.00685576 1 0.619976 0.0811937 0.0820003 0.150961 0.875369 0.182426 0.0982898 0.0967171 0.0627089 0.0666405 0.0642815 0.101042 0.902103 1 0.00540462 0.0235174 0.0544844 0.234443 1 0.34239 0.0696757 0.0715746 0.536079 0.245837 
1 0.0299382 0 0 0 0 0 0 0 0.00799937 0.0185751 0.304835 0.78855 1 0.593639 0.309415 0.250891 0.0651399 0.00356234 0 0 0 0 0.000187688 0.00225225 0.0579955 0.235923 0.494745 1 0.668544 
0.163203 1 0.0186785 0.00728461 0.00466962 0.012608 0.0125146 0.00410927 0.00163437 0.00462293 0.41211 0.529474 1 0.608144 0.197953 0.0481825 0.00820808 0.00106598 0.000746189 0.000213197 7.78392e-005 0.000155678 0.000389196 0.00116759 0.00980774 0.0809527 0.247529 0.543006 1 0.166109 
0.31448 1 0 0 0 0 0 0 0 9.2115e-005 0.00091659 0.318668 1 0.981057 0.838375 0.56187 0.327834 0.185762 0.0788268 0.0381913 0 0.000395413 0.00711744 0.00632661 0.00751285 0.0409912 0.119151 0.25346 0.446026 1 
1 0 0 0 0 0 0 0 0 0.0522127 0 0 0.00120773 0.101449 0.700483 0.954106 1 0.980676 0.242754 0.00966184 0 0 0 0 0 0.000620347 0.0794045 0.859801 1 0.110422 
1 0.592315 0.000367564 5.65483e-005 5.65483e-005 0.000141371 0.0196223 0.0372653 0.0283307 0.0561242 0.375985 0.577325 0.668637 1 0.874901 0.802994 0.712569 0.479117 0.409476 0.126478 0 0 4.3163e-005 0.00401416 0.0263294 0.110066 0.234461 0.488475 0.784142 1 
0.00144788 0.0108108 0.114479 0.752606 0.617471 1 0.0241313 0.000289575 0 0.00019305 0.0543737 0.286655 1 0.956883 0.162454 0.0221311 0.00753601 0.0013355 0.000286178 0 0.00044082 0.062376 0.431563 1 0.894424 0.482477 0.00749394 0 0 0 
1 0.289929 0.000595103 5.66765e-005 2.83382e-005 0.000538427 0.646027 0.0353378 0.0405804 0.228293 0.0440651 0.293002 0.826102 0.921182 0.717795 0.717322 1 0.394494 0.225454 0.11681 0.00594407 0.0336486 0.216364 0.425492 0.509019 0.682793 1 0.365173 0.319584 0.53016 
1 0.0881906 0.028453 0.0184392 0.0559392 0.0370166 0.0577348 0.0912983 0.217196 0.940539 1 0.0869645 0.0161158 0.00559492 0.00279746 0.00182443 0.00139873 0.000395293 0.000364886 9.12215e-005 0.0112691 0.00749761 0.00477121 0.00554369 0.0277639 0.0273549 0.0481211 0.0885173 1 0.446994 
0.148667 1 0.00217865 0.000103745 0.000103745 0 0 0 0 0 0.0227072 0.121357 0.635928 1 0.487953 0.239309 0.153021 0.0797275 0.0357008 0.00908288 0.00469877 0.0362477 0.185937 0.644068 1 0.812552 0.420876 0.272025 0.214801 0.132573 
1 0.0813405 0 0 0 0 0 0 0 0.000342847 0.00139665 0.205447 1 0.460475 0.076257 0.0138268 0.00335196 0.00167598 0.000139665 0 0 0 0 0.0131073 0.0461017 0.211299 0.859435 1 0.696045 0.0259887 
1 0.0344513 0 0 0 0 0 0 0 0.00729722 0 0 0.001287 0.0137893 0.254642 0.940063 1 0.319176 0.155176 0.0316235 0.000143637 0.00919276 0.140764 0.159006 0.204826 1 0.508187 0.101839 0.0081873 0.000430911 
0 0 0 0 1 0.909098 0.001352 0 0 0 0.0552973 0.997798 1 0.766455 0.119281 0 0 0 0 0 0 0 0 0 0 0.124164 1 0.380819 0.134676 6.82594e-005 
1 0.00174129 0 0 0 0 0 0 0 0 0 0.0013655 0.0323168 0.5066 1 0.292672 0 0 0 0 0 0 0 0 0 0.0033389 0.0918197 1 0.249416 0 
1 0.757134 0.00113489 0 0 0.000810636 0.00113489 0.00340467 0.00324254 0.238327 0.0173853 0.0468243 0.198887 0.927677 1 0.455726 0.174084 0.037784 0.0064905 0.00162262 0 0.00195482 0.0089053 0.0275847 0.055821 0.116203 0.155083 0.47437 0.846438 1 
0.169929 1 0.0224244 0.00395184 0.00367613 0.00330852 0.00165426 9.19033e-005 0.00101094 0.00220568 0.881913 1 0.291986 0.0498554 0.00748681 0.00408372 0.00102093 0.000170155 0.00034031 0 0.000585223 0.000585223 0.000731529 0.00482809 0.00292612 0.013899 0.0722751 0.270519 0.557132 1 
1 0.247871 0.00887553 0.00243361 0.00314938 0.00236204 0.00293465 0.00114523 0.00250519 0.00844607 0.899751 1 0.744756 0.381443 0.119268 0.022396 0.00497689 0.00159972 0.00106648 0.000533239 0.000250532 0.00137793 0.00250532 0.0077665 0.0179131 0.0611299 0.177001 0.362145 0.609545 1 
1 0.114352 0.000923788 6.59848e-005 0 0 0 0 0 0 0.00272526 0.0366207 0.429569 0.919945 1 0.412707 0.0659172 0.0115824 0 0 0 0 0.00011343 0.000453721 0.00589837 0.0285844 0.130331 0.681828 1 0.0700998 
1 0.00694444 0 0 0 0 0 0 0 0.0856481 0 0 0.129032 0.277419 0.464516 1 0.748387 0.206452 0.083871 0.0387097 0.00877193 0.0964912 0.184211 0.359649 0.675439 0.921053 1 0.719298 0.166667 0.00877193 
1 0.0151819 0 0 0 0 0 0 0 0.0963614 0 0 0.00147152 0.0334244 0.204961 1 0.549296 0.0662182 0.0063065 0.000420433 0 0 0 0.00113058 0.0672696 0.404183 1 0.843414 0.187959 0 
0.919032 1 0.552815 0.24523 0.329456 0.234993 0.0972545 0.025128 0.0241973 0.109819 1 0.269044 0.0429363 0.00432826 0 0 0 0 0 0 0 0 0 0 0 0.00922819 0.0978747 0.369966 1 0.649049 
1 0.530953 9.48384e-005 7.11288e-005 4.74192e-005 0 0 0 0 4.74192e-005 0.0016555 0.00375515 0.0127191 0.0472826 0.1303 0.459218 1 0.656182 0.244327 0.0463539 0 0 0.000219293 0.00249995 0.0115787 0.0360518 0.0603715 0.101314 0.204206 1 
1 0.0500724 0.00479899 0.00217313 0.00398406 0.0167512 0.0527888 0.0624774 0.0776892 0.429011 0.991172 1 0.652771 0.463953 0.485287 0.290584 0.214321 0.148357 0.180726 0.149093 0 0 0 0.0489256 0.179586 0.323868 0.529355 0.712011 0.807943 1 
1 0.78392 0.0508908 0.0211969 0.0623116 0.316583 0.488442 0.185564 0.273093 0.594244 1 0.381066 0.328625 0.223107 0.0736523 0.0128537 0.000635355 4.88735e-005 0 0 0 0 0 0 0.00102881 0.020126 0.229102 0.645576 0.761767 1 
1 0.0114881 0 0 0 0 0 0 0 0.0117553 0 0.0234694 0.363265 1 0.783673 0.741837 0.493878 0.281633 0.179592 0.0326531 0.00261917 0.00733368 0.0183342 0.0481928 0.0576218 0.110529 0.207962 0.198009 0.355684 1 
0.0735129 1 0.000897868 5.61167e-005 0.00016835 0.000224467 0.0030303 0.00409652 0.00280584 0.00476992 0.0853045 0.321848 0.521885 1 0.918048 0.576271 0.174893 0.0169492 0.000931272 0.000186254 0 0 7.13827e-005 0.00192733 0.0119923 0.0222714 0.042901 0.083946 0.222857 1 
1 0.241569 0.0156195 0.00780973 0.00496983 0.00266241 0.00177494 0.00106496 0.00496983 0.55946 0.302714 0.560334 0.465136 0.248852 0.297286 0.362004 0.332359 0.202505 0.270564 1 0 0 0 0.00026469 0.00926416 0.052144 0.501853 0.619905 0.560349 1 
0.701449 0 0 0 0 0 0 0 0 1 0 0.00892857 0.0625 0.0803571 0.267857 0.553571 1 0.714286 0.910714 0.705357 0.0810811 0.711712 0.927928 1 0.900901 0.531532 0.612613 0.423423 0.0900901 0.00900901 
1 0.243236 0 0 0 0 0 0 0 7.17618e-005 0 0.0800418 1 0.759379 0.0653537 0.0014303 0 0 0 0 0 0 0 0.0894787 1 0.593219 0.258995 0.0845505 0.0285002 0.00267189 
1 0.0111235 0 0 0 0 0 0 0 0 0 0 0 0.00146199 0.00804094 0.0489766 0.199561 0.27193 0.317251 1 0 0 0.00803674 0.106774 0.259472 0.585534 1 0.677382 0.45465 0.0390356 
1 0.122084 0.00658696 0.00103767 0.000721859 9.02324e-005 0.00162418 0 0 0.00058651 0.59573 0.746275 0.661552 0.810096 1 0.85457 0.633978 0.251279 0.0275739 0.00200133 0 0 0 0.000182465 0.00109479 0.00912326 0.0490831 0.338838 1 0.892254 
0 0 0 0 0 0 0 0 0 1 0 0 0 0.215686 0.558824 1 0.960784 0 0 0 0 0 0 0 0 0.0408526 1 0.936057 0.0053286 0 
1 0.359469 0.00123375 2.12716e-005 0 0 0 0 4.25432e-005 2.12716e-005 0.0220812 0.0821247 0.127157 0.25533 1 0.29797 0.259137 0.186512 0.0728426 0.0139956 0 0 0 0 0.00178372 0.0653735 0.520758 0.649944 0.61485 1 
1 0.0216583 0.000743179 0.000106168 0.000318505 0.00307888 0.0197473 0.00849347 0.00626393 0.0527657 0.541708 0.955512 0.877985 1 0.0539745 0.000654236 0 0 0 0 0 0 0 0 0 0.0307176 0.286009 0.537171 1 0.852607 
0.0123757 0.0129046 0.00602919 0.00216839 0.0294584 0.852708 1 0.00893802 0.00486567 0.0149672 0.290758 0.523205 0.933161 0.91908 0.926021 1 0.940301 0.871083 0.621182 0.233241 0 0 0.00135708 0.0324852 0.206361 0.818321 1 0.642324 0.303817 0.113656 
1 0 0 0 0 0 0 0 0 0.00739426 0 0 0.250973 1 0.38035 0.0252918 0 0 0 0 0 0 0 0 0.004971 0.159901 0.686827 1 0.826015 0.144159 
0.0333333 0.0601307 0.129085 0.172876 1 0.99281 0.0343137 0.00555556 0.000326797 0.0120915 0.287701 1 0.383498 0.159147 0.0686032 0.0605686 0.0293572 0.0160692 0.0293572 0.175216 0.0204499 0.381245 1 0.333333 0.100789 0.0467426 0.0677768 0.152206 0.0762489 0.00292141 
1 0.179881 0.00149335 0.000814553 0.00285094 0.00841705 0.000135759 0 0 0.00380125 0.0164204 0.0383826 0.375205 1 0.380337 0 0 0 0 0 0 0 0.00160819 0.00921053 0.0149123 0.0236842 0.0239766 0.030117 0.185965 1 
1 0.491664 0.0844757 0.0048166 0.0188959 0.0200074 0.00518711 0.00222305 0.00555761 0.00703964 1 0.128925 0.00102119 0 0 0 0 0 0 0 0 0 0.000325733 0.00228013 0.00162866 0.00162866 0.0019544 0.0811075 0.352769 1 
1 0.11467 0.0020311 0.00208914 0.000870474 0.000348189 5.80316e-005 0.000812442 0.00649954 0.156569 0.0341406 0.0265538 0.0457154 0.114094 0.321467 1 0.497617 0.0961969 0.0105048 0.00272347 0 0.00379459 0.128763 0.0861371 0.0626107 0.0767771 0.135593 0.400329 0.904503 1 
1 0.525746 0.00294236 0 0 0 0 0.000668717 0.00441353 0.00976327 0.0325866 0.341819 1 0.846911 0.60964 0.401901 0.239308 0.146979 0.0848608 0.0570265 0.041535 0.24921 0.52912 0.763431 0.927765 1 0.643341 0.267269 0.240632 0.548081 
1 0.205544 0.00393248 0.0013428 0.00047957 0.00949549 0.00824861 9.59141e-005 0.00469979 0.00661807 1 0.156392 0.260249 0.922563 0.840875 0.340723 0.156392 0.0598239 0.0467659 0.026116 1 0.346433 0.403769 0.348587 0.355585 0.247914 0.21642 0.0551817 0.0266487 0.480754 
1 0.782123 0.280754 0.0158923 0.4566 0.106508 0.368862 0.0792462 0.0104769 0.118446 1 0.129238 0.0389383 0.0101517 0.000997695 3.38202e-005 0 0 0 0 0 0.000101185 1 0.850429 0.137864 0.0562284 0.0299507 0.0144391 0.0117779 0.0162908 
0.042343 1 0.00630745 0.00048895 0.000635635 0.000635635 0 0 0 0 0.274006 1 0.0435256 0.0255128 0.0234936 0.00391026 0.00237179 0.00105769 0.000737179 0.000544872 0.00162199 0.00320344 0.00462268 0.00819107 0.0167471 0.0364949 0.0385629 0.203844 1 0.428977 