1 0.0518572 0.00805631 0.00131445 0.00462178 0.00279851 0.0077595 0.0052578 0.00606343 0.104859 1 0.499546 0.00170803 0 0 0 0 0 0 0 0 0 0 0 0.000986875 0.0432251 0.305142 0.845752 1 0.580578 
1 0.756436 0.00594059 0 0.0019802 0 0 0 0 0.0178218 0.0285714 0.047619 0.27619 0.604762 0.747619 0.966667 1 0.490476 0.12381 0 0 0 0 0 0.00277778 0.0152778 0.0333333 0.0763889 0.122222 1 
1 0.109451 0.0334129 0.00019497 0.00428934 0.00636089 0.0173036 0.00216904 0.0030464 0.0406512 0.491801 1 0.656772 0.244577 0.0924235 0.0516866 0.0230929 0.00949663 0.00700571 0.00337312 0.657913 1 0.769891 0.713209 0.602271 0.42191 0.138932 0.0172474 0.00554689 0.000606691 
0 0.0224033 0.60998 1 0.0157841 0 0 0 0 0 0.00219539 0.0746432 0.129528 0.503842 0.983535 1 0.526893 0.22393 0.0746432 0.0208562 0.00121212 0.397576 0.804848 1 0.855758 0.518788 0.243636 0.0654545 0.0278788 0.00848485 
0.6029 1 0.46766 0.273621 0.270318 0.147563 0.0463149 0.0196536 0.00153041 0.0357229 0.59523 1 0.266348 0.0949222 0.0306237 0.00428283 0.00011197 0 0 0 0 1 0.424864 0.362773 0.28064 0.1879 0.0987526 0.0649943 0.0304067 0.0079472 
1 0.0115013 0 0 0 0 0.000135575 0.000180766 0.00140094 0.00250813 0.00587435 0.142221 0.833601 1 0.53976 0.190576 0.0506431 0.0120579 0.00302993 0.000618353 0.00660127 0.0159531 0.0358485 0.165215 0.448794 0.784817 1 0.904648 0.579994 0.179518 
1 0.0851319 0.00279776 0.00239808 0.00999201 0.00559552 0.0127898 0.0883293 0.0603517 0.796962 0.283657 0.663787 1 0.857451 0.521238 0.25054 0.075594 0.0259179 0.0151188 0.00863931 0.31738 1 0.345553 0.065852 0.0159538 0.00577054 0.0023761 0.000339443 0 0 
0.000710227 0.00426136 0.00710227 0.00355114 0.00852273 0.101563 1 0.0348011 0.00284091 0 1 0.338235 0 0 0 0 0 0 0 0 0 0 0 0 0 0.00847458 0.179661 0.608475 1 0.979661 
0.0685195 0.0563525 0.00941342 0.00499488 0.0542392 1 0.010502 0.00403432 0.00352203 0.00672387 1 0.531902 0.591857 0.814867 0.682803 0.208629 0.0202552 0.00243063 0.000607656 0.000202552 0 0.000422967 0.000740192 0.000951676 0.00338374 0.0197737 0.0943217 0.279898 0.612245 1 
1 0.435694 0.00424929 0.000566572 0 0 0 0.001983 0.00155807 0.001983 0.435314 0.811631 0.823009 0.955331 1 0.270965 0.0058997 0 0 0 0 0 0 0 0 0.0198469 0.369719 0.991494 1 0.513468 
0.00200715 1 0.00646204 0.000293729 0.000930141 0.00186028 0.0180643 0.000244774 0 4.89548e-005 0.148236 1 0.205902 0.031479 0.0209634 0.0202171 0.000474898 0 0 0 0 0 0 0 0 0.00262898 0.0946434 0.737211 1 0.470041 
0 0 0.000257235 0.00745981 0.14418 1 0.0807717 0 0 0 0.543622 1 0.0399868 0 0 0 0 0 0 0 0 0 0 0 0 0.000205804 0.0109076 0.12163 0.839679 1 
1 0.169007 0.0250182 0 0.00489237 1.91858e-005 0.0706995 0.0513603 0.0464871 0.120774 1 0.54642 0.465459 0.0547143 0.00591289 0.000294307 0.000160531 5.35103e-005 8.02654e-005 0.000668878 0.0100979 0.0823575 0.130313 0.217047 0.337339 0.379535 0.310693 0.182108 0.328854 1 
0.00993378 0.0192053 0.0218543 0.0344371 0.154305 1 0.39404 0.018543 0.00794702 0.00397351 0.498305 0.861017 1 0.764407 0.554237 0.342373 0.2 0.0288136 0.00677966 0.00338983 0 0.333333 1 0.634921 0.867063 0.809524 0.464286 0.293651 0.275794 0.30754 
1 0.653228 0.0160699 0 0 0 0 0 0 0 0.448383 1 0.629353 0.689055 0.592662 0.253109 0.0609453 0.00746269 0.00124378 0 0 0 0.00243754 0.0103595 0.0786106 0.295551 0.513711 0.757465 0.95003 1 
1 0.00902708 0.000501505 0 0 0 0 0 0 0.113842 0.0483871 0.497696 1 0.761521 0.223502 0.0414747 0.00691244 0 0.00115207 0 0 0.0422265 0.270633 0.274472 0.395393 0.568138 0.788868 0.888676 1 0.0710173 
1 0 0 0 0 0 0 0 0 0 1 0 0 0 0 0 0 0 0 0 0.0224439 1 0.855639 0.16542 0.00692713 0 0 0 0 0 
1 0.463311 0.336604 0.00255973 0.0362628 0 0.0149317 0.00895904 0 0.0571672 1 0.321145 0.286963 0.101749 0.0218601 0.0162957 0.018283 0.00119237 0.00238474 0.00357711 1 0.337998 0.0612562 0 0 0 0 0 0 0 
0.493252 1 0.0441718 0.00184049 0.0128834 0.00306748 0.00613497 0.00368098 0 0.00122699 0.186235 1 0.805668 0.511134 0.0657895 0.01417 0.00101215 0 0 0 0.0980663 1 0.571823 0.0883978 0.00483425 0 0 0 0 0 
1 0.917391 0.0181159 0.00386473 0 0 0.000724638 0.000724638 0.00120773 0.0138889 0.00126502 0.00790639 0.0762176 0.194181 0.475965 0.896584 1 0.810563 0.632827 0.326376 0.248121 1 0.727125 0.335347 0.0702814 0.0047149 0.000442021 0 0.00014734 0 
0.0807392 0.406254 0.819616 1 0.291542 0.149964 0.0120824 0.000995025 0.00156361 0.00227434 0.749852 1 0.728478 0.41698 0.239462 0.168415 0.114387 0.0714427 0.0571937 0.0340392 0.580987 1 0.770404 0.447713 0.261883 0.155157 0.104753 0.0742601 0.0570404 0.0369507 
1 0.200862 0.0732342 0.00610285 0.00355533 0.00137174 0.00730663 0.00246354 0.00464713 0.0187285 0.134728 0.717591 1 0.691907 0.586184 0.741835 0.691686 0.336765 0.138714 0.0551312 0.468191 1 0.638822 0.570244 0.515304 0.385122 0.0683456 0.00232468 0.000309957 0.000309957 
0.236204 0.452178 1 0.200693 0.0081663 0.000309329 0.000556793 0.00408315 0.0205395 0.0955828 1 0.843583 0.801321 0.355873 0.141067 0.0261343 0.00155445 0 0 0 0 0 0 0.000146811 0.00381707 0.0211407 0.196212 1 0.750642 0.422814 
0.156028 1 0.00885231 0.0016048 0.0012942 5.17679e-005 0 0 0 0.000517679 0.00259 0.039368 0.141155 0.307174 0.54675 0.750324 0.853665 0.949236 1 0.612277 0.0880619 0.839843 1 0.57185 0.188774 0.0669369 0.0152297 0.0012282 0 0 
0.3373 0.37855 0.201015 0.0696494 0.210217 0.764398 1 0.151198 0.0187212 0.0226876 1 0.341114 0.10717 0.0459191 0.0162471 0.00213577 0.000686499 0.000457666 0.000457666 0.000457666 0.0410524 0.227281 0.609442 1 0.926292 0.631274 0.231573 0.0306027 0.00653107 0.00522486 
1 0.884841 0.0188014 0.00352526 0.0146886 0.0176263 0.0146886 0.0199765 0.020564 0.0851939 1 0.344909 0.0469613 0.00513023 0 0 0 0 0 0 0 0 0 0 0.00729927 0.0746148 0.397405 0.70073 0.690998 1 
1 0.214383 0.123438 0.105773 0.056928 0.00634317 0.0289859 0.0130075 0.0173701 0.244226 1 0.296823 0.326918 0.365603 0.386141 0.361082 0.321945 0.218032 0.24464 0.160295 1 0.248818 0.153467 0.071458 0.0276518 0.0183375 0.0238436 0.0275062 0.0256143 0.0440731 
0.0722775 0.306136 0.420495 0.261323 0.279794 1 0.383874 0.02345 0.00626405 0.0149374 1 0.51345 0.52559 0.241551 0.0696648 0.0190371 0.00648365 0.0019313 0.00013795 0 0.390239 1 0.411265 0.190586 0.0534336 0.0297068 0.0140818 0.0270062 0.210648 0.998071 
0.0827586 0.0252874 0.00689655 0 0.0137931 0.563218 1 0.163218 0.0206897 0.0137931 1 0.247344 0 0 0 0 0 0 0 0 0 0 0 0 0.00206186 0.0103093 0.0494845 0.226804 0.406186 1 
0.342127 0.411404 0.0331066 0.0275017 0.0994694 0.274344 1 0.249608 0.0215978 0.0810851 1 0.510763 0.183716 0.0813023 0.0450691 0.0429935 0.0359367 0.012987 0.00942893 0.0224159 1 0.416601 0.618632 0.740993 0.55388 0.43755 0.589589 0.749246 0.203777 0.0842723 
1 0.0370473 0.00592388 0.00107428 0.00690608 0.000521793 0.0660835 0.0555556 0.0462861 0.490853 0.590469 1 0.980161 0.762203 0.34231 0.0981729 0.019021 0.00477229 0.00129534 0.000136351 0.285741 1 0.567517 0.224287 0.0263645 0.000717658 0 0 0 0 
1 0.142886 0 0 0 0 0.000265587 0.000730363 0.00112874 0.0237036 0.00295898 0.0562206 0.214122 0.634028 1 0.337727 0.064963 0.0189644 0.0166779 0.00981843 0.00088218 0.00666536 0.0103901 0.0186238 0.0232307 0.0372476 0.0724368 0.170849 0.385023 1 
1 0.428307 0.0120259 0 0 0 0.00277521 0.0240518 0.0564292 0.246994 1 0.0351541 0 0 0 0 0 0 0 0 0 0 0 0 0 0.0609756 0.314363 0.773713 1 0.444444 
1 0.268661 0.0216232 0.00533175 0.00473934 0 0.0180687 0.0219194 0.0180687 0.318128 1 0.165854 0.25784 0.326132 0.34007 0.443902 0.594425 0.226481 0.160976 0.115679 1 0.256324 0.0840761 0.0185497 0.00264996 0.00168634 0.000240906 0 0 0 
0.113283 0.934085 1 0.0263158 0.000250627 0 0 0 0 0 0.0175439 0.253947 0.854386 1 0.708772 0.435965 0.199561 0.0754386 0.0429825 0.0144737 0.0832791 0.976903 1 0.522121 0.103448 0.00585556 0.000325309 0 0 0 
1 0.201389 0 0 0.0555556 0 0.847222 0.826389 0.215278 0.298611 1 0.737705 0.811475 0.45082 0.303279 0.352459 0.131148 0.0409836 0.057377 0.0409836 1 0.205379 0.00733496 0 0 0 0 0 0 0 
1 0.128879 0.155268 0.0944851 0.00988338 0.259834 0.691935 0.0103775 0.0113659 0.0688871 0.0301348 0.465768 0.746894 0.865054 1 0.0884219 0.0329104 0.0121597 0.00581549 0.00118953 0.0669397 0.121734 0.446547 1 0.43878 0.0862872 0.10394 0.364073 0.618557 0.226663 
0.798621 1 0.048964 0.00764316 0.0396787 0.0520392 0.173852 0.0385741 0.0105392 0.0455604 0.797335 1 0.607042 0.192599 0.0790601 0.023169 0.00816222 0.00303796 0.00150068 0.000805241 0.0299439 0.224091 0.649701 1 0.398638 0.274499 0.150924 0.048452 0.0116616 0.00353609 
1 0.841784 0.20843 0.125089 0.14667 0.112066 0.102768 0.0477818 0.0629599 0.319171 1 0.240291 0.0254231 0.000341602 0 0 0 0 0 0 0 0 0.00153297 0.0209298 0.0386998 0.169409 0.599393 1 0.988769 0.19597 
1 0.0202144 0 0 0 0 0 0 0 0 0 0.00292113 0.0963973 0.379747 0.777994 1 0.542356 0.220058 0.106134 0.0516066 0 0.00202429 0.0101215 0.0728745 0.131579 0.271255 0.444332 0.680162 0.759109 1 
1 0.0415153 0.00328874 0.00133986 0.0131956 0.00184738 0.0934855 0.113258 0.136665 0.78611 0.335916 0.474016 0.924652 1 0.657469 0.619546 0.434235 0.198405 0.127316 0.0236963 1 0.641314 0.298618 0.144063 0.09597 0.0851898 0.0820824 0.0802658 0.0782102 0.0736925 
1 0.263837 0.0170936 0.00603305 0.00730087 0.00187986 0.000918073 0.000743202 0.00192358 0.0935997 0.504208 1 0.729699 0.162332 0.0145576 0.00379104 0.00113731 0.000151642 0.000227462 0 0.000963907 0.00921067 0.0237764 0.0529078 0.0991753 0.213131 0.457427 0.769198 1 0.787619 
0.90036 1 0.027411 0.00020008 0.00220088 0 0.0060024 0 0 0.00580232 0.063172 0.314516 0.924283 1 0.793459 0.562276 0.31138 0.164427 0.094086 0.0443548 0.191676 0.782741 0.920962 1 0.497518 0.232913 0.063383 0.00954563 0.0045819 0.00267278 
0.969257 0.956959 0.512018 0.504192 1 0.181666 0.0547792 0.0111794 0 0.0285075 1 0.208145 0.436652 0.412896 0.391968 0.467195 0.390837 0.170814 0.285068 0.0497738 1 0.225378 0.0628399 0.00362538 0 0 0.00906344 0.049144 0.0978852 0.0721047 
1 0.166329 0.019543 0.00814105 0.0111096 0.00676922 0.0480142 0.157828 0.252575 0.815882 0.955809 1 0.681134 0.334179 0.20843 0.198277 0.241927 0.19861 0.245548 0.136069 1 0.362424 0.309327 0.311357 0.258469 0.21158 0.204686 0.211461 0.242262 0.187972 
1 0.054262 0.0002079 0 0 0 0 0 0 0 0 0.00267482 0.876576 1 0.058846 0 0 0 0 0 0 0 0 0.000974659 0.0419103 0.559454 1 0.554094 0.263158 0.0521442 
1 0.310581 0.247538 0.0417069 0.266654 0.288955 0.811836 0.266364 0.100309 0.188646 0.575201 1 0.824148 0.459912 0.235744 0.145905 0.0785496 0.0473594 0.0287026 0.0116724 1 0.626555 0.387661 0.177696 0.0834459 0.0514607 0.0506788 0.0439974 0.0418651 0.130073 
0 0 0 0 0 1 0 0 0 0 0 0 0 0.00633714 0.212928 1 0.00844951 0 0 0 0 0 0 0 0 0.00418911 0.222621 0.512268 1 0 
1 0.538426 0.047118 0.0073193 0.00548948 0.00365965 0.00869167 0.000914913 0.000914913 0.0228728 0.180761 0.466173 0.904863 1 0.712474 0.301268 0.0993657 0.0591966 0.0211416 0.0147992 0.0408163 1 0.878209 0.302831 0.102699 0.0125082 0.00724161 0.00724161 0.00197498 0 
1 0.0653916 0.0196175 0.00534383 0.0171565 0.0728449 0.0172971 0.00752355 0.00710167 0.0530868 1 0.52529 0.207243 0.320803 0.591813 0.473726 0.289707 0.0895493 0.0261759 0.00629797 0.0618637 0.14722 0.175933 0.290786 0.457583 0.663012 0.939441 1 0.65492 0.306708 
0.484647 1 0.0146058 0.00315353 0.0161826 0.0486307 0.135768 0.0270539 0.00489627 0.0227386 0.289117 0.759985 1 0.903628 0.581715 0.257237 0.0672407 0.0144742 0.00403078 0.000183217 0.265806 0.648 1 0.686581 0.12271 0.00967742 0.000129032 0 0 0 
0.0306974 0 0 0 0 0.001001 0.824157 1 0.445445 0.339339 0.0676075 0.63702 1 0.545126 0.197571 0.0758123 0.0311782 0.0164096 0.0105021 0.00492287 0.183513 1 0.402389 0.19092 0.0583035 0.027718 0.014098 0.0078853 0.00358423 0.00262843 
0.866693 0.903916 0.271113 0.00263668 0.00116324 0.00162854 0.0122528 0.0387747 0.11392 1 0.371858 1 0.828734 0.409491 0.184629 0.0915198 0.0440624 0.0190696 0.013291 0.00512858 0.277244 1 0.671251 0.374149 0.238369 0.183005 0.104203 0.0412603 0.015227 0.00175426 
0.0725565 0.0320102 0.00341443 0.0106701 0.0388391 0.368758 1 0.210841 0.104567 0.124627 1 0.0966897 0.000476304 0 0 0 0 0 0 0 0 0 0 0 0.00131004 0.00960699 0.113537 0.323581 0.563755 1 
1 0.165975 0.0445736 0.0121124 0.014881 0.0211102 0.0661683 0.00968992 0.0191722 0.0941307 1 0.465019 0.0358426 0.00122109 0.000430973 0 0 0 0 0 0 0 0.00548408 0.0339591 0.192575 0.77895 1 0.891584 0.888209 0.621388 
0.383275 1 0.443459 0.203041 0.193855 0.0443459 0.00475135 0.000316756 0.00855242 0.135255 0.763898 1 0.2792 0.0559026 0.0240475 0.00968145 0.0121799 0.0227983 0.0374766 0.0762024 0.0544164 0.258675 0.902603 1 0.463328 0.207808 0.055205 0.0201104 0.0134069 0.033123 
1 0.582401 0.583944 0.0501737 0.000771903 0 0.00578927 0.000385951 0 0.00308761 0.059119 0.439335 1 0.510819 0.140649 0.051391 0.0197063 0.00425039 0.00270479 0.000386399 0.268732 0.591042 1 0.527836 0.027208 0 0 0 0 0 
0.383834 0.225704 0.0618921 0.00335715 0.0750194 0.0302143 1 0.0914178 0.0126108 0.0430404 1 0.236532 0.0611908 0.0163451 0.00421904 0.00120965 0.000324541 0.000265534 0.00023603 0.000177022 0.158306 0.747279 1 0.580218 0.145114 0.0149669 0.00218883 0.000591576 5.91576e-005 0 
1 0.111302 0.00973556 0.00510909 0.0108672 0.00564163 0.0274093 0.0603605 0.259448 0.389555 0.118247 0.406807 0.756623 1 0.686906 0.379053 0.149095 0.0460358 0.0142086 0.00454675 0.016683 1 0.487733 0.385981 0.286247 0.253021 0.227113 0.202019 0.165989 0.141708 
0.194631 1 0.264262 0.14849 0.0859899 0.318792 0.090604 0.00587248 0.00125839 0.0113255 0.242453 0.526415 0.595283 0.581132 0.713208 1 0.536792 0.193396 0.116981 0.0358491 0.851772 1 0.636412 0.227175 0.000537057 0 0 0 0 0 
1 0.180308 0.0486278 0.0194993 0.0267212 0.123014 0.0178142 0.00312951 0.0414059 0.017092 1 0.000653061 0 0.000489796 0 0 0.000326531 0 0 0.000489796 0.0184877 0.000499667 0 0 0 0 0 0 0.00333111 1 
0.20284 0.114943 0.0655849 0.0348208 0.107843 0.375592 1 0.129479 0.0331305 0.0733604 1 0.0381553 0.00912409 0.00165892 0 0 0 0 0 0 0 0 0 0.00166223 0.00698138 0.00831117 0.0375665 0.137965 1 0.909574 
0.417159 0.199846 0.0305677 0.0035962 0.04187 0.110712 1 0.297457 0.0765477 0.0457231 1 0.0035942 0 0 0 0 0 0 0 0 0 0 0.000180865 0.000180865 0.000723458 0.0081389 0.0519081 0.170917 0.333514 1 
1 0.104008 0.0106118 0.0132967 0.0180912 0.0701272 0.0864284 0.0659081 0.0673784 0.129898 0.12577 0.313726 0.580952 0.810084 0.934454 1 0.829412 0.492717 0.408683 0.197199 1 0.550049 0.384976 0.263415 0.106244 0.0379512 0.0162927 0.0115122 0.0110244 0.00809756 
0.0192238 1 0.0328054 0.288599 0.000161206 8.06029e-005 0 0 0 0 0.00058674 0.00312928 1 0.623704 0.296499 0.54293 0.803833 0.867397 0.844123 0.581459 0.0288118 0.423253 0.780469 0.555329 0.302907 0.232662 0.22361 0.255992 0.438552 1 
1 0.0130216 0 0 0 0 0.000953602 0.000427477 0.00174279 0.0191707 0.496927 1 0.0264724 0.00033877 0 0 0 0 0 0 0 0 0 9.3006e-005 0.00213914 0.0426897 0.263951 0.710193 1 0.909226 
1 0.500856 0.00581992 0.00376583 0.00290996 0.000171174 0.0123245 0.0340637 0.0347484 0.0546046 0.0124257 0.0102647 0.0275527 0.0653701 0.165316 0.425716 0.753647 0.959481 1 0.619665 0.628698 0.868639 1 0.346154 0.00710059 0 0 0 0 0 
1 0.405029 0.0670029 0.0161861 0.0469021 0.0590981 0.0496123 0.0901905 0.188587 0.326432 1 0.271772 0.0889931 0.0665773 0.0833247 0.0272081 0.00149438 5.15305e-005 0 0 4.45315e-005 0.0015586 0.00133595 0.000979694 0.00182579 0.00556644 0.0316174 0.0900873 0.197319 1 
0.72112 0.0479467 0.00149333 0.000213333 0.00554667 0 0.00549333 0.01264 0.0402133 1 0.378759 1 0.803573 0.471766 0.211868 0.0967771 0.0543137 0.0215459 0.0161594 0.00359099 0.524604 1 0.753724 0.302503 0.0762692 0.0194962 0.00530297 0.000701864 7.79849e-005 0 
0.0811868 0.0126384 0.00427299 0.000541647 0.00692104 0.222015 1 0.304104 0.0781175 0.0667429 1 0.845387 0.593753 0.394396 0.252077 0.150072 0.0262488 0.00586997 0.00132905 0.000221508 0.357558 1 0.223423 0.0954186 0.0772705 0.0978384 0.102113 0.148169 0.270769 0.00838845 
0.341775 1 0.18269 0.0671256 0.020654 0.00442587 0.00295058 0.00122941 0 0.000983526 1 0.422542 0.075519 0.00638832 0.000456308 0 0 0 0 0 0 0 0 0 0.00100301 0.0100301 0.051655 0.147944 0.44333 1 
0.875677 0.167651 0.0420975 0.0100936 0.0142787 0.133678 0.215903 0.147218 0.190054 1 1 0.909925 0.496247 0.296636 0.168196 0.0945232 0.0622741 0.028079 0.0264109 0.00945232 0.88007 1 0.602276 0.356288 0.193172 0.124015 0.0755763 0.0525241 0.0242194 0.00671141 
0.0244431 0 0 0 0 0.00159411 0.0486409 1 0.465318 0.0928265 0.0022456 0.0384706 0.181716 0.222964 0.237147 0.637691 1 0.0393571 0.000945515 0.000118189 0.000577034 1 0.146394 0.00556838 0 0 0 0 0 0 
0 0.0119048 1 0.387566 0.00573192 0.000440917 0.000881834 0.000440917 0 0 0.00951087 0.108696 0.747283 1 0.764946 0.652174 0.558424 0.338315 0.130435 0.0244565 0 0.00107875 0.00539374 0.0312837 0.177994 0.609493 0.854369 1 0.674218 0.0884574 
0.41943 1 0.162914 0.0650839 0.215309 0.435939 0.870924 0.368809 0.0508937 0.18993 1 0.851193 0.10744 0.01068 0.00234959 0.000427198 0 0 0 0 0.00042604 0.75818 1 0.456714 0.129005 0.0152522 0.00042604 8.52079e-005 0 0 
0 0 0 0 0 0.714777 1 0 0 0 0 0.0205279 0.42522 1 0.0175953 0 0 0 0 0 0 0 0 0 0 0.004329 0.229437 0.385281 0.541126 1 
0.00759607 0 0 0 0 0.0469169 1 0.393655 0.13092 0.0402145 1 0.000552181 0 0 0 0 0 0 0 0 0 0 0 0 0 0.0202296 0.491525 1 0.398578 0.0710771 
1 0.00540755 0.000318091 0.000159046 0.00010603 0 0.000795229 0.00273029 0.014049 0.13055 0.0031591 0.0371913 0.157094 0.737651 1 0.719989 0.336301 0.102527 0.0221137 0.00552843 0.0506684 0.636028 0.52718 0.652578 0.892425 1 0.784978 0.539274 0.311903 0.147804 
0.176671 0.0437611 0.0304554 0.00384388 0.00147842 0.00340035 0.65893 1 0.45343 0.665435 0.212894 0.36057 0.351949 0.353948 1 0.173413 0.0674663 0.023988 0.0109945 0.00237381 0.166713 1 0.291212 0.15814 0.0963563 0.0779983 0.0451962 0.0293542 0.0351319 0.0144441 
0.428493 0.0561056 0.0060506 0 0.0236524 0.123762 1 0.126238 0.122662 0.287129 0.773043 0.875868 0.333025 0.169986 0.492821 1 0.0148217 0.00138953 0.000463177 0 0.00668226 0.291012 1 0.108587 0.0915469 0.163381 0.206816 0.219846 0.204477 0.348814 
0.562436 1 0.000386997 0 0 0 0 0 0 0.00141899 0.00217723 0.250816 1 0.78685 0.380361 0.142826 0.0444154 0.0152406 0.00783801 0.00391901 0.0116075 0.402541 1 0.841437 0.310775 0.0770915 0.0111695 0.00087604 0.00021901 0 
0.845374 1 0.0575991 0 0 0 0.000550661 0.013326 0.0442731 0.152863 0.270153 1 0.748724 0.391614 0.241683 0.143741 0.0725669 0.0340399 0.0246016 0.011914 0.143437 0.9642 1 0.875179 0.63389 0.422912 0.320286 0.134129 0.0486874 0.0384248 
1 0.892005 0.242943 0.414496 0.817155 0.563103 0.24185 0.0495356 0.0311419 0.148607 1 0.397518 0.329934 0.387073 0.369747 0.297616 0.123003 0.0346522 0.0159744 0.00405505 0.278295 1 0.843256 0.602946 0.403721 0.296124 0.182791 0.103566 0.0331783 0.00263566 
1 0.530087 0.00347826 8.69565e-005 0.000173913 0 0 8.69565e-005 8.69565e-005 0.00113043 0.212234 1 0.236667 0.027972 0.00547645 0.00185357 0.000926784 0.000589772 0.000421265 0.000252759 0.000274612 0.00260881 0.00562955 0.0308939 0.0448991 0.0572566 0.173418 0.573115 1 0.535906 
0.0687732 1 0.797398 0.0600991 0.0359356 0.00433705 0.0148699 0.00123916 0.00123916 0.00991326 1 0.678552 0.0891365 0.0150418 0.00501393 0.00167131 0.00167131 0.000557103 0.000557103 0 0.798708 0.609257 0.958019 1 0.0979548 0 0 0 0 0 
1 0.400606 0.22473 0.162736 0.330863 0.661725 0.438342 0.092655 0.0589623 0.148585 0.45659 1 0.960864 0.580297 0.488979 0.441296 0.317139 0.17274 0.121907 0.0499325 0.396643 1 0.447756 0.111279 0.0103734 0.00339495 0.000565824 0 0 0 
1 0.33394 0 0 0 0 0 0 0 0 0.058927 1 0.211961 0.0184697 0 0 0 0 0 0 0 0 0.00464037 0.00696056 0.0510441 0.197216 0.433875 0.740139 0.967517 1 
0.322651 0.842453 0.0206424 0.0062277 0.0153593 1 0.498531 0.0349521 0.0252956 0.0257855 1 0.663325 0.370877 0.315004 0.237276 0.171009 0.103969 0.0525559 0.0202705 0.00523348 0 9.09463e-005 0.00154609 0.00900368 0.0125051 0.0506571 0.144741 0.233709 0.36208 1 
0.0310391 0.00978408 0.00489204 0.0224359 0.0703441 0.59413 1 0.0681511 0.00641026 0.00708502 1 0.0518794 0.000880971 0 0 0 0 0 0 0 0 0.000182349 0.00291758 0.016229 0.0457695 0.0691101 0.108497 0.174325 0.544128 1 
1 0.00232558 0 0 0 0 0 0 0 0 0.0430108 0.463134 1 0.480031 0 0 0 0 0 0 0 0 0 0 0 0 0 0.0141557 0.293225 1 
1 0.917064 0 0 0 0 0 0 0 0 0.00770755 0.148756 0.875358 1 0.250385 0.0689275 0.0198194 0.0083682 0.00506496 0.00264259 0.000390816 0.00205178 0.00635076 0.0141671 0.0319492 0.0781632 0.156033 0.290669 0.543136 1 
0.765627 1 0.150739 0.0328182 0.0476866 0.00269001 0.0293945 0.0106133 0.000538003 0.0146728 0.320774 0.801934 1 0.689805 0.500201 0.348781 0.202599 0.0988314 0.0751562 0.0372758 0.737548 1 0.518593 0.228573 0.068431 0.0179501 0.00263432 6.12633e-005 0 0 
1 0.244969 0.0041394 0 0 0 0 0 0.00196479 0.0730405 0.00219838 0.108116 0.441171 0.778403 1 0.617262 0.0916725 0.010904 0.00175871 0.000175871 0.000831043 0.347632 0.903343 1 0.864796 0.696478 0.387266 0.143259 0.0855974 0.00818257 
0.0285421 0 0 0 0 0 9.32749e-005 0.00121257 0.00792836 1 0.0363636 1 0.0395551 0 9.67118e-005 0 0 0 0 0 0 0 0 0.000156031 0 0.00312061 0.0187237 0.14152 0.572476 1 
0.607416 1 0.244105 0.0994742 0.0386513 0.0290562 0.0164796 0.00775194 0.00574619 0.0227137 1 0.983265 0.486021 0.32358 0.263353 0.220563 0.155426 0.105321 0.0857801 0.0424892 0.213531 0.374466 0.173447 0.148498 0.376714 1 0.464524 0.0976999 0.0132614 0.000749232 
0.00263943 0.0015641 0.00136859 0.00371475 0.01525 1 0.00249279 0.000342148 0 0.000244391 0.0363308 0.0607345 0.111033 0.331921 1 0.109699 0 0 0 0 0 0 0 0 0.00190496 0.205948 0.755212 1 0.260451 0.00148164 
1 0.0432979 0.00649468 0.00631427 0.00306693 0.000180408 0.00126285 0.00162367 0.00378856 0.0449215 0.032371 0.0682415 0.15923 0.334208 0.607174 0.96238 1 0.710411 0.559055 0.204724 1 0.491296 0.410542 0.605899 0.397969 0.0667311 0.00531915 0 0 0 
0.204413 1 0.038997 0.00292879 0.00718154 0.00826479 0.00397192 0.00160481 0.00497492 0.00990973 1 0.0263045 0.0278771 0.0937098 0.274982 0.580986 0.246819 0.031451 0.00221587 0.000142959 0 7.24638e-005 0.327391 0.86471 0.0824638 0.00833333 0.00369565 0.00492754 0.0243478 1 
0.1389 1 0.211591 0.0220039 0.0119843 0.00353635 0.00667976 0 0 0 0.118656 0.179012 0.391632 0.521262 0.766118 1 0.756516 0.423182 0.241427 0.108368 1 0.776217 0.467494 0.0712186 0.0035936 0.000653381 0 0 0 0 
0.787793 1 0.192678 0.122599 0.00675784 0 0.000585324 0 0 0.00340552 0.0321074 0.406363 1 0.44028 0.337536 0.0699358 0.0139521 0.00537069 0.00443666 0.00186807 0.304374 1 0.19044 0.0528511 0.0300752 0.059876 0.14626 0.20438 0.13435 0.0575709 
1 0.467681 0.406337 0.216984 0.205577 0.0709759 0.41673 0.524461 0.667681 0.646895 1 0.722843 0.320426 0.154236 0.0637994 0.0359927 0.0202703 0.00844595 0.00805613 0.00662682 0.769249 1 0.472122 0.406469 0.4014 0.448467 0.443399 0.316196 0.116582 0.0284818 
1 0.64158 0.0881497 0.0345114 0.0004158 0 0.00665281 0.004158 0.0016632 0.0232848 0.203237 0.42536 0.816547 1 0.731115 0.379496 0.151079 0.0755396 0.0548561 0.0134892 0.0573635 1 0.886928 0.307226 0.0976282 0.023166 0.00606729 0.00330943 0.00661886 0 
1 0.228769 0.0787672 0.00406895 0.00541611 0.00219943 0.00514118 0.00140214 0.00357408 0.0151761 0.204313 0.803468 1 0.679635 0.592263 0.774233 0.674633 0.346376 0.16474 0.058137 0.508042 1 0.678933 0.612789 0.552295 0.400392 0.0805022 0.00321695 0.000549235 0.000392311 
0.00442898 1 0.0873141 0 0 0 0 0 0 0 0.00111359 0.0178174 0.064588 0.305122 0.778396 1 0.791759 0.432071 0.222717 0.0902004 0.154586 0.751479 1 0.511834 0.12426 0.00961538 0.000739645 0 0 0 
1 0.776552 0.167691 0.0942475 0.152447 0.702939 0.844774 0.242988 0.152952 0.391476 1 0.97206 0.578232 0.320295 0.197104 0.145733 0.0758827 0.0287656 0.0197485 0.0194945 0.790479 0.569436 0.888923 1 0.546594 0.482009 0.427532 0.289873 0.215787 0.22074 
0.00659631 0 0.0237467 0.0186895 0.0329815 0.274186 1 0.129507 0.0228672 0.00307828 1 0.00910025 0 0 0 0 0 0 0 0 0 0 0 0 0 0.000224568 0.0480575 0.130249 0.365372 1 
0.967423 1 0.972864 0.0717264 0.5536 0.0426825 0.18451 0.0516571 0.0459331 0.227687 0.811941 1 0.528631 0.224435 0.0612264 0.0284924 0.0141079 0.00746888 0.00299677 0.00184417 0.931389 1 0.344297 0.16429 0.0437706 0.00925093 0.00218425 0.000642426 0 0 
1 0.162665 0.0185491 0.00530709 0.0188582 0.00386439 0.0090169 0.0101505 0.0206616 0.09223 0.570499 1 0.536751 0.210895 0.0984378 0.0508712 0.0284398 0.0155217 0.0161226 0.011416 0.62188 0.532305 0.510524 0.547479 0.534998 0.604993 0.699462 0.839697 1 0.479687 
0.642266 1 0.044523 0.00726014 0.0129333 0.0264289 0.163047 0.0976433 0.0663659 0.0885087 0.661783 1 0.33976 0.0359505 0.00388237 0.000379926 3.5618e-005 0 0 0 0 0.000252585 0.0139427 0.0704543 0.15566 0.259304 0.423787 0.663254 1 0.309214 
0 0.0837143 1 0.0187608 0 0 0 0 0 0 0 0.016269 0.0921909 0.2359 0.32538 0.536876 0.907267 1 0.510304 0.137744 0 0 0 0.0108656 0.0706266 0.310757 0.833032 1 0.165158 0.14234 
1 0.252055 0 0 0 0 0 0 0 0.0356164 0.267689 1 0.278302 0.0754717 0.00707547 0.00471698 0.00353774 0.00117925 0.00471698 0.00117925 0.0105263 0.0152047 0.00818713 0.00350877 0.00701754 0.0269006 0.0608187 0.173099 0.34386 1 
1 0.0571546 0.000137061 0 0 0 0 0 0 0 0.0171674 0.327741 0.607881 1 0.867343 0.170503 0.0167772 0.0011705 0.000780336 0.000390168 0 0.000443853 0 0.00355082 0.0164225 0.135819 0.508655 0.789614 1 0.969374 
1 0.00046049 0 0 0 0 0.004697 0.0209062 0.0503776 0.265058 0.00744834 0.127823 0.626141 1 0.796732 0.458914 0.224892 0.116531 0.0648727 0.0350793 0.00158907 0.0564119 0.37057 1 0.588273 0.202288 0.063086 0.0219291 0.00619736 0.00429048 
1 0.590765 0.0331713 0.00236938 0.0131835 0.0119684 0.0175577 0.0102066 0.0798299 0.268834 1 0.540566 0.750119 0.787601 0.869049 0.689862 0.317887 0.142179 0.0866677 0.0284675 0.780157 1 0.441797 0.169582 0.0615199 0.040008 0.035585 0.0938882 0.191998 0.540812 
0 1 0 0 0 0 0 0 0 0 0 0.0738255 0.356184 0.779003 1 0.927133 0.224353 0.0206136 0.00143816 0 0 0 0.00124069 0.319479 1 0.674938 0.190136 0.00279156 0 0 
0 0.170826 1 0.00508844 0 0 0 0 0 0 0.0536212 0.497214 1 0.804318 0.446379 0.254178 0.14624 0.0689415 0.0389972 0.0132312 0.0420635 0.43254 0.990476 1 0.707937 0.492857 0.169841 0.0150794 0.000793651 0 
0.970481 0.0356583 0.000653083 0 0 0 0 0 0.00222048 1 0.00544629 0.0726172 0.161271 0.269894 0.308926 0.436611 0.748563 0.586384 0.947352 1 0.00266464 0.0167491 0.0380662 0.087362 0.123715 0.173011 0.305482 0.466502 1 0.713932 
0.608588 1 0.111478 0.0474814 0.0904211 0.130884 0.0417011 0.0491329 0.442609 0.486788 1 0.403743 0.184795 0.0888889 0.0264327 0.000935672 0 0 0 0 0 0 0 0 0.00015328 0 0.00597793 0.027897 0.0830779 1 
1 0.000357654 0 0 0 0 0 0.252504 0.563662 0.498212 0.00147601 0.0317343 0.275277 0.819188 0.834686 1 0.859041 0.507749 0.259041 0.0900369 0.0203943 0.397009 0.910265 1 0.825289 0.709041 0.333787 0.146159 0.0462271 0.0115568 
1 0.00344607 0.000133568 0 5.34274e-005 8.0141e-005 0.000133568 0.000133568 0.00106855 0.0201154 0.00972447 0.0913338 0.308418 0.738679 1 0.656211 0.317571 0.201354 0.135952 0.0792259 0.04 0.159621 0.160379 0.341703 0.472555 0.782461 0.858675 1 0.875836 0.151167 
1 0.216122 0.00532777 0.000463285 0.000926569 0.00138985 0.00463285 0.00254807 0.00115821 0.0125087 0.0439625 0.0521688 0.0521688 0.0720985 0.209261 0.450176 0.747362 1 0.423212 0.0908558 0.0716878 0.0739564 0.0426497 0.0467332 0.110254 0.365699 1 0.601633 0.119328 0.00680581 