1 0.996516 0 0 0 0 0 0 0 0 0.029106 1 0.54955 0.00485101 0.001386 0.002079 0.000693001 0 0 0.000693001 0 0.000654022 0.000654022 0.00196207 0.00261609 0.00850229 0.0313931 0.0954872 0.35775 1 
1 0.20406 0.414225 0.000503541 0 0 0.000944138 0 0 0.00915814 1 0.377633 0.0470707 0.0127226 0.00544852 0.0037915 0.00213447 0.000814469 0.00087064 0.00087064 0.357514 1 0.667061 0.476707 0.393127 0.333268 0.146462 0.0233918 0.00282542 0.000525659 
0.0346438 1 0.063898 0.0023056 0.00248525 0.00428182 0.00347337 0.0018864 0.00371291 0.00239542 0.865319 1 0.25963 0.0249323 0.00213048 0 0 0 0 0 0 0 0 0 0.000617239 0.0113282 0.0299179 0.0896086 0.22551 1 
1 0.493188 0.0300471 0.0120707 0.0661037 0.00445527 0.00657929 0.00113972 0.00165777 0.001865 1 0.122582 0.192586 0.786073 0.197903 0.00590755 0 0 0 0 0 0 0 0 0 0.00145781 0.0349268 0.231853 0.627832 1 
0.253365 0.02692 0.04038 0.0308789 0.121932 1 0.00475059 0.000791766 0.00633413 0.0118765 1 0.563481 0.807418 0.32525 0.00142653 0 0 0 0 0 0 0 0 0 0 0 0.0049054 0.100911 0.219341 1 
0.886531 1 0.127388 0.0191668 0.00400939 0.00127127 0.00651933 0.00221657 0.000814916 0.0117022 0.405564 1 0.827062 0.481185 0.207349 0.103493 0.0580267 0.0325946 0.0248612 0.0258473 0.503532 0.867697 1 0.830329 0.493827 0.272727 0.124579 0.0530138 0.0196078 0.00613983 
0.397898 8.32955e-005 0 0 0 0 0.000787142 0.0334431 0.196661 1 0.331772 1 0.0717494 0.00870922 0.00814314 0.0308575 0.0474667 0.0871173 0.0427158 0.0113174 0.0044976 0.0146227 0.0518654 0.0822554 0.124495 0.494141 1 0.890245 0.198129 0.00931069 
0.0154522 0.00425291 0.000921463 0.00081514 0.00272895 0.00219733 0.00609583 0.034484 0.0675149 1 1 0.000281241 0 0 0 0 0 0 0 0 0 0 0 0 0 9.5036e-005 0.000221751 0.000887002 0.0128299 1 
0.193589 1 0.456488 0.458451 0.123252 0.0933589 0.0864211 0.0241595 0.0106632 0.0140094 0.634766 0.832537 1 0.820949 0.621904 0.551671 0.503725 0.422668 0.424451 0.27227 1 0.451205 0.280887 0.237758 0.256919 0.319278 0.33988 0.349289 0.342765 0.209258 
1 0.00388185 0 0 0 0 0.000845552 0.00390107 0.0105694 0.0916848 0.0314344 0.154275 0.417766 0.668598 0.878661 0.978543 1 0.783929 0.650467 0.444909 0.00037135 0.00232094 0.0103978 0.0403843 0.137539 0.465813 1 0.833821 0.159727 0.0329573 
0.68485 1 0.600998 0.127494 0.0988155 0.154925 0.162406 0.21197 0.142456 0.168953 1 0.707707 0.232143 0.0484962 0.0167293 0.00827068 0.00488722 0.00281955 0.00056391 0.00018797 0.0643863 0.231388 0.306338 0.630785 0.638833 0.601107 0.620221 0.608149 0.709256 1 
1 0.984334 0 0 0 0 0 0 0 0 0 0 0 0.008948 0.0529625 0.170979 0.283434 0.457316 1 0.926965 0 0 0 0 0 0 0.0346499 0.293455 0.405818 1 
0.0178337 0.00694575 0.0103248 0.00994931 0.0512484 0.91177 1 0.0428008 0.00450535 0.0178337 0.679214 0.0614448 0.103515 0.440077 1 0.771658 0.000830335 0 0 0 0 0 0 0 0.000401875 0.00562626 0.0317482 0.0910918 0.350569 1 
1 0.419904 0 0 0 0 0 0 0 0 0 0.000488043 0.00561249 0.0244021 0.108102 0.490727 1 0.454856 0.0544168 0.00854075 0 0.00343119 0.00457491 0.00838734 0.0240183 0.194815 0.639726 0.833016 1 0.664506 
0.137947 1 0.431939 0.089308 0.066038 0.0216578 0.0442586 0.0140228 0.00209886 0.0103726 0.556799 1 0.676223 0.356366 0.186975 0.11267 0.0569278 0.0270201 0.0212963 0.0181509 0.560824 1 0.825962 0.424362 0.21702 0.0975346 0.0379001 0.0332504 0.0255731 0.00827206 
0.0792689 1 0.0418336 0.00224807 0.00263904 0.0043984 0 0 0 0 0.105014 1 0.301447 0.0309304 0.00411574 0.000748316 0 0.000124719 0 0 0 0.00206448 0.0082579 0.0177862 0.0476417 0.0870256 0.149754 0.209147 0.314912 1 
1 0.0177852 0 0 0 0 0 0 0 0.00033557 0.207317 1 0.849594 0.365041 0.0447154 0 0 0 0 0 0 0 0 0 0 0 0.0105581 0.0990447 0.415787 1 
1 0.901984 0 0 0 0 0 0 0 0.00419794 0 0 9.65531e-005 0.00173796 0.0116829 0.0420971 0.108526 0.460558 1 0.916578 0 0.000312598 0.0177139 0.0626237 0.0671043 0.127644 0.261853 0.620298 1 0.965197 
1 0.972015 0.00248577 0.000481116 0.000320744 0.000160372 0 0 0 0.000320744 0.0158606 0.11964 0.305855 0.606618 0.908361 1 0.837478 0.532602 0.270413 0.102996 0.0227748 0.111366 0.400961 0.763268 0.94672 1 0.681362 0.427915 0.328876 0.465107 
0.177363 1 0.000983008 0.000702149 0.000631934 0.00168516 0.00301924 0.00259795 0.0014043 0.00175537 0.0141728 0.0866721 0.173344 0.321341 0.50804 0.542382 0.685745 1 0.925593 0.249114 0.060354 0.0155752 0.00530973 0.00584071 0.0784071 0.244956 0.446903 0.580177 0.562478 1 
1 0.0380934 0 0 0 0 0 0 0 0 0 0.000154488 0.00339873 0.0165302 0.0875946 0.277306 0.597096 1 0.852619 0.300788 0 0.00756494 0.0752212 0.172138 0.299172 0.780759 1 0.438481 0.210677 0.0655153 
0.036125 1 0.217995 0.105883 0.1743 0.736489 0 0 0 0 0 0.0549844 0.312472 0.424229 0.55409 0.659142 0.573759 0.586723 0.942557 1 0.00522876 0.0459695 0.357516 0.804793 0.92244 1 0.872113 0.640523 0.444662 0.0697168 
1 0.403844 0.00274537 0.00233356 0.00164722 0.00192176 0.00137268 0.000274537 0 0.0141386 0.0166569 0.021917 0.113092 0.285506 0.427528 0.655172 1 0.501169 0.0172414 0.00116891 0 0.000229727 0.00735125 0.0493912 0.017689 0.0264186 0.0686883 0.271996 1 0.948541 
1 0.226876 0 0 0 0 0 0 0 0.00509379 0 0 0 0.000322581 0.0119355 0.265806 1 0.610645 0.389677 0.109032 0 0.000237671 0.0197267 0.0471777 0.0634581 0.106595 0.157219 0.362805 1 0.0534759 
1 0 0 0 0 0 0 0 0 0 1 0 0 0 0 0 0 0 0 0 0.00272814 0.0534716 0.0792525 0.264766 0.489019 0.709453 1 0.937935 0.898786 0.326695 
0.133299 1 0 0 0 0 0 0 0 0 0.000262261 0.00340939 0.062418 0.163651 0.377393 0.648571 0.897718 1 0.842381 0.415945 0 0.00152001 0.0412093 0.261105 0.486404 1 0.774531 0.26178 0.0716095 0.077014 
0.135811 1 0.557424 0.0657282 0.0374721 0.0648167 0.0331173 0.0178246 0.0220782 0.0229897 1 0.665131 0.319952 0.0961939 0.023692 0.00811671 0.0029615 0.00230339 0.000767796 0.000109685 0.00147629 0.0370917 0.139325 0.307806 0.370364 0.39546 0.372947 0.402657 0.539214 1 
0.430056 0 0 0 0 0 0.0133893 0.0753397 0.330136 1 0.0502901 0.303675 0.874275 1 0.800774 0.672469 0.529981 0.507415 0.479046 0.197937 1 0.9983 0.389912 0.173137 0.0544063 0.00368376 0.00226693 0 0 0 
0.735624 1 0.15764 0.0214811 0.027332 0.0257439 0.0183049 0.0073554 0.011451 0.0343531 1 0.413839 0.0887021 0.0146164 0.00533216 0.00288564 0.00207013 0.00125463 0.0010037 0.000188194 0.00347268 0.0169047 0.0088455 0.00438999 0.0047176 0.0140873 0.0443585 0.128227 0.373608 1 
0.447755 0.150168 0.00170395 0.000109932 0.000659594 0.000274831 0.00533172 0.0132469 0.0612323 1 1 0.457141 0.0507316 0.0168599 0.00972103 0.00744266 0.00415169 0.00101261 0.000405043 0.000202521 0.000124969 0.0169958 0.0882279 0.180955 0.236316 0.343914 0.590727 1 0.736316 0.627093 
0.0853089 1 0.00118957 0 0 0 0.000934659 0.00314385 0.00484323 0.00637267 0.248097 0.302732 0.458128 0.823556 1 0.872817 0.839678 0.677116 0.487685 0.0810569 0 0 0 0.00245098 0.119179 0.454351 0.693934 0.802696 0.900123 1 
1 0.522662 0.000333756 6.67512e-005 0.000133502 0 6.67512e-005 0.000200254 0.000200254 0.00267005 0.0510466 0.160485 0.294895 0.626882 0.997797 1 0.565369 0.235586 0.122292 0.0583915 0.00152672 0.020229 0.0603053 0.175191 0.403244 0.848855 1 0.75458 0.533969 0.56584 
0.228652 1 0.993119 0.544107 0.60374 0.30928 0.118913 0.0266408 0.00388144 0.0215243 1 0.0340381 0.000426662 0 0 0 0 0 0 0 0 0.000499376 0.00237204 0.0051186 0.0186017 0.0759051 0.216479 0.4397 1 0.965543 
1 0.0135477 0 0 0 0 0 0 0 0.000541908 0 0.102448 1 0.501964 0.0643699 0.0160169 0.00574192 0.00271985 0.00181324 0 0 0.00319081 0.00765795 0.0268028 0.0816847 0.272495 0.673261 0.949585 1 0.567964 
0.125666 1 0.0034279 0.000364671 0.000364671 7.29341e-005 0.00437605 0.0029903 0.00145868 0.00218802 0.0155893 0.0444814 0.105176 0.177302 0.250883 0.392226 0.762835 1 0.379131 0.0881314 0.00270465 0.0129823 0.0108186 0.0218175 0.0611251 0.127479 0.284169 0.503065 0.79643 1 
0.128614 0.126588 0.166084 0.307954 1 0.370558 0.130639 0.0667465 0.216627 0.354999 1 0.74442 0.268378 0.134532 0.0835682 0.0572103 0.0287956 0.0162261 0.0135598 0.00738935 0.238795 0.915856 1 0.748626 0.2963 0.0714588 0.0169133 0.00391121 0.0012685 0.000845666 
1 0.259588 0.054523 0.0221236 0.0242574 0.00555899 0.00578359 0.0135325 0.012241 0.0881577 0.709414 1 0.791948 0.352516 0.138544 0.0680876 0.0313795 0.0136175 0.010302 0.00367081 0.277871 1 0.638038 0.375239 0.210646 0.175478 0.196531 0.176675 0.100957 0.0136364 
0.0803837 1 0.0349983 0.00258022 0.00218326 0.0066821 0.030301 0.0166722 0.00800529 0.0106517 0.16934 1 0.937049 0.241112 0.0450414 0.0096231 0.00267308 0.00120289 0.00106923 0.000133654 0.00737913 0.148855 0.344784 0.477099 0.675064 1 0.945293 0.724682 0.24173 0.021374 
0.0690351 1 0.0928543 0.0199839 0.043803 0.0448123 0.021195 0.00545014 0.001413 0.00605571 1 0.717405 0.274797 0.0224579 0 0 0.000935745 0 0 0 0 0.000178603 0.00053581 0.00053581 0.000178603 0.000357207 0.00053581 0.0110734 0.140918 1 
1 0.164126 0.0219152 0.00190567 0.0028585 0.000238209 0.070748 0.0357313 0.022868 0.107909 0.315235 1 0.60859 0.202998 0.0976499 0.0696921 0.041329 0.0235008 0.0153971 0.00810373 0.533377 0.654329 0.969597 1 0.588235 0.180436 0.0290813 0.00727032 0.000660939 0 
0.144174 0.202338 0.243205 0.12241 0.110055 0.208135 1 0.0238548 0.00095039 0.0124501 1 0.304665 0.0518211 0.0182109 0.00945687 0.00549521 0.000383387 0 6.38978e-005 0 0.00111579 0.809695 0.142946 0.00942227 0.00173568 0.0524423 0.659683 1 0.0182246 0.00185966 
0.0588442 1 0 0 0 0 0 0 0 0 0.0273415 0.0866783 0.165212 0.305992 0.507853 0.693426 1 0.900524 0.748691 0.470041 0 0.000505561 0.0212336 0.194135 0.592012 1 0.996461 0.781598 0.504044 0.476744 
1 0 0 0 0 0 0 0 0 0 1 0 0 0 0 0 0 0 0 0 1 0.152159 0.0720285 0.0450457 0.0266855 0.0153869 0.00743329 0.00408831 0.00490597 0.00661562 
1 0.443383 0.00373987 0.00275296 0.0024413 0.0038957 0.00238936 0.00181799 0.00249325 0.00644089 0.128173 0.0652174 0.0895954 0.17806 0.75044 1 0.850339 0.389168 0.0708721 0.0157075 0.00824005 0.0475746 0.103234 0.131996 0.306748 0.84204 1 0.688277 0.627643 0.642257 
1 0.757165 0 0 0 0 0 0 0 0.0066725 0.000981354 0.0439156 0.143278 0.335132 0.414868 0.471786 0.670265 1 0.774779 0.0706575 0.00063358 0.00337909 0.0061246 0.0234424 0.128405 0.466948 1 0.704118 0.542978 0.529461 
0.108793 1 0.107927 0.0219923 0.0225118 0.0195679 0.0166241 0.00761938 0.00878826 0.00844192 1 0.310321 0.10995 0.0494581 0.0161605 0.00405234 0.00087882 0.00014647 0.000195293 0 0 0 0 0.000410678 0.000944559 0.00308008 0.00841889 0.0347023 0.206776 1 
1 0.270623 0.0283775 0.0113604 0.0191383 0.023805 0.0321014 0.0194211 0.0118318 0.0481757 0.546245 0.81881 1 0.988634 0.923111 0.970359 0.759973 0.458658 0.224649 0.088255 0.323553 0.992027 1 0.922819 0.596077 0.404561 0.281933 0.176208 0.114495 0.143677 
1 0.290796 0.000141713 0 0 0 0 0 0 0.00680224 0.0237732 0.123664 0.201309 0.333043 0.638604 0.944384 1 0.555289 0.140894 0.0248637 0 0 0.00217024 0.043646 0.196528 0.569327 0.897275 1 0.925247 0.782252 
1 0.0466794 0 0 0 0 0 0 0.000565811 0.00282905 0.00122941 0.0172117 0.076715 0.301697 0.703713 1 0.873125 0.453651 0.147529 0.0489304 0 0 0.000958773 0.0191755 0.104027 0.354746 0.915628 1 0.627517 0.536673 
0.0769078 0.0356789 0.0842418 0.183548 0.593657 1 0.180773 0.0249752 0.0142716 0.0196234 0.490994 0.840894 1 0.669446 0.336891 0.184456 0.0933956 0.0386925 0.0280187 0.012008 0.0227967 0.439248 1 0.46275 0.309283 0.169448 0.115159 0.0954172 0.0105758 0 
1 0.0852166 0.00329106 0.000351047 0.000745974 0 8.77616e-005 0.000175523 0.000307166 0.0528764 0.197301 0.775818 1 0.581067 0.166171 0.0350616 0.00828729 0.00223119 0.000743731 0.000212495 0.00159353 0.102966 0.7709 1 0.555896 0.297254 0.147217 0.0854376 0.0778377 0.153959 
0.870929 0.759952 0.0550864 0.0502614 0.104343 0.289304 0.730599 1 0.841978 0.75191 1 0.495398 0.135323 0.0585528 0.0273587 0.0135515 0.0034518 0.000511378 6.39223e-005 0 0 0.00306715 0.285354 1 0.979406 0.487348 0.109541 0.0434878 0.0197174 0.0439259 
0.0284888 0.0693118 0.0758609 0.0282705 0.0293074 0.110953 1 0.0173007 0.00835016 0.00796813 0.186436 0.939628 1 0.0654255 0.0301418 0.0087766 0.00381206 0.000620567 0 0 0 0.00186536 0.0449381 0.253688 0.407326 0.607427 0.716127 0.881804 1 0.361709 
0.0128056 1 0.151804 0.00256112 0.00535506 0.00302678 0.0302678 0.00535506 0.00139697 0.00279395 0.229841 0.414603 0.813968 1 0.55873 0.185397 0.0692063 0.0228571 0.0146032 0.00190476 0.00322754 0.465842 1 0.866057 0.407208 0.0537924 0.00537924 0.00322754 0.00215169 0.00107585 
0 0 0 0 0 0.00236967 0.035545 0.2891 0.902844 1 0.0344333 1 0.315638 0 0 0 0 0 0 0 0 0 0.00472813 0.0212766 0.156028 0.910165 1 0.120567 0.00945626 0.00236407 
1 0.948855 0 0 0 0 0 0 0 0 0 0 0.00479574 0.022913 0.123801 0.379751 0.859147 1 0.497513 0.028952 0 0 0 0.0101499 0.0585928 0.241292 0.818224 0.869896 1 0.790311 
1 0.133462 0.000963623 0 0 0 0 0.00337268 0.0941942 0.34835 0.0262942 0.509449 0.98521 1 0.818406 0.868529 0.618735 0.253903 0.11668 0.0657354 0.142558 1 0.570931 0.315092 0.147438 0.0815615 0.0250959 0.00383409 0 0 
0.0587685 1 0.010731 0.000792222 0.000720202 0.000720202 0.00194454 0.000288081 0.00417717 0.00230465 1 0.616954 0.428057 0.152438 0.0490623 0.00390098 0.000450113 0 0 0 0 0 0 0 0 0 0.000340252 0.00279006 0.0177611 1 
1 0.168203 0 0 0 0 0 0 0 0.000347887 0.00345781 0.02213 0.0874827 0.149032 0.272822 0.494813 0.687759 0.862379 1 0.839212 0 0 0 0.00344116 0.0513879 0.194769 0.396651 0.813719 1 0.62239 
1 0.0014836 0.000102317 0 0 0 0 0 0.000255794 0.0292116 0.0175892 0.0155199 0.065701 0.196068 0.369115 0.492499 0.749612 0.942059 1 0.733833 0.016189 0.152264 0.520674 0.938307 1 0.83089 0.545832 0.255086 0.0960403 0.0538175 
0 0.000375129 0.00121917 0.000375129 0.00375129 1 0.523492 0 0 0 0.0158977 0.235874 1 0.708657 0.495075 0.296872 0.0603076 0.00449283 0.000518403 0 0 0.000544662 0.00991285 0.0356209 0.103268 0.60915 1 0.014597 0.00163399 0.00152505 
1 0 0 0 0 0 0 0 0 0.000566091 0 0 0 0.00206356 0.0169212 0.307057 1 0.13248 0.000412712 0 0 0 0 0 0 0 0.0154827 0.202186 1 0.392076 
0.0690642 0.806807 1 0.356458 0.0288701 6.222e-005 0.00012444 0 0 0.00018666 0.758927 1 0.204525 0.104363 0.049991 0.0247254 0.0117626 0.00582128 0.00396087 0.00366081 0.0419405 0.154782 0.27671 0.301939 0.540926 1 0.383224 0.0906952 0.0488359 0.109597 
0.00267168 0.0575895 0.803483 0.853552 0.657728 1 0.00227588 0.000791609 0.000593707 0.00108846 0.021357 0.345573 1 0.932397 0.344751 0.0991457 0.0382783 0.0142106 0.00566782 0.00131428 0.555224 1 0.362653 0.265406 0.0458375 0.0196352 0.00782753 0.00437811 0.00364842 0.00112769 
1 0.265083 0.00653207 0.00190024 0.00023753 0.002019 0.002019 0.00190024 0.00356295 0.0362233 0.0992218 0.133407 0.209005 0.552807 1 0.727904 0.216509 0.0753196 0.0366871 0.0147304 0.000447227 0.0384615 0.122093 0.216011 0.386852 0.672182 0.939177 0.865385 0.728086 1 
0.884555 1 0.423325 0.830843 0.927021 0.110019 0.073844 0.0417584 0.0113243 0.167112 1 0.365522 0.166367 0.148759 0.127135 0.0904737 0.0503962 0.0251453 0.0155661 0.00352175 0.30237 0.682713 1 0.788323 0.670449 0.631189 0.50032 0.447515 0.150545 0.0281871 
0.0652119 1 0.102709 0.00890394 0.003386 0.00188111 0.00288437 0.00188111 0.00313519 0.00464008 0.554434 0.548306 1 0.833093 0.38212 0.075703 0.0194665 0.00720981 0.00648882 0.00396539 0.000747012 0.00224104 0.0112052 0.0229084 0.0961155 0.431275 1 0.460906 0.0488048 0.297809 
0.0379603 1 0.0959469 0.0390961 0.0344931 0.051889 0.0065758 0.00077714 0.00011956 0.0002989 0.823156 1 0.0168505 0.000781725 8.68583e-005 8.68583e-005 8.68583e-005 0 0 0 0.000260552 0.000651381 0.00169359 0.00664409 0.0436425 0.137702 0.278009 0.600052 1 0.692809 
1 0.168242 0.000371629 0.00100871 5.30898e-005 0.000371629 0.00345084 0.0120514 0.0331281 0.261308 0.0170555 0.0650308 0.139635 0.354423 0.519696 1 0.794784 0.12511 0.0165053 0.00572183 0.0280252 0.00972302 0.00302312 0.00359506 0.00531089 0.0191192 0.0736988 0.28115 0.854073 1 
0.75487 1 0 0 0 0 0 0 0 0 0 0 0.0139665 0.315642 0.801676 1 0.636872 0.192737 0.0446927 0.0111732 0 0 0 0 0.00236407 0.0425532 0.210402 0.565012 0.735225 1 
0.503127 0.00234497 0.000911933 0.000390829 0 0 0.00690464 0.0964044 0.254299 1 0.0306152 0.276715 0.299676 0.267589 0.561378 0.995584 1 0.548131 0.163674 0.0453341 0.184059 1 0.493452 0.201098 0.105901 0.0247852 0.00366146 0.00126743 0.000844951 0.00028165 
0.334166 0.00512484 0 0 0 0.00197109 0.073456 0.85887 1 0.893561 0.164157 1 0.805077 0.743976 0.714286 0.686102 0.457831 0.232358 0.164372 0.0595955 0.322354 1 0.524483 0.440451 0.379837 0.20789 0.0891672 0.0275517 0.0160301 0.010645 
1 0.202968 0.0223993 0.0035729 0.0311942 0.148825 0.355778 0.128212 0.0364161 0.122441 0.689617 0.988708 1 0.616635 0.375103 0.210686 0.0963922 0.0435142 0.0322225 0.0121179 0.485654 1 0.921785 0.483528 0.174495 0.0805526 0.0208289 0.00361318 0.0021254 0.000850159 
1 0.418573 0 0 0 0 0 0 0 0.0182119 0 0 0.000465224 0.00465224 0.03117 0.128635 0.35706 1 0.612468 0.0702489 0 0 0.00017325 0.002079 0.019404 0.0906098 0.154886 0.172211 0.214484 1 
0.0990333 0.227943 0.240366 0.146319 0.259919 1 0.048773 0.0151787 0.0147413 0.0380561 0.581325 0.807532 1 0.762029 0.354546 0.193857 0.095172 0.0429703 0.0201781 0.00906789 0.0884901 0.519625 1 0.867397 0.653731 0.361475 0.184318 0.14489 0.126149 0.278377 
0.297338 0.226663 0.176459 0.0841485 0.126644 0.801257 1 0.110514 0.0503336 0.238259 0.703144 1 0.672203 0.151261 0.0440507 0.02983 0.0187201 0.00916565 0.00688812 0.00466615 0.75033 0.940951 0.804491 0.882034 1 0.921136 0.56354 0.289168 0.133289 0.0603699 
1 0.414128 0.000863216 0.000143869 0 0 0 0 0 0 0 0.00249509 0.100711 0.552321 0.810147 1 0.485181 0.0238167 0.000151217 0 0 0 0 0.00214058 0.00598488 0.010266 0.0427242 0.164825 0.492857 1 
1 0.0150248 0 0 0.000115798 0 0 5.78989e-005 0 0.00364763 0.0165374 0.122091 0.248469 0.39363 0.674969 1 0.515619 0.251837 0.14904 0.074316 0.0832906 0.47104 0.70387 0.838929 1 0.800871 0.371092 0.126858 0.0674013 0.0463865 
1 0.745599 0 0 0 0 0 0 0 0 0 0.000963391 0.083815 1 0.742775 0.0684008 0.00963391 0.00481696 0 0 0 0 0 0 0.00930851 0.0598404 0.279255 0.517287 0.771277 1 
0.434365 0.291598 0.0493999 0.0102337 0.0207202 0.102969 0.0583702 0.105622 0.176627 1 1 0.878646 0.407707 0.147328 0.128167 0.226528 0.365127 0.584628 0.0513093 0.00191612 0 0 0 0 7.47943e-005 0.00149589 0.01092 0.0694091 0.250037 1 
1 0.0188806 0.00404585 0 0.00337154 0.00202293 0.00134862 0.00269724 0.0182063 0.0971005 0.524452 0.607083 1 0.667791 0.06914 0.00168634 0 0 0 0 0 0 0.00128041 0.0102433 0.0153649 0.0960307 0.4379 1 0.335467 0.282971 
1 0.65439 0.00954817 0.00238704 0.00221654 0.00323956 0.0289855 0.0139812 0.0168798 0.0511509 0.100626 0.440042 0.87122 1 0.866528 0.676225 0.435349 0.261731 0.214286 0.123045 0.631852 0.997778 1 0.863704 0.681481 0.71037 0.735556 0.717778 0.682963 0.723704 
1 0.0265553 0 0 0 0 0 0 0 0.00248956 0 0 0.000126662 0.000949968 0.00221659 0.0202027 0.165231 0.933946 1 0.184737 0.000177862 0.00800379 0.0183198 0.0183791 0.0310073 0.0697812 0.177921 0.311911 0.570048 1 
1 0 0 0 0 0 0 0 0 0 1 0 0 0 0 0 0 0 0 0 0 0 0.00247175 1 0.414972 0.0916667 0.00275424 0 0 0 
0 0 0 0.000319727 0.00373015 1 0.0179047 0 0 0 0.0148995 0.155793 0.221177 0.632866 1 0.630262 0.108925 0.00752206 0.0013019 0.000433965 0.00355319 0.0306462 0.263602 0.404619 0.785698 0.732623 1 0.747946 0.286476 0.00377526 
0.0833333 1 0.262097 0.0793011 0.00134409 0.00403226 0 0 0 0 1 0.160535 0.0156076 0.0100334 0 0 0 0 0 0 0 0 0 0 0 0.00944882 0.113386 0.423622 1 0.129134 
1 0.112041 0 0 0 0 0 0 0 0 0 0.000122745 0.00233215 0.00392783 0.0117835 0.0668958 0.29115 0.775255 1 0.564993 0 0 0.00324575 0.0279753 0.0910356 0.252396 0.568006 1 0.910819 0.966306 
0.727665 0.175353 0.0448668 0.0352665 0.020768 0.0240987 0.0693574 0.0503527 0.0476097 1 0.973284 0.314016 0.182491 0.12947 0.120427 0.143033 0.150432 0.196465 0.423757 1 1 0.353336 0.223265 0.197117 0.197787 0.350654 0.581629 0.446195 0.198793 0.207509 
0.793955 0.876398 0.145595 0.0581152 0.404227 1 0.552156 0.0411598 0.020027 0.0968178 1 0.0800521 0.0101436 0.00438642 0.0104177 0.00558583 0.00061684 0.000205613 0.000239882 3.42689e-005 0.0172172 0.0142839 0.0232113 0.069634 0.128555 0.552098 0.914934 0.71547 0.70463 1 
0.272159 0.137023 1 0.151894 0.0421338 0.0132185 0.0296235 0.0101499 0.01074 0.02148 0.441296 0.160007 0.119521 0.264038 1 0.283577 0.226721 0.0198909 0.00228833 0.000176025 0.0359066 0.168043 0.21939 0.193357 0.15386 0.294075 1 0.391741 0.0788151 0.0332136 