1 0.00146629 0 0 0 0 0 0 8.14608e-005 0.0289123 0.000268848 0.00119061 0.00324538 0.00551139 0.0162653 0.0790222 0.485444 0.631889 0.635173 1 0.00216411 0.00926603 0.0533102 0.167368 0.327512 0.712082 0.949311 0.90798 0.883413 1 
1 0.0540122 9.26025e-005 3.56163e-005 1.78082e-005 6.05478e-005 0 0 3.56163e-006 0.00253588 0.00387256 0.0038089 0.0238613 1 0.30102 0.114002 0.290527 0.641051 0.516291 0.194646 0 0.000113623 0.00208654 0.0335912 0.181405 0.44465 0.530549 1 0.847899 0.0245013 
0.538641 1 0.0665548 0.00963293 0.00890316 0.0139386 0.0229147 0.0127709 0.009414 0.0421805 0.138399 0.363617 0.517088 0.568245 0.609425 0.711526 1 0.938866 0.153258 0.0118871 0 0.103379 0.32331 0.366266 0.403637 0.332617 0.263459 0.237257 0.354525 1 
0.0122375 0.0373567 0.0185495 0.0128816 0.0323329 1 0.126884 0.012624 0.00760015 0.0128816 0.607416 1 0.000162628 0 0 0 0 0 0 0 0 0 0 0.000378215 0.00277358 0.0143722 0.0376954 0.186964 1 0.00403429 
1 0.0858162 0.0612815 0.00312661 0.00183918 0.00974766 0.0397631 0.0114397 0.0125064 0.368462 0.514647 0.0707628 0.137055 0.19241 0.228077 0.267168 0.305497 0.357143 0.477934 1 0.815045 0.196156 0.262752 0.37763 0.507643 0.734524 1 0.95641 0.76086 0.947783 
1 0.0412505 0.557035 0.0548465 0.000709089 6.16599e-005 0 3.08299e-005 6.16599e-005 0.00832408 9.69039e-005 0.00193808 0.0135665 0.0556228 0.124715 0.191385 0.230389 0.203692 0.240079 1 0.000684307 0.0457915 0.1737 0.342153 0.47354 1 0.909101 0.11924 0.00946624 0.00108349 
1 0.192414 0.164658 0.00928895 0.00364923 0.00121641 0 0 0 0 0.034164 0.0464228 0.0922428 0.137661 0.197548 0.375 0.638063 0.826969 1 0.970257 0.00296384 0.0791346 0.383373 0.699615 1 0.809573 0.547421 0.13767 0.0131891 0.00222288 
1 0.0185899 0 0 0 0 0 0 0 0.00486689 0.00090467 0.00237476 0.0223906 0.216895 0.552754 0.931358 1 0.867466 0.530363 0.173018 0 0.21736 0.621452 0.830653 1 0.876301 0.682237 0.280629 0.041509 0.000827815 
0.168539 1 0 0 0 0 0 0 0 0 0 0 0.00628212 0.328384 1 0.523701 0.130782 0.0188464 0.00685323 0.00228441 0 0 0 0.000717875 0.00323044 0.00538406 0.0132807 0.0506102 0.19598 1 
0.974876 0.789322 0.599058 0.479717 0.497252 0.549333 1 0.886155 0.444125 0.299136 1 0.780459 0.827528 0.330331 0.153781 0.116058 0.124724 0.159388 0.219711 0.260493 0.00850365 0.307623 0.597195 0.449649 0.3303 0.30464 0.261823 0.215724 0.240639 1 
1 0.000528402 0 0 0 0 0 0 0 0.895112 0 0 0 0.0111753 0.0674374 0.411946 1 0.916763 0.308285 0.0439306 0 0.00584174 0.0382369 0.259161 0.681891 1 0.830058 0.646309 0.300053 0.0488582 
1 0.139238 0.0136548 0.00292846 0.00343923 0.0027582 0.031532 0.0108966 0.00320087 0.00490346 0.376048 0.200443 0.25882 0.27021 0.348679 0.487581 0.665401 0.875653 1 0.729631 0.381941 0.189633 0.134743 0.324503 0.380413 0.67677 1 0.772542 0.471472 0.203006 
1 0.00970471 0.00165892 0.00116125 8.29463e-005 8.29463e-005 0.0126908 0.0112807 0.0209854 0.150216 0.188266 0.241681 0.18958 0.181261 0.227233 0.380473 0.603765 0.816988 1 0.978109 0.22899 0.597262 0.580264 0.600567 0.636922 0.825779 0.874882 0.827195 0.703494 1 
1 0.0117515 0.00094552 9.00495e-005 9.00495e-005 0.000540297 0.00652859 0.0366952 0.105178 0.604683 0.0215734 0.0683467 0.153896 0.313744 0.672215 1 0.781756 0.330389 0.151479 0.0648131 0.0581124 0.330128 0.442781 0.716032 0.877044 1 0.913175 0.634016 0.315153 0.103586 
1 0.376557 0.0648356 0.0388017 0.00373692 0.00759841 0.0122696 0.00822123 0.00772297 0.0596662 0.0674595 0.116397 0.155976 0.25892 0.318191 0.39033 0.689218 1 0.957692 0.663287 0.165709 0.387364 0.76622 0.928951 1 0.828122 0.651564 0.476069 0.167624 0.0227611 
1 0.38604 0.00377102 3.77102e-005 0 0 0 0 0 3.77102e-005 0.000665484 0.0228483 0.148514 0.500555 0.741792 0.420586 0.598492 1 0.524734 0.0883984 0.00619195 0.195328 1 0.183038 0.106108 0.20743 0.553898 0.728399 0.386622 0.0908153 
0.308152 1 0.0378875 0 0 0 0 0 0 0.000459242 0 0.0059676 0.084399 0.265132 0.656437 1 0.999147 0.666667 0.624893 0.382779 0.0421369 0.534989 0.422874 0.188111 0.185102 0.297968 0.448457 0.588412 0.704289 1 
0.00851995 1 0.541642 0.180404 0.138195 0.169266 0.0613984 0.00156329 0.000390823 0.00128972 1 0.675789 0.397191 0.282267 0.150497 0.0632783 0.018969 0.00530939 0.00178589 0.000772275 0.00609963 0.0401559 0.0781091 0.103609 0.274314 0.557353 0.794815 1 0.960352 0.743053 
0.222998 1 0 0 0 0 0 0 0 0.00191303 0 0 0.00115507 0.0228126 0.137742 0.503898 1 0.955097 0.538117 0.165463 0.000411015 0.00452117 0.0106864 0.0320592 0.0717907 0.172763 0.422798 0.722154 1 0.808604 
1 0.0946791 0.00185811 8.44595e-005 0 0 0.000675676 0.00236486 0.00945946 0.0521115 0.0755977 0.177567 0.210619 0.304149 0.555556 0.544304 0.879395 1 0.682138 0.240858 0.0915141 0.345757 0.264559 0.348752 0.464226 0.494509 0.846922 1 0.671547 0.0475874 
1 0.284702 0.00232755 0.000423191 0.000634786 0.00116377 0.0128015 0.0278248 0.0379814 0.0326915 0.394603 0.388228 1 0.534424 0.338717 0.149384 0.00637484 0.000212495 0 0.000849979 0.00522843 0.00286319 0.0027387 0.00522843 0.00709573 0.0154363 0.068841 0.188846 0.351674 1 
0.766797 1 0.0137661 0.00747561 0.0233385 0.0712007 0.241134 0.0792233 0.0670982 0.727505 1 0.41619 0.604088 0.778577 0.626656 0.412756 0.308749 0.235159 0.277024 0.161897 0.79679 0.317576 0.0748114 0.0256972 0.0128048 0.0160498 0.0463954 0.175408 0.418172 1 
1 0.000899281 0 0 0 0 0 0 0 0.0757644 0 0.00428878 0.0207291 0.169407 0.582559 0.832738 1 0.654753 0.12366 0.0243031 0 0.00073046 0.0379839 0.0803506 0.214025 0.520818 1 0.785975 0.520818 0.337473 
1 0.218117 0.00017762 0 0 0 0 0 0 0.0017762 0 0.0305508 0.0873494 0.179002 0.436747 1 0.972031 0.212565 0.0318417 0.00344234 0 0 0.0900196 0.457926 0.823875 0.750163 0.558382 0.358774 0.441618 1 
1 0.025177 0.000599453 0.000524521 0.00224795 0.0119891 0.649957 0.0408003 0.0389644 0.102806 0.0335577 0.1348 0.189781 0.860461 0.644611 0.183525 0.330647 0.803962 1 0.424306 1 0.91171 0.259889 0.183221 0.160856 0.329817 0.527102 0.593906 0.599668 0.316535 
0.241388 1 0.035851 0.0034716 0.000801139 0.00191383 0.000756632 0.000956916 0.00209186 0.0057415 0.0811262 0.136352 0.331022 0.444314 0.466121 1 0.782772 0.815106 0.55343 0.15089 0.0217876 0.0348271 0.0740282 0.201865 0.478006 0.549476 0.639927 1 0.944293 0.850788 
1 0.0241282 0 0 0 0 0 0 0 0.000986574 0.00100832 0.0105033 0.0257121 0.078985 0.231997 0.534745 0.892446 1 0.789766 0.405428 0 0 0 0.00182061 0.0131691 0.0969778 0.511834 0.920986 1 0.355868 
1 0.794535 0.0436081 0.000633312 0 0 0 0 9.04732e-005 0.431286 0.0023622 0.0245669 0.091811 0.214803 0.35937 0.613858 1 0.915591 0.461417 0.262205 0.000375199 0.0016884 0.00281399 0.0109746 0.0330175 0.113029 0.52209 1 0.564769 0.104868 
1 0.0340633 0.0572969 0.00524784 0.00228997 0.000858738 0.00281475 0.00224226 0.00104957 0.161586 0.0143437 0.000724428 0.0118806 0.0385396 0.0985222 0.255723 0.570994 0.906404 1 0.624167 0.314359 0.463058 0.656134 0.91473 1 0.938894 0.682156 0.549721 0.431459 0.222119 
1 0.179611 0.000850618 3.27161e-005 6.54322e-005 3.27161e-005 0 0 0.000261729 0.00179938 0.0233172 0.0862054 0.163561 0.296996 0.487193 0.769637 1 0.242618 0.00663773 8.50991e-005 0 0.000845594 0.0496364 0.160409 0.211906 0.254186 0.467698 1 0.801285 0.110773 
1 0.0064333 0.00113529 0.000967098 0.000672764 0.00145065 0.00159781 0.00212341 0.00304846 0.0446967 0.00192257 0.00952547 0.0547933 0.119549 0.174692 0.253867 0.444289 0.763786 1 0.743861 0.561275 0.77768 0.913482 1 0.831453 0.671558 0.419341 0.196693 0.0887088 0.0726098 
0.23701 0.794564 0.928657 1 0 0.733014 0.168665 0.00019984 0 0.0131894 0 0 0.000259707 0.00311648 0.00921958 0.0506428 0.186599 0.799507 1 0.298273 0.000303905 0.00471053 0.0293269 0.105759 0.284303 1 0.394773 0.245555 0.480474 0.401459 
1 0.0539745 0.0372915 0 0 0.240922 0 0 0 0.127085 0 0.072201 0.104326 0.421438 1 0.0728372 0.00540712 0.0124046 0.191158 0.0108142 0 0 0 0 0.0252182 0.161494 0.601843 0.908826 1 0.187197 
0.114865 1 0.11982 0.0563063 0.19955 0.509009 0.417117 0.0427928 0.00495496 0.0148649 1 0.155451 0.26506 0.123714 0.0467235 0.0188069 0.00646488 0.000587717 0.000587717 0 0 0 0 0 0 0 0.00124378 0.0503731 1 0.0893449 
1 0.0959672 0.000136705 0 0 0 0.000410116 0.000683527 0.00273411 0.0594669 0.0117584 0.0422234 0.0764297 0.125601 0.211652 0.265633 0.405131 0.62961 0.889364 1 0.0139587 0.308766 0.85818 1 0.902848 0.843104 0.506421 0.235064 0.0396427 0.027359 
1 0.100138 0.0944982 0.0979036 0.0360753 0.00766202 0.00393743 0.00510801 0.00808769 0.0559753 0.0075388 0.0310421 0.0722838 0.286918 0.630155 0.873614 1 0.933038 0.720177 0.436364 0.62145 0.869436 0.959305 1 0.711318 0.58457 0.412887 0.243747 0.16702 0.0445104 
1 0.6257 0.00741351 0.00164745 0.00906096 0.0173394 0.0216639 0.00378913 0.000205931 0.00514827 0.203118 0.230191 0.570376 0.902055 1 0.976612 0.95039 0.69185 0.272573 0.017151 0.016591 0.06584 0.0982361 0.11116 0.138753 0.40875 0.784666 1 0.651851 0.311387 
1 0.0401492 0.0136792 0.00692841 0.00159886 0.000177651 0.000355303 0 0.00106591 0.261148 0.00372737 0.0223642 0.0596379 0.13951 0.224175 0.35197 0.660277 1 0.911608 0.383387 0.0180288 0.0805288 0.317909 0.714543 1 0.989784 0.699519 0.430288 0.186899 0.0450721 
1 0.00180771 0 0 0 0 0 0 0 0.00112982 0 0.00230734 0.00726811 0.0381864 0.316105 1 0.930088 0.504153 0.192086 0.074527 0 0 0 0.00263466 0.0333724 0.0924083 0.183841 0.427693 0.858704 1 
1 0.579743 0.0312667 0.00146343 0 0 0 0 0.000309571 0.0572989 8.23113e-005 0.00485637 0.0202486 0.0677422 0.167997 0.399621 0.773809 0.958268 1 0.770763 0.0225408 0.0939026 0.217409 0.438143 0.658253 0.956477 0.988366 0.980887 1 0.808248 
1 0.283844 0.312647 0.131055 0.00759361 0.00628437 0.0401938 0.022519 0.0256612 0.0654622 0.0226876 0.0670157 0.121815 0.389529 0.849215 1 0.828621 0.543805 0.361606 0.203141 0.633128 0.993206 1 0.805565 0.568101 0.412488 0.197994 0.0592041 0.0126173 0.00097056 
1 0.037999 0.0610075 0 0 0 0 0 0 0 0 0.00133749 0.00668747 0.0173874 0.0673206 0.160945 0.367365 0.717343 1 0.411948 0.00047259 0.00047259 0.0463138 0.234877 0.543478 1 0.799622 0.275992 0.0661626 0.0122873 
1 0.38672 0.112239 0.0114255 0 0 0 0 0 0 0 0.00317965 0.0370429 0.219237 0.707472 1 0.748967 0.482035 0.221145 0.0764706 0.00159458 0.0217261 0.0681682 0.181184 0.316125 0.473789 0.7058 0.830975 0.880008 1 
1 0.60292 0.03268 0.0206417 0.0495071 0.0274287 0.0218142 0.00492098 0.00175042 0.00984197 0.0503555 0.298017 0.412787 0.472123 0.663441 0.666382 0.727909 0.815149 1 0.515529 0.000387194 0.0175447 0.0590228 0.0475764 0.0665247 0.128548 0.226121 0.415556 1 0.63478 
1 0.216753 0.0159694 0.0129341 0.00366956 0.00221986 0.00380547 0.00283145 0.00346569 0.168754 0.118188 0.173529 0.354202 0.558247 0.755147 1 0.97784 0.689513 0.556551 0.77549 0.712991 0.867859 0.788624 0.701316 0.67387 0.76006 0.957278 1 0.664431 0.716095 
1 0.491234 0.25414 0.297519 0.0901185 0.0339893 0.0919548 0.0310789 0.0135472 0.094588 0.700737 1 0.446186 0.319489 0.319344 0.346359 0.339353 0.342603 0.413175 0.306631 1 0.768141 0.144997 0.127896 0.16091 0.23326 0.201859 0.131291 0.0959009 0.0728592 
1 0.0863557 0.000146242 0 7.31208e-005 7.31208e-005 0 0.000292483 0.00321732 0.0378035 0.0377231 0.0852139 0.132031 0.159987 0.258336 0.454362 0.723139 0.90906 1 0.704278 0.0527066 0.190883 0.252493 0.421296 0.465456 0.594373 0.809473 0.847934 0.858974 1 
1 0.0498188 0.00362448 0.00142136 0.00191884 0.00277166 0.014569 0.0227418 0.0328335 0.64402 0.003562 0.0316895 0.201867 1 0.143278 0.079715 0.0410858 0.0148007 0.00853651 0.0027022 1 0.16327 0.0273316 0.00546631 0.000431551 0.00014385 4.79501e-005 4.79501e-005 0 0 
1 0.118499 0.00470065 0.00688005 0.00474339 0.00388872 0.00700825 0.00286313 0.00222213 0.00935857 0.0052158 0.00625896 0.0104316 0.0126483 0.0250359 0.0722389 0.271091 0.913809 1 0.819533 0.120758 0.0490115 0.0387974 0.0567545 0.0916804 0.221499 0.580148 1 0.0765239 0.00115321 
1 0.00602517 0.00111029 0.0015396 0.000740192 0.000444115 0.000695781 0.000310881 0.000606958 0.0982976 0.00873204 0.103632 1 0.511855 0.298526 0.450609 0.435753 0.403311 0.577527 0.406585 0.0413582 0.0573391 0.0905823 0.0969177 0.124537 0.180453 0.270074 0.302819 0.504093 1 
0.841177 1 0.0169012 0.00258774 0.00315381 0.011564 0.945496 0.114184 0.069869 0.212356 1 0.999052 0.586667 0.103215 0.00365482 0.000135364 0 0 0 0 0 0 5.80383e-005 0.000754498 0.00673244 0.0585607 0.431573 1 0.771851 0.0395241 
1 0.0525528 0.074792 0.019107 0.00375874 0.0341071 0.0476804 0.00281906 0.000522048 0.13702 0.0576822 0.00923383 0.0113962 0.0262989 0.0643446 0.0847408 0.10426 0.166676 0.396236 1 0.106271 0.0179484 0.0266033 0.105988 0.318175 1 0.487869 0.212117 0.11294 0.409478 
1 0.482059 0.00320541 8.90393e-005 0 0 0 0 8.90393e-005 0.0391773 1 0.797087 0.162529 0.232042 0.290632 0.420722 0.6286 0.894075 0.813307 0.335981 0 0.00548024 0.0134122 0.0461494 0.121575 0.256562 0.399337 0.467407 1 0.159504 
1 0.390121 0.0201896 0.011908 0.124789 0.105408 0.111337 0.0645383 0.0272952 0.055791 1 0.181741 0.13365 0.170643 0.397723 0.592032 0.33161 0.270097 0.476642 0.140337 0 0 0.000822673 0.0420386 0.194398 0.579861 0.61865 0.733618 1 0.039406 
0.170173 1 0.0355341 0.00650274 0.000426409 3.55341e-005 0.000355341 0.00117262 0.0014569 0.0116196 0.000330579 0.000165289 0.0196694 0.179669 0.474711 0.736033 1 0.976033 0.896198 0.643306 0.21329 0.403358 0.549125 0.764737 1 0.952483 0.868882 0.87174 0.466238 0.0798499 
1 0.190017 0.0306341 0.00685518 0 0 0.000642674 0.00128535 0.000214225 0.0445587 0.00232919 0.0186335 0.0628882 0.104037 0.249224 0.545031 0.872671 1 0.906056 0.372671 0.30852 0.286099 0.352466 0.575785 0.895067 1 0.893274 0.539013 0.320179 0.164126 
0.422262 1 0.000680353 2.95805e-005 0 0 0 0 0 0.00056203 0.0165882 0.616371 1 0.754002 0.406664 0.3569 0.177907 0.0600507 0.0260051 0.0105759 0.0468174 0.0953786 0.284593 0.25602 0.191562 0.303173 0.561607 1 0.454424 0.0342746 
1 0.762023 0.085609 0.0169768 0.0208434 0.0351619 0.0406597 0.0281537 0.0333494 0.175085 1 0.123953 0.0631546 0.0699099 0.0939464 0.0948366 0.0959363 0.140239 0.143957 0.0530478 0 0.000795487 0.00701475 0.036954 0.124096 0.231053 0.245082 0.413581 0.572245 1 
0.802552 1 0.0104851 0.0048004 0.00328449 0.00656897 0.522865 0.386685 0.123674 0.140475 0.0328203 0.129923 0.335899 0.42689 0.500905 0.718651 1 0.822091 0.569941 0.165007 1 0.509601 0.05379 0.0124649 0.00797305 0.0236946 0.106682 0.19562 0.301741 0.456485 
1 0.0271091 0 0 0 0 0.235597 0.172737 0.0235082 0.0105967 0 0.00738462 0.0454359 0.255692 0.638667 0.0833846 0.0684103 0.12841 0.393436 1 0 0.0139709 0.107446 0.592827 1 0.771857 0.932162 0.466081 0.171684 0.0586202 
1 0.0231221 0.0159339 0.0336648 0.0177309 0.00131784 0.000958428 0.000718821 0.000718821 0.159698 0.0215385 0.126154 0.197308 0.227308 0.344231 0.883077 1 0.851154 0.331538 0.04 0 0.149948 0.34849 0.442902 0.555363 0.729955 1 0.400208 0.00590073 0 
0.0795287 1 0.217477 0 0 0 0 0 0 0.0520373 0.15529 0.602389 0.901024 1 0.738908 0.5 0.237201 0.167235 0.165529 0.177474 0 0.00654664 0.0605565 0.106383 0.216039 0.397709 0.85761 0.96072 1 0.89198 
1 0.909161 0.00968778 0.00308364 0.00290376 0.00454837 0.000822305 0.000179879 0.000616729 0.00118206 0.167284 0.860348 1 0.4666 0.217419 0.324384 0.712933 0.654536 0.476285 0.361273 0 4.02868e-005 0.000966884 0.00733221 0.045363 0.198252 0.551487 0.666304 0.559463 1 
0.17039 1 0 0 0 0 0 0 0 0 0 0 0.00297767 0.0406948 0.22531 0.603474 0.934988 1 0.741439 0.40397 0 0 0 0 0 0.00393082 0.045794 0.149961 0.427083 1 
0.821111 1 0.116638 0.0394842 0.0123732 0.00207594 0.000329951 0.000412439 0.000893618 0.0206769 0.0017531 0.0188655 0.114004 0.187294 0.427966 0.805851 1 0.804542 0.336281 0.0836517 0.11561 0.195848 0.403198 0.685745 0.743766 0.828771 0.872573 1 0.763147 0.161776 
1 0.549007 0 0 0 0 0 0.000127291 0.000763747 0.0174389 0.0131538 0.093016 0.290009 0.744441 1 0.802067 0.456624 0.216411 0.124961 0.0569997 0.00111029 0.00814212 0.034789 0.144708 0.433753 0.876758 0.696891 0.5755 0.785344 1 
0.173215 1 0.036321 0.00521105 0.00510683 0.00135487 0.00255341 0.000937989 0.000104221 0.000260552 0.245632 0.104835 0.129419 0.281187 0.688744 0.995937 1 0.690167 0.400447 0.164974 0.0183192 0.035379 0.226471 0.889169 1 0.495993 0.0263339 0 0 0 
0.175018 0.146554 0.14773 0.0625735 0.211244 1 0.110327 0.00446954 0.00611621 0.0592802 1 0.472167 0.0103354 0 0 0 0 0 0 0 0 0 0 0 0 0 0.00590206 0.0714628 0.22683 1 
1 0.476527 0.126324 0.157735 0.210907 0.361314 0.00424416 0.00150147 0.0033633 0.0158756 1 0.182935 0.123337 0.0593578 0.0519756 0.0610383 0.106952 0.246234 0.421366 0.0902071 0.00169253 0.00480507 0.00615336 0.00755902 0.013196 0.0514932 0.115064 0.18024 0.309088 1 
0.463753 1 0.0247086 0.000932401 0 0 0 0.00011655 0 0.00034965 0.00117302 0.00175953 0.00439883 0.0102639 0.0214076 0.0557185 0.131378 0.269208 0.68915 1 0.547239 1 0.437534 0.256467 0.0913594 0.0119244 0.000550358 0 0 0 
0.41162 1 0.00303778 0.000189861 0.000189861 0 0 0 0.000569584 0.000189861 0.0884146 0.14253 0.23628 0.193598 0.822409 0.799543 1 0.845274 0.72561 0.496951 0 0 0.000521648 0.00339071 0.014867 0.0748565 0.219875 0.309859 0.321596 1 
1 0.0801949 0.0119918 0.00140528 0.00252951 0.00337268 0.00552745 0.00252951 0.003279 0.105396 0.221157 0.332105 0.262809 0.418356 0.626244 1 0.885367 0.426834 0.301143 0.214891 0 0.00318066 0.062659 0.192748 0.295483 0.369275 0.450382 0.789758 0.965649 1 
1 0.00433557 0 0 0 0 0 0 0 2.16779e-005 0 0.000412053 0.00406902 0.0215813 0.0505794 0.107803 0.195055 0.384342 1 0.608911 0 0 0.00138703 0.0734169 0.585231 1 0.421274 0.0959441 0.0235795 0.0151138 
0.640721 0.00552431 0 0 0 0.00144329 0.639924 0.000945603 0.000398149 1 0 0.00141665 0.0284905 0.0608636 0.12624 0.380765 1 0.683037 0.125767 0.00566661 0 0.00413223 0.0514233 0.137569 0.0490129 0.10256 0.376435 1 0.806933 0.111513 
0.479177 1 0.00479392 0.000241035 0.000428506 0.00474035 0.00859691 0.00254426 0.00112483 0.0132034 0.0741511 1 0.421997 0.0629815 0.0399495 0.0807142 0.092006 0.0593942 0.118218 0.242999 0.0171669 0.0599056 0.193593 0.208738 0.122785 0.11767 0.471831 1 0.0361178 0.0147088 
0.511464 0.202662 0.00497034 0 0.00481 0.002405 0.433381 1 0.219497 0.188232 0.184581 0.548944 0.702495 1 0.894434 0.768394 0.482726 0.214331 0.103967 0.151631 0.600048 1 0.155524 0.0543439 0.0238351 0.0128709 0.0209749 0.0392087 0.00154928 0 
0.419067 1 0.123713 0.125542 0.321396 0.358901 0.00237461 0.000693068 0.000937346 0.0105948 0.411096 1 0.158287 0.467258 0.684885 0.578345 0.0894462 0.000114069 0 0 0 0.0116561 0.0286789 0.0382328 0.107264 0.377508 0.823936 1 0.506426 0.661203 
1 0.000382388 0 0 0.000109254 0.00071015 0.0321206 0.0150224 0.0109254 0.116738 0 0.000201126 0.000703942 0.00201126 0.0065366 0.0211183 0.081255 0.237228 0.617759 1 0.297105 0.421246 0.582434 0.419529 0.486752 0.473749 0.602061 0.748773 1 0.25 
1 0.328388 0.0042101 0 0 0 0 0 0 0.000400962 0 0.0169722 0.0665309 0.154786 0.306857 0.42091 0.651731 0.959946 1 0.644942 0 0 0.00124688 0.0280549 0.183292 0.783042 0.726933 1 0.854738 0.567955 
1 0.0310134 0.0721612 0.0001221 0 0 0 0 0 0.0001221 0 0 0.0100611 0.0427596 0.0700683 0.241107 0.44161 0.669421 1 0.653252 0 0.000293427 0.0812793 0.269366 0.578345 1 0.576878 0.140845 0.00469484 0 
1 0.00786278 0 0 0 0 0 0 0 0.000127436 3.35042e-005 0.000938118 0.0111234 0.0422153 0.128355 0.349415 0.821791 1 0.289041 0.0071364 0 0 0 0 0 0.00029042 0.00768758 0.0555043 0.287789 1 
1 0.947344 0.0515158 0.00136768 0.00243143 0.00182357 0.0320644 0.0250741 0.00683839 0.0990806 0.0312142 0.0693013 0.146907 0.281644 0.481386 0.808419 1 0.678981 0.350086 0.122136 0.455217 0.328494 0.434055 0.666093 0.924459 0.99188 0.64247 0.685531 0.89124 1 
1 0.0166279 0.000856653 0.000285551 0.000109827 0.000527171 0.00133989 0.000900584 0.000593068 0.0145192 0.0202207 0.041367 0.0625134 0.100819 0.116127 0.153222 0.225489 0.408117 1 0.963688 0.0328542 0.106852 0.207849 0.553046 0.897178 1 0.491444 0.16602 0.0853297 0.0455548 
0.0898188 1 0.156545 0.0267925 0.021434 0.00459301 0 0 0 0 0.0882186 0.34889 0.55037 0.907228 1 0.93967 0.866818 0.639158 0.294252 0.117245 0 0.00355714 0.280569 0.933304 1 0.842152 0.581592 0.40418 0.281458 0.200978 
1 0.133945 0 0 0 0 0 0 0 0.15372 0 0 0.00752587 0.0233302 0.0581373 0.0878645 0.374036 1 0.533772 0.0984007 0 0 0.0205705 0.105869 0.236423 0.520845 1 0.784421 0.301701 0.262754 
0.21381 1 0.113182 0.0622028 0.216283 0.557352 0.0209245 0.00532623 0.00437512 0.0245387 1 0.511509 0.382648 0.275034 0.100728 0.0226244 0.00118041 0.000196734 0 0 0 0 0 0 0.00211775 0.0162361 0.0650854 0.156572 0.406184 1 
0 0.0179978 1 0 0 0 0 0 0 0 0 0 0.0038835 0.0368932 0.0970874 1 0.547573 0.023301 0.00582524 0.0174757 0 0.00383877 0.0115163 0.00191939 0.00191939 0.024952 0.00383877 0.0403071 1 0.648752 
1 0.0672726 0.0552731 0.0806945 0.00395625 0.000604882 0.000310615 0.000523141 0.00122611 0.0124736 0.00180867 0.0132112 0.0581921 0.143514 0.11029 0.146385 0.227067 0.317108 0.4896 1 0.0167711 0.0551982 0.12094 0.227835 0.442685 1 0.922657 0.227021 0.029146 0.00134332 
1 0.0324721 0 0 0 0 0 0 0.000237023 0.0162756 0.0167213 0.0862295 0.0763934 0.117049 0.31541 0.73082 1 0.928525 0.759672 0.240328 0 0 0.047956 0.238601 0.717374 1 0.887579 0.742925 0.669418 0.915094 
1 0.104749 5.51795e-005 0 0 3.67863e-005 0.000312684 0.000423043 0.000901265 0.0655349 0.000985384 0.00175179 0.00372256 0.0145618 0.0638309 0.172606 0.352713 0.618383 0.957355 1 0.0096175 0.0556494 0.154027 0.309742 0.491741 0.802291 0.915939 1 0.759342 0.179722 
0 0 0 0 0.00144474 1 0.180352 0.0368408 0.0166145 0.00553817 0.00362647 0.099728 0.207162 0.228921 0.751133 1 0.0453309 0 0 0 0 0 0 0 0.080681 0.212435 0.582531 0.972613 0.965951 1 
1 0.962309 0.0761939 0.00344122 0.0099341 0.00211018 0.0215888 0.0121417 0.00438269 0.00753173 1 0.20283 0.261612 0.274894 0.250978 0.231569 0.159505 0.0915524 0.0504408 0.0250227 0 0.000634115 0.00691488 0.0193254 0.0361748 0.0997071 0.275115 0.455869 1 0.0591841 
0.660614 0.00501667 0.00142409 0.00106806 0.0238858 0.547917 0.256465 0.032398 0.00297764 1 0.860533 0.0500343 0.225869 0.269785 0.427951 0.647015 1 0.723182 0.194591 0.0193847 1 0.135177 0.0180654 0.0289918 0.0641417 0.186403 0.378011 0.268774 0.0462398 0.00564033 
0.50086 1 0.508169 0.0107481 0.00429923 0.00687876 0.00300946 0.00257954 0.00257954 0.00300946 0.22831 0.5379 0.808219 1 0.683105 0.379909 0.348858 0.247489 0.0894977 0.0146119 0 0 0.00435161 0.121845 0.173194 0.0957354 0.135335 0.212359 0.324195 1 
1 0.0571502 0.0646158 0 0 0 0 0 0 0.0015446 0 0 0 0 0 0.000281215 0.0208099 0.164511 0.60883 1 0.000837872 0.0844156 0.120863 0.255341 1 0.337453 0.0276498 0.00146628 0 0 
1 0.192414 0.034509 0.113319 0.0313718 0.00884114 0.0145451 0.0047533 0.00133093 0.0160662 0.0948514 0.221628 0.128068 0.046134 0.0402288 0.0599742 0.106108 0.209264 0.567079 1 0.20558 0.483285 0.0423796 0.0681758 0.146354 0.286128 0.404054 0.531719 1 0.756252 
0.291617 0.0968513 0.0292281 0.0411851 0.400558 1 0.0445064 0.0196625 0.00903414 0.0208582 1 0.115019 0.0801425 0.132383 0.167706 0.407539 0.261799 0.0135055 0.00415554 0 0.000365052 0.00121684 0.0389389 0.110124 0.090898 0.103797 0.388051 1 0.0556096 0.000243368 
1 0.0663352 0.0195743 0.000310704 0 0 0 0 0 0 0 0.00159236 0.00530786 0.0260085 0.110403 0.237792 0.367834 0.687367 1 0.720276 0.00550661 0.0578194 0.132159 0.149229 0.224119 0.518172 1 0.971366 0.502753 0.289097 
1 0.0522904 0.00648228 0.00475367 0.00648228 0.0108038 0.0116681 0.129213 0.610631 0.609767 1 0.628246 0.220562 0.060121 0.0213447 0.0131626 0.0110281 0.0117396 0.00675916 0.00640341 0.0033358 0.0426242 0.0348406 0.0214974 0.0311342 0.0467013 0.118606 0.278354 0.51742 1 
1 0.715571 0.0733572 0.148564 0.876587 0.44717 0.0313155 0.00678091 0.00147947 0.00789052 1 0.755211 0.292512 0.273039 0.301015 0.449122 0.385765 0.189386 0.0223533 0.00452551 0.203453 0.703557 0.784481 1 0.745995 0.930102 0.791138 0.308092 0.0563761 0.0597046 
0.0731384 0.054701 0.0386065 0.00855659 0.337476 0.399918 1 0.0744627 0.0207803 0.0134461 1 0.00546279 0.002886 0.00237065 0.00139147 0.00128839 0.000824572 0.000876108 0.000773037 0.00226757 0.0197467 0.00310881 0.00120898 0.00109384 0.00166955 0.00345423 0.00512378 0.0140472 0.0928037 1 
0.347191 1 0.0108956 0.0014682 0.00216367 0.0029364 0.00517734 0.00347732 0.00185457 0.00278186 0.0234038 0.0885026 0.166553 0.275506 1 0.298 0.0715746 0.0257896 0.0176096 0.0118155 0.101788 0.178206 0.268684 0.346171 0.740792 1 0.0883387 0.00137552 0 0 
1 0.0260827 0.00462358 0.00165884 0.00208238 0.00116472 0.00197649 0.0025765 0.0038471 0.302262 0.055011 0.0877103 0.0678127 0.138698 0.446598 1 0.790344 0.172202 0.0212875 0.00738844 0.0404541 0.307382 0.581571 1 0.203308 0.0476575 0.0150983 0.00224745 0.000345762 5.76269e-005 
0.285498 0.0506042 0.00931521 0.00176234 0.00503525 0.163897 1 0.010574 0.0166163 0.000503525 1 0.58174 0.198643 0.0505861 0.0206663 0.0126465 0.00987045 0.00524368 0.00493523 0.00215916 0.021106 0.136767 0.187421 0.285775 0.286197 0.26889 0.201773 0.116505 0.0840017 1 
1 0.194527 0.0157664 0.00386651 0.00957243 0.00705732 0.0242126 0.0164045 0.0230114 0.0734262 0.157179 0.1954 0.287872 0.297165 0.270678 0.285664 0.339916 0.356993 1 0.718169 0.670236 0.680286 0.258852 0.125575 0.077017 0.0652766 0.0802104 0.194797 1 0.270123 
0.00255568 0 0 0.000730194 0.0146039 0.560789 1 0.090544 0.0105878 0.00730193 0.192803 1 0.533835 0.192266 0.106874 0.075188 0.0649839 0.0477981 0.046724 0.0150376 0.534954 0.719149 1 0.444377 0.103343 0.00668693 0.000607903 0 0 0 
0.146371 0 0 0 0 0.0165736 0.0441382 0.0287858 0.0486741 1 0.0268987 0.114979 0.189873 0.310654 0.610232 0.925633 1 0.569093 0.127637 0.00843882 0.0113095 0.366071 0.691667 0.730357 1 0.953571 0.441667 0.142262 0.0428571 0.00297619 
0.267233 0.153035 0.0353652 0.00488683 0.00411523 0.0141461 0.0781893 0.146219 0.146091 1 1 0.105917 0.0395909 0.0612126 0.0610665 0.0515705 0.150183 0.586121 0.0451424 0 0 0 0.00121261 0.0129345 0.0677041 0.237268 0.738076 0.597413 1 0.251617 