0.00154921 0.00121306 0.000233843 0.000292304 0.00244074 1 0.0122768 0.0128614 0.00543685 0.00223612 0.151521 1 0.41286 0.516957 0.46783 0.243489 0.0737525 0.0122515 0.00219067 0.000730223 4.71965e-005 0.00103832 0.00368133 0.0106664 0.0475269 0.185199 0.45875 0.745894 1 0.900935 
1 0.340528 0.0272011 0.00698869 0.0191847 0.00541281 0.108188 0.0356972 0.0134293 0.182939 1 0.429039 0.205784 0.243997 0.172304 0.0620535 0.0392461 0.0122214 0.0080902 0.00275411 1 0.138491 0.0410267 0.0155672 0.00645598 0.000624772 0.00994429 0.0360806 0.0503462 0.0233248 
0.24711 0.0596473 0.0275448 0.0364621 0.149415 1 0.451879 0.135412 0.0953828 0.145254 0.830905 1 0.425962 0.0436505 0.0193405 0.0199449 0.0257874 0.0162514 0.00449936 0.000738701 0.000117689 0 0.00353066 0.0401318 0.264446 0.545722 0.696246 0.870425 1 0.762975 
1 0.242952 0.104058 0.0493714 0.0406419 0.0144945 0.00462026 0.00261678 0.00216702 0.047143 1 0.640385 0.424668 0.283038 0.156871 0.115869 0.0702576 0.0238653 0.00843835 0.00345712 0.0441917 0.0223342 0.0505924 0.252894 0.655658 1 0.945254 0.744791 0.596759 0.710473 
1 0.0273998 0.00383813 0.000988493 0.00459495 0.659109 0.419978 0.00617808 0.00517414 0.0109352 0.137356 0.227871 1 0.929807 0.101392 0.00123267 0.000312508 0.000538208 0.00167539 0.00325529 0 0 9.27119e-006 0.0027999 0.0167716 0.136463 0.730347 1 0.556364 0.124206 
0.000514536 0 0.00102907 0.00154361 0.0591716 1 0.00154361 0 0 0 0.501952 1 0.566745 0.562842 0.480874 0.112412 0.00312256 0 0 0 0 0 0 0 0 0.00131234 0.00892388 0.0199475 0.0551181 1 
0 0 0 0 0.000749738 0.962588 1 0.000899685 7.49738e-005 0 0.00768066 0.071614 0.2672 1 0.863479 0.293812 0.206729 0.115751 0.00800519 0 0 0 0.000769724 0.010263 0.0713278 0.290443 0.394612 0.777037 0.816677 1 
0.0115525 0.0125659 0.00385083 0.00810701 0.039319 0.260235 1 0.046818 0.0061816 0.00628293 0.0481833 0.194708 0.476303 0.648499 0.722354 0.918246 1 0.60703 0.403239 0.160742 0.417709 1 0.776974 0.301212 0.105551 0.0541439 0.0189601 0.00664582 0.00273651 0.00664582 
1 0.116535 0.0308384 0.0190609 0.123508 0.450798 0.0430807 0.0108477 0.0103828 0.0224702 0.802022 0.710615 1 0.82182 0.471356 0.44524 0.282224 0.170177 0.125948 0.110783 0 0 0.000881057 0.0223201 0.12511 0.248458 0.404699 0.693979 1 0.967988 
1 0.0143046 0.000794702 0.000353201 0.000618102 8.83002e-005 0 8.83002e-005 0.0001766 0.0342605 0.0117564 0.0371995 0.0584313 0.111774 0.325671 1 0.48026 0.0394806 0.00421127 0.00386033 0.0452774 0.0905547 0.570615 0.7997 1 0.958621 0.0647676 0.0269865 0.0077961 0.0035982 
0.645366 1 0.111408 0.0192372 0.0366343 0.047173 0.0443292 0.0260957 0.141352 0.727835 1 0.0292761 0 0 0 0 0 0 0 0 0 0 0 0 0 0 0 0.00110585 0.027032 1 
1 0.222148 0.0290553 0.0229122 0.0650838 0.0845094 0.218828 0.749792 0.346671 0.889922 1 0.0203746 0.00399042 0.00169006 4.69462e-005 0 0 0 0 0 0 0 0 0.000127097 0.00114387 0.0285968 0.311515 0.701449 0.73513 1 
0.471852 1 0.560318 0.344056 0.760396 0.336603 0.0207925 0.0100039 0.0102982 0.0100039 1 0.354799 0.234028 0.242162 0.114218 0.0538327 0.0171157 0.006835 0.00361521 0.00248545 0 0 0.000233621 0.000700864 0.00317058 0.00864399 0.0218269 0.0474585 0.117245 1 
0.0245428 0.000118278 2.95696e-005 5.91392e-005 0.00206987 1 0.1079 0.00977276 0.0217928 0.056064 0.00446408 0.0226905 0.0919647 0.381112 1 0.322246 0.0698987 0.015127 0.00388583 0.000693898 0 0.00128609 0.162948 0.385699 1 0.840267 0.236544 0.0157225 0.00652691 0.0092277 
1 0.0681612 0.0127065 0.0142948 0.0669813 0.462062 0.706253 0.0480123 0.0539118 0.149256 1 0.833648 0.218597 0.0398717 0.0128631 0.00686533 0.00573369 0.00377216 0.00388533 0.00286684 0.0324555 0.0223902 0.0135163 0.0127768 0.0328253 0.136272 0.1912 0.31334 0.582392 1 
1 0.146913 0.180377 0.236531 0.651886 0.0246581 0.195814 0.297866 0.0720058 0.150953 1 0.339551 0.310128 0.142436 0.0366026 0.000833333 0 0 0 0 0.0128913 0.162279 0.0160329 0.000108331 0.00476655 0.0730148 0.345358 0.869895 1 0.607518 
1 0.0522006 0.0460594 0.0857216 0.00844422 0.000255885 0.00332651 0.00332651 0.00204708 0.0207267 0.10761 0.252114 0.428132 0.77402 1 0.737125 0.255957 0.085319 0.0253651 0.00538048 0.00524659 0.481637 0.849948 1 0.854145 0.836306 0.550892 0.29276 0.113326 0.0272823 
1 0.627732 0.0414469 0 0 0 0 0 0 0 0.736364 1 0.778409 0.00227273 0 0 0 0 0 0 0 0 0 0 0 0 0.00790167 0.516242 1 0.420544 
0.845657 0.638307 0.297105 0.130512 0.449889 1 0.0572383 0.0153675 0.0171492 0.0483296 1 0.280595 0.294562 0.119176 0.0394963 0.0250716 0.0243847 0.0108758 0.00389239 0.000686892 0.000296165 0.00118466 0.00133274 0.00385014 0.0155486 0.0904783 0.219162 0.415223 0.579742 1 
0.267769 0.0292065 0.000775394 0 0.00232618 0.00180925 0.00542776 0.0493668 0.686482 1 1 0.0630954 0.0164297 0.00869805 0.00317548 0 0 0 0 0 0 0 0 0 0.000685777 0.00137155 0.0108353 0.0230421 0.0482787 1 
0.342812 0.0854836 1 0.469282 0.14218 0.0865368 0.0114095 0.0048271 0.00631912 0.152975 0.0379191 0.286243 0.744971 0.892486 0.961156 1 0.819191 0.557225 0.334104 0.132948 0.460824 1 0.797254 0.795174 0.444182 0.120926 0.0152545 0.00318957 0.000277354 0 
0.00344828 0.0536946 0.117241 0.064335 0.158916 1 0.301478 0.00738916 0.000295567 0.000394089 1 0.293128 0.107552 0.189692 0.576772 0.881353 0.0522548 0.000178955 0 0 0 0.000548948 0.0296432 0.0536139 0.0913083 0.378591 0.233852 0.454712 0.928454 1 
1 0.00497789 0.00179406 0.00181933 0.0319899 0.124978 0.00454833 0.000151611 0.000227416 0.00664561 0.01975 0.052875 0.125563 0.458438 0.575375 1 0.651812 0.026875 0.0005625 6.25e-005 7.25479e-005 0.000290192 0.0166135 0.085679 0.178903 0.357298 0.709518 1 0.912797 0.118471 
0.924105 0.719548 0.142111 0.0313517 0.105791 0.47927 0.687082 0.312918 0.269402 1 1 0.139055 0.0251427 0.00177453 0 0 0 0 0 0 0 0 0 0.000906824 0.148152 0.459873 0.498356 0.979483 1 0.00413738 
0.925986 0.562017 0.00386336 0.0099634 0.0176901 0.595364 1 0.118544 0.0286702 0.0457503 1 0.196071 0.429447 0.494323 0.22923 0.540278 0.0410885 0.00126149 0 0 0 0 0.000329191 0.00139906 0.0037034 0.00831207 0.0243601 0.0790058 0.22171 1 
0.339411 0.00223928 0.000639795 0.00479846 0.0924504 0.759757 0.0332694 0.00735765 0.0476647 1 0.233968 0.906272 0.743481 0.27907 0.390416 0.578576 1 0.851304 0.0563777 0 0 0 0 0 0.0129618 0.139015 0.258263 0.432599 0.474401 1 
0.0118495 0.011209 0.00448359 0.00576461 0.0560448 1 0.24996 0.0313851 0.0107286 0.0118495 1 0.75062 0.680521 0.256514 0.0111663 0 0 0 0 0 0 0.00076297 0.00127162 0.00839268 0.0378942 0.142675 0.22762 0.327314 0.466938 1 
0.100344 0.00885931 0.00330503 0.000918063 0.00592151 0.0747762 1 0.0392931 0.0186826 0.0514574 1 0.34802 0.055337 0.0639916 0.0185156 0.00340939 0.000262261 0 0 0 0 0 0 0 0.00182755 0.0126821 0.0532204 0.199479 0.305477 1 
0.0270144 0.041919 0.0335352 0.0204937 1 0.53175 0.807018 0.0731253 0.0159913 0.013352 1 0.33192 0.0149242 0 0 0 0 0 0 0 0.000464612 0.00139384 0.00170358 0.00108409 0.00294254 0.113985 0.705901 1 0.673223 0.0571473 
1 0.0967469 0.0358572 0.0516435 0.496138 0.206292 5.63793e-005 0 0 0.000169138 0.0809376 0.331933 0.481756 0.867094 1 0.604047 0.269792 0.0582707 0.00574967 0.000884564 0 0.0110283 0.220494 0.680616 1 0.503287 0.0276074 0.000584283 0.000584283 0.000146071 
1 0.119117 0.0380566 0.017506 0.0633008 0.178739 0.246987 0.0775086 0.0409742 0.206774 1 0.169598 0.209426 0.193495 0.197478 0.191172 0.181713 0.136741 0.136409 0.0912712 1 0.266623 0.141705 0.114563 0.0824068 0.0463266 0.028886 0.0146065 0.00904731 0.00490517 
1 0.28622 0.0279528 0.00314961 0.0279528 0.0125984 0.0661417 0.149016 0.179331 0.579724 0.932953 1 0.825963 0.561698 0.421897 0.294936 0.135164 0.0353067 0.00891583 0.00356633 0.0404891 1 0.353578 0.12708 0.0216476 0.00661455 0.0158348 0.0465023 0.423732 0.339146 
0.000310796 0 0 0 0.00107366 1 0.224988 0 0 0 0.0159618 0.0378161 0.0841352 0.304841 0.651078 0.490863 0.56836 1 0.0844335 0 0 0 0.0600956 0.113768 0.320819 1 0.738705 0.512169 0.284705 0.0676611 
0.706605 0.533119 0.55633 0.0579817 0.463394 1 0.0147706 0.00495413 0.00458716 0.00798165 0.192939 0.577982 0.840423 1 0.863775 0.845566 0.637615 0.114262 0.00278009 0 0.00120026 0.0189272 0.0288985 0.10036 0.30505 0.792448 1 0.619703 0.382052 0.122426 
1 0.965493 0.406832 0.0973085 0.404417 0.94617 0.562457 0.140787 0.101449 0.399241 1 0.0956941 0.0198437 0 0 0 0 0 0 0 0 0 0 0 0.00791937 0.0670986 1 0.570914 0.131749 0.31879 
0.252769 0.0615797 0.0103444 0.00742363 0.0368748 1 0.00328587 0.00231228 0.00498966 0.00231228 0.399929 0.842923 0.882104 1 0.165549 0.0324744 0.00988352 0.0141193 0.0741264 0.479351 0 0 0 0.00399467 0.0525965 0.504993 1 0.636152 0.908788 0.673435 
0.858051 0.164812 0.0151608 0.00427925 0.0176061 1 0.153686 0.0245751 0.0102702 0.00929209 0.266993 0.394295 0.37718 0.325509 0.331214 1 0.192991 0.101874 0.0172779 0.00195599 0 0.00231027 0.0106272 0.171306 0.133649 0.147973 0.158715 0.241423 0.267067 1 
0.12009 0.000712396 0.000203542 0 0.000915937 0.221148 1 0.222878 0.367393 0.596275 0.354849 1 0.211519 0.122807 0.0987256 0.144571 0.0709202 0.0215161 0.0155578 0.0112546 0.0270477 0.198775 0.290635 1 0.657311 0.829038 0.98469 0.892319 0.687931 0.774687 
0.0189819 0.0284728 0.0232959 0.05522 0.150129 1 0.125971 0.0155306 0.00603969 0.00517688 1 0.38698 0.0506329 0.0316456 0.0162749 0.00632911 0.00542495 0 0 0 0 0.0042735 0.0213675 0.0327635 0.0541311 0.048433 0.213675 1 0.424501 0.559829 
1 0 0 0 0 0 0 0 0 0.000887311 0 0 0 0 0.00116414 0.0128056 0.0954598 0.406286 1 0.895227 0 0 0.0298063 0.241431 0.61848 0.253353 0.66468 1 0.539493 0.0149031 
0.0984605 0.0140374 0.00976659 0.0232081 1 0.145837 0.00350935 0.00165536 0.0051316 0.125012 0.308905 0.204917 0.455946 0.963181 1 0.606634 0.374544 0.34843 0.478532 0.160216 0.0773466 0.139461 0.178005 0.14718 0.125206 0.0409119 0.073487 0.137865 0.298065 1 
0 0 0 0 0 1 0.098413 0.000142973 0 0 0.000700182 0.00910237 0.0210055 0.0323484 0.07674 0.1532 0.445736 0.650749 0.711945 1 0 0 0 0.000397614 0.0177601 0.141286 0.688403 0.988999 1 0.21829 
1 0.466987 0.0658263 0.0118047 0.0220088 0.788916 0.190276 0.040016 0.0208083 0.0310124 1 0.213325 0.0155265 0.00912769 0.0025407 0 0 0 0 0 0 0 0 0 0 0.000190821 0.00429348 0.0245206 0.228795 1 
1 0.164033 0.210147 0.75395 0.133075 0.274643 0.114587 0.0439643 0.0175212 0.0477265 1 0.399055 0.429363 0.721525 0.880398 0.392537 0.23285 0.0899462 0.0290044 0.006029 0.0263715 1 0.79147 0.249878 0.102556 0.0390689 0.156438 0.469477 0.901839 0.442129 
1 0.958225 0.263708 0.078329 0.203655 0.0443864 0.45953 0.266319 0.101828 0.415144 1 0.0428249 0.0157776 0.00450789 0.0052592 0.00300526 0.00601052 0.00225394 0.000751315 0.00150263 0.252055 0.315068 0.0958904 0.0191781 0.0164384 0.00958904 0.030137 0.0479452 0.20274 1 
1 0 0 0 0 0 0 0 0.00516796 0.430663 0 0 0 0.0108108 0.027027 0.0283784 0.0459459 0.0743243 0.308108 1 0 0.034749 0.0978121 0.117117 0.151866 0.0978121 0.150579 0.200772 0.294723 1 
0.521925 0.0399109 0.00291196 0.000342583 0.00222679 0.0106201 1 0.0474478 0.0154162 0.0200411 0.148247 0.389601 1 0.194921 0.334462 0.237243 0.0382104 0.00217654 0 0 0 0.00509987 0.0679983 0.372291 0.622184 0.978326 1 0.78708 0.247344 0.040374 
1 0.341874 0.475128 0.210187 0.240258 0.0745521 0.0868939 0.0655933 0.032828 0.134632 1 0.401459 0.2709 0.246087 0.311099 0.397012 0.771967 0.376823 0.00346852 8.89363e-005 0.111765 0.529293 0.133867 0.181064 0.216195 0.734775 1 0.75485 0.367436 0.0717112 
0.830517 1 0.137203 0.077247 0.152922 0.794813 0.115421 0.0215573 0.0125189 0.0321675 0.826741 1 0.31049 0.273826 0.249942 0.17592 0.129308 0.139082 0.0938006 0.0273537 0.124613 0.270584 0.375719 0.513391 0.58942 0.681496 0.822599 0.913568 1 0.966357 
1 0.00622407 0 0 0 0 0 0 0 0.0643154 0 0.00442478 0.0707965 0.314159 0.858407 1 0.756637 0.327434 0.353982 0.517699 0 0.0689655 0.330049 0.310345 0.758621 0.753695 0.817734 1 0.399015 0.64532 
1 0.063576 0.0309441 0.0199167 0.0267807 0.0247553 0.0499606 0.0286936 0.0166535 0.0390458 1 0.0319501 0.00651855 0.00550863 0.00477415 0.00541682 0.0026625 0.000734484 0.000275432 0.00100992 0.041385 0.0307314 0.0129072 0.0106536 0.0237656 0.0655603 0.454005 0.560131 1 0.168408 
1 0.0936077 0.0316363 0.0151334 0.074982 0.255829 0.0685452 0.0074982 0.0270141 0.039648 0.951779 0.273589 0.0837456 0.0911367 0.323836 1 0.0854742 0 5.96054e-005 0 0 0.00011253 0.000731447 0.00320711 0.00405109 0.0144601 0.726664 0.727733 0.17521 1 
0.67066 1 0.477044 0.0350567 0.0143925 0.184128 0.00964863 0.0188952 0.0184128 0.0545148 0.0684494 0.209938 0.376971 0.610058 0.934544 1 0.842746 0.763321 0.601676 0.484135 0.0434783 0.117153 0.221276 0.4631 0.869941 1 0.529257 0.294073 0.226037 0.104623 
1 0.0643262 0.118228 0.0524912 0.505504 0.164924 0.119638 0.189729 0.0215238 0.0757014 1 0.00552154 0.00156421 0.00060162 0.000173801 0.000187171 2.67387e-005 2.67387e-005 1.33693e-005 1.33693e-005 0.000516029 0.00557957 0.0044185 0.00203186 0.00506354 0.026253 0.302458 0.830065 1 0.25566 
0.0524126 0.00340342 0.000907578 0.000226895 0.00461352 1 0.348283 0.290047 0.585237 0.0645893 1 0.0102758 0 0 0 0 0 0 0 0 0 0 0 0 0 0.000371609 0.07068 0.756076 1 0.481903 
0.0697256 0.0697256 0.0031489 0 0.00134953 1 0.65767 0.118309 0.0301395 0.0346379 0.106895 0.20037 0.180009 0.447478 1 0.105507 0.000925497 0.000462749 0 0 0 0 0 0 0.0012285 0.00900901 0.117117 0.194922 0.484439 1 
0.104558 1 0.00536193 0.000315408 0 0 0.000473111 0.000946223 0.00157704 0.00268097 0.754819 1 0.334639 0.0418675 0 0 0 0 0 0 0 0 0 0 0.000380518 0.0032344 0.0144597 0.0696347 0.258562 1 
1 0.0286068 0.0168548 0.0429875 0.275553 0.210298 0.0545848 0.031854 0.00680377 0.0916963 0.113841 0.131199 0.158251 0.216862 0.233995 0.180794 0.412308 1 0.116772 0.000676285 0.0280754 0.288142 0.384928 0.373476 0.282601 0.72331 0.912449 1 0.176579 0.0332471 
1 0.143563 0.0447274 0.0215261 0.115336 0.25714 0.144736 0.0883659 0.0786498 0.098417 1 0.157222 0.143683 0.125587 0.126811 0.0475543 0.0110892 0.00435404 0.00136064 0.000612287 0.0174582 0.065046 0.0692698 0.138915 0.210907 0.197297 0.169983 0.182279 0.181622 1 
0.0268374 0.00884416 0.0032022 0.00289722 0.124733 0.249924 0.140592 0.0852394 0.0448307 1 0.631321 0.385536 0.207993 0.0125068 0.0100598 0.0266449 0.733007 1 0.00108755 0 0 0.0016247 0.00487409 0.0552396 0.131059 0.559978 0.980504 0.139995 0.122665 1 
0.745903 0.234568 0.0734007 0.0523008 0.338272 1 0.238833 0.0547699 0.0300786 0.0415264 1 0.733854 0.168621 0.0148893 0.00204727 0.0245673 0.159873 0.201005 0.0243812 0 0.00165563 0.00147167 0.00239146 0.0161884 0.0292494 0.0899559 0.244665 0.454378 0.462656 1 
1 0 0 0 0 0 0 0.00590254 0.0491421 0.708717 0 0.00218136 0.0389529 0.131817 0.240885 0.444998 0.615145 1 0.754441 0.766282 0 0 0.0163662 0.271845 0.586408 1 0.852427 0.512067 0.28405 0.0410541 
1 0.989999 0.00429019 0.000946802 0.00801823 0.506953 0.119741 0.0795905 0.0168057 0.0239363 0.996971 0.318913 0.537087 0.963728 1 0.710369 0.544311 0.92932 0.826252 0.174602 0.000378907 0.0151879 0.127155 0.341869 0.323271 0.0976318 0.0508368 0.229586 1 0.749163 
0.349462 0.184588 0.290323 0.46356 1 0.188769 0.272401 0.507168 0.513142 0.208483 1 0.127505 0.0136489 0.00535591 0.00259157 0.0012094 0.000172771 0 0 0 0 0 0.0041958 0.0125874 0.0195804 0.123077 0.552914 1 0.631702 0.760373 
0.202969 0.037843 0.0256168 0.0120806 0.0199403 1 0.261116 0.0757587 0.112656 0.15159 1 0.242304 0.143485 0.101492 0.100198 0.17996 0.439252 0.0435457 0.000344917 8.62292e-005 0 0.00235235 0.00520877 0.0131059 0.204738 0.467361 0.150718 0.129211 0.220197 1 
0.0447596 0.0106042 0.00573366 0.0154747 1 0.209125 0.000308261 0 0.000123305 0.000184957 0.0702978 0.0880136 0.172823 0.375424 0.657181 1 0.830192 0.31455 0.298718 0.124953 0 0 0 0.0120782 0.456306 1 0.718472 0.362167 0.530728 0.62611 
1 0.00191516 0.000402183 0.000517093 0.00386862 0.00450062 0.00143637 0.000861821 0.000325577 0.00407929 1 0.00337997 0.000169943 5.66476e-005 0 0 0 0 0 0 0.0929359 0.344262 1 0.848405 0.847094 0.0248584 0.00971684 0.00101341 0.000119225 0 
0.0988456 0.0981241 0.601611 1 0.143218 0.544372 0.164502 0.11051 0.0929533 0.0535113 1 0.53153 0.491401 0.521829 0.396149 0.276202 0.189328 0.109658 0.0316037 0.00514479 0.00437557 0.0417502 0.0567001 0.189973 0.367913 0.511395 0.657065 0.880036 1 0.69918 
0.251416 0.0442723 0.0182638 0.0102878 0.0980233 1 0.156514 0.0887759 0.185412 0.325858 1 0.212391 0.0011592 0.000193199 0.0001288 0 0 0 0 0 0 0.00111815 0.00372717 0.0324264 0.364704 0.818487 1 0.914275 0.353149 0.0247857 
0 0 0 0 0 1 0.0151599 0 0 0 0.00309119 0.0772798 0.213292 0.57187 0.683153 0.514683 0.907264 1 0.839258 0.700155 0 0 0.00689655 0.128736 0.229885 0.748276 1 0.943678 0.682759 0.493103 
1 0.00411657 0.00204981 0.00129172 0.0296842 0.472529 0.00536594 0.00122819 0.00177453 0.00183382 0.299 0.236701 0.211177 0.212544 0.129425 0.075745 0.419145 1 0.519503 0.159477 0.00341816 0.0109438 0.0188034 0.0341745 0.0668282 0.123942 0.173807 0.370988 1 0.747362 
0.376036 0.0389003 0.0173164 0.021666 1 0.0206812 0.00500615 0.000246204 8.20681e-005 0.000410341 0.287277 0.501407 0.720225 1 0.939981 0.895905 0.765552 0.435136 0.078462 0.00937793 0.000201735 0.000605205 0.00141214 0.0234013 0.213032 0.786161 1 0.933629 0.465604 0.214848 
1 0.293817 0.679612 0.523761 0.192642 0.0467552 0.568217 0.752172 0.020184 0.0403679 1 0.0220846 0.0512389 0.010773 0.00100996 0 0 0 0 0 0 0 0 0.000251921 0.000503842 0.00201537 0.0744426 0.588361 1 0.364404 
0.453372 0.0161686 0.00681992 0.00333333 0.0703448 1 0.808123 0.15613 0.0821073 0.14682 1 0.672321 0.228856 0.214228 0.467432 0.505932 0.216801 0.0816696 0.0204412 0.00200124 0.0731102 0.296684 0.358291 0.328593 0.0400359 0.0132059 0.00609501 0.00675232 0.0164027 1 
1 0 0 0 0 0 0.5375 0 0 0 1 0 0 0 0 0 0 0 0 0 0.00511073 0.0868824 1 0.155026 0.00851789 0.00170358 0 0 0 0 
0.221163 0.797063 0.178528 0.0242803 1 0.19772 0.00598957 0.00276937 0.0016101 0.00425066 0.429071 0.529502 0.651007 1 0.667763 0.2941 0.267167 0.0452303 0.000102796 0 0 0.00356779 0.0196228 0.130309 0.329766 1 0.929239 0.428304 0.228848 0.139908 
0.15759 0.0639887 0.00373375 0.00115875 0.0163512 1 0.153084 0.0153212 0.0132612 0.029355 1 0.355189 0.244771 0.162711 0.0846742 0.0983508 0.126106 0.115447 0.0528962 0.0209171 0 0.0095641 0.0640059 0.116976 0.139415 0.116792 0.104285 0.174729 0.351113 1 
0.0168297 0.0167578 0.00309264 0.00409954 0.00632911 1 0.0174051 0.00755178 0.00237342 0.00222957 0.240996 0.233968 0.444802 0.559297 0.798829 1 0.62284 0.343485 0.120351 0.0146413 0 0.00122378 0.0027972 0.00961538 0.0370629 0.12972 0.537413 1 0.68042 0.218881 
0.0954619 0.0544995 0.0326857 0.0197096 0.0570246 0.266886 1 0.0811531 0.0291085 0.0997405 0.653124 0.749329 0.871215 1 0.708892 0.327903 0.0965887 0.0753162 0.0816405 0.0944806 1 0.418614 0.198943 0.164162 0.220367 0.312883 0.502922 0.356288 0.133834 0.135782 
0.0512496 0.063192 0.0208795 0.00371718 0.153432 1 0.115233 0.101708 0.0612148 0.0526732 1 0.277117 0.111916 0.0763925 0.0706156 0.127694 0.104415 0.00155199 0 0 0 0.000151999 0.00455996 0.0232558 0.104727 0.234534 0.369509 0.514668 0.868369 1 
0.463362 1 0.938676 0.327194 0.398707 0.421434 0.439459 0.107759 0.0342868 0.0679859 1 0.337553 0.0440085 0.0210764 0.0109358 0.00589873 0.00092789 0 0 0 0 0 0 0.00260371 0.0308974 0.272522 0.788231 1 0.806457 0.819302 
1 0.0143057 0.00869565 0.0923796 0.214306 0.604675 0.0683497 0.0582515 0.0610566 0.0253389 1 0.603276 0.44003 0.312182 0.502918 0.480512 0.54679 0.403314 0.0348334 0.000376577 0.00179813 0.0266123 0.00455526 0.00635339 0.0347638 0.121434 0.283146 0.497962 0.776433 1 
0.665388 0.26789 1 0.933278 0.464053 0.649708 0.0783987 0.0442035 0.0206839 0.164637 0.803236 1 0.862039 0.493215 0.173626 0.19659 0.232255 0.0847251 0.0356646 0.294015 0.000171233 0.0142123 0.154623 0.226884 0.31524 0.832363 1 0.724658 0.553938 0.579966 
0.682697 0.363659 0.0525533 0.0352008 0.067179 0.0686663 0.048587 0.313337 1 0.100892 1 0.118447 0.273232 0.0385576 0.0335645 0.0481276 0.0147018 0.00208044 0.000277393 0 0 0 0.00103573 0.0046608 0.00845848 0.0478163 0.226135 0.320041 0.294839 1 
1 0.016456 0.036407 0.0342314 0.00904967 0.0459658 0.602671 0.082396 0.0375411 0.0635791 1 0.276282 0.153611 0.080569 0.0817492 0.0313856 0.00829293 0.0442715 0.402622 0.562069 0.0132128 0.0545857 0.0943717 0.134896 0.768334 0.329433 0.08031 0.138107 0.461635 1 
0.246545 0.128255 0.212793 0.157506 0.225329 1 0.959177 0.281903 0.024108 0.0440373 1 0.312436 0.309353 0.272559 0.165468 0.0349435 0.0024666 0 0 0 0.00369588 0.0395987 0.0575502 0.189546 0.677402 0.890707 0.921331 0.940338 1 0.666843 
0.651135 0.158961 0.350564 0.41427 0.479311 1 0.0167455 0.00715933 0.00630991 0.0171096 0.865394 1 0.711856 0.63982 0.276753 0.213701 0.176801 0.137013 0.0713942 0.00802182 0.000123962 0.497335 0.100781 0.0433866 0.0250403 0.0539234 0.287839 0.476633 0.683402 1 
1 0 0 0 0 0 0 0 0 0.0322364 0.00178811 0.00447027 0.00804649 0.0210103 0.0567725 0.0782298 0.362986 1 0.884667 0.212338 0.0473934 0.0834123 0.210427 1 0.970616 0.35545 0.240758 0.0056872 0 0 
0.044674 0.0330919 0.0128691 0.00551531 0.032761 1 0.0409972 0.0339008 0.0274663 0.27356 1 0.156643 0.149358 0.19467 0.33949 0.485141 0.271681 0.0174474 0.00083083 0.00025564 0 0.000332182 0.00279033 0.0100983 0.0471034 0.25857 0.471565 0.537802 0.390779 1 
0.232897 0.160319 0.111471 0.202454 1 0.162982 0.136127 0.0408612 0.0338002 0.0814909 1 0.92678 0.879655 0.756017 0.571067 0.328604 0.119078 0.0521915 0.0268558 0.0182417 0.18011 1 0.4499 0.590681 0.824399 0.640531 0.398297 0.342936 0.12976 0.122996 
0.347731 0.176777 0.219971 0.368479 1 0.280029 0.327226 0.675443 0.30478 0.385586 1 0.254261 0.0368658 0.0180999 0.0094809 0.000666014 0 0 0 0 0.000359066 0.0577199 0.0302513 0.00556553 0.0164273 0.0476661 0.547397 1 0.499461 0.818223 
1 0.116704 0.0141071 0.004168 0.0122903 0.0118628 0.0353746 0.0296035 0.0235118 0.256065 0.524229 0.802496 0.764317 0.505874 0.324523 0.24743 1 0.961454 0.0293686 0.00256975 0.0753026 1 0.609144 0.227925 0.112057 0.213581 0.864859 0.0504258 0 0 
0.374756 0.574667 1 0.0912939 0.0427227 0.775525 0.132123 0.00445608 0.00289645 0.0165432 0.0875657 0.256529 0.488388 0.710348 1 0.858905 0.470646 0.213127 0.0252798 0.0063961 0.000198413 0.00701058 0.0439153 0.260251 0.672685 1 0.56713 0.358069 0.281415 0.38922 
0.538593 1 0.0819516 0.031256 0.0743282 0.125691 0.27187 0.23766 0.129312 0.662378 1 0.502959 0.436029 0.46259 0.449704 0.295595 0.647206 0.47929 0.0716634 0.00407627 0.275208 0.64739 0.200475 0.192616 0.219899 0.47761 1 0.483393 0.464561 0.945136 
0.104812 0.0440134 0.0484894 0.265573 1 0.130921 0.307348 0.424841 0.113018 0.104066 0.561134 1 0.695216 0.432959 0.32782 0.333727 0.315416 0.235676 0.103367 0.01772 0.459544 1 0.219658 0.140456 0.0660969 0.042735 0.00997151 0.0031339 0.000854701 0 
1 0.0489785 0.0102148 0.00130959 0.00366684 0.0146674 0.211891 0.365375 0.216867 0.543216 1 0.075101 0.0839148 0.350349 0.150936 0.0326845 0 0.000183621 0.000183621 0 0.00107132 0.000153046 0.00107132 0.000918274 0.00153046 0.00673401 0.0252525 0.130701 0.244414 1 
0.0298165 0.158674 0.0960175 0.0360717 0.616138 1 0.0109466 0.00417014 0.00260634 0.00469141 0.418167 1 0.673294 0.633738 0.48807 0.275848 0.158644 0.169527 0.0845542 0.00983675 1 0.171415 0.0284905 0.164332 0.220526 0.265386 0.313238 0.414135 0.239729 0.140721 
0.166397 0.0757205 0.0464329 0.0204805 0.295794 1 0.511335 0.0794205 0.0618584 0.0562301 1 0.136979 0.0536615 0.012623 0.0059532 0.00405148 0.00311441 0.00206708 0.00173635 0.00187416 3.49614e-005 0.000104884 0.0010838 0.00433521 0.0206971 0.0811453 0.0809006 0.130651 0.233227 1 
0.515377 0.00974062 0.00328335 0.00908394 0.054832 1 0.164496 0.0693882 0.0172923 0.0116012 0.79948 1 0.340779 0.388745 0.207619 0.0936797 0.0909091 0.0138528 0 0 0.000682012 0.0114237 0.0119352 0.0100597 0.0219949 0.106564 0.245524 0.513555 0.968286 1 
1 0.00205789 0.00125205 0.000346311 0.00131865 0.949758 0.0592991 0.0110686 0.00624692 0.0839538 0.253731 0.864253 0.859815 0.0471626 0.0233749 0.211342 1 0.721513 0.108928 0.00614043 0.00562918 0.0319923 0.132882 0.932141 0.762087 0.343675 0.4199 1 0.647327 0.183082 
0.259175 0.0517584 0.0478547 0.0355861 0.119445 1 0.511624 0.0431843 0.0201457 0.00763306 1 0.622222 0.140957 0.0104019 0.00304374 0.00070922 5.91017e-005 2.95508e-005 0 0 0 0 0 0.000211183 0.00194758 0.00652322 0.0361827 0.176057 0.19044 1 
0.00438567 0.0236561 1 0.139677 0.0498372 0.446143 0.0218619 0.00179414 0.000863845 0.00106319 0.0229167 0.171131 0.647619 1 0.71994 0.477976 0.320833 0.207589 0.109077 0.041369 0.0263298 0.25984 0.52633 0.697606 0.72367 0.918617 1 0.966223 0.836436 0.806117 
1 0.00116637 9.56041e-005 1.91208e-005 0.0380504 0.00418746 0.00118549 0.000554504 0.000248571 0.00110901 0.0241662 0.0942698 0.0128451 0.0178525 0.0245145 0.0996691 0.375686 1 0.679221 0.0535574 0 0 0.00124749 0.0323805 0.362098 0.860172 1 0.5611 0.142323 0.00954602 
0.417502 0.0740135 0.0382335 0.076467 0.447148 0.0838274 0.0455939 0.0721734 0.224494 1 1 0.563502 0.0299763 0.000920326 0 0 0 0 0 0 0 0 0 0 0.00273598 0.0269038 0.138167 0.26539 0.410093 1 
0.0643442 0.0353132 0.012945 0.00837617 0.12669 1 0.1245 0.104036 0.0879497 0.0339806 1 0.351231 0.525972 0.0818256 0.000700362 0 0.000116727 0 0 0 0 0 0 0.000416216 0.000749188 0.00324648 0.0100724 0.0275535 0.355615 1 
0.585427 1 0.0344016 0.00013853 0 0 0 0 0 0.000646472 0.203419 1 0.0996767 0.154536 0.0931132 0.0535364 0.0381074 0.033895 0.0252253 0.00896356 0.000140125 0.00413368 0.00742661 0.0149933 0.0496742 0.107686 0.176697 0.446577 0.65158 1 
0.280488 0.15 0.0634146 0.0146341 0.0402439 0.308537 0.918293 1 0.915854 0.492683 0.416205 1 0.617036 0.211911 0.0595568 0.0263158 0.0180055 0.0145429 0.00484765 0.00277008 0.0113065 0.146985 0.957915 1 0.0307789 0.00690955 0.00125628 0 0 0 
0.214948 1 0.23316 0.0186723 0.00868477 0.0111625 0.0245728 0.0127206 0.00812281 0.0230146 0.0507917 0.160292 0.530244 0.898328 1 0.905088 0.684843 0.431329 0.322896 0.242306 0.381382 0.513532 0.735898 0.737186 0.828591 1 0.854764 0.535739 0.298305 0.149995 
0.00030823 0.00102743 0.0859961 1 0.256755 0.00513716 0 0 0 0 0.00343098 0.0432832 0.200317 0.642386 1 0.811032 0.418844 0.163104 0.0783848 0.037213 0.0536516 0.784986 1 0.576703 0.186862 0.0446756 0.0132599 0.00713994 0.00469196 0.00693594 
1 0.0432692 0.0111336 0.00328947 0.013917 0.200405 0.138664 0.0797065 0.0662955 0.187247 0.658238 0.823002 0.835237 1 0.874388 0.915987 0.328711 0.0986949 0.0383361 0.0203915 0.086144 0.686418 0.82361 1 0.408842 0.0806746 0.0492252 0.00638104 0 0 
1 0.229481 0.0850334 0.058465 0.778366 0.320755 0.397978 0.0750338 0.0137221 0.0391592 1 0.112755 0.109107 0.0377291 0.00693994 0.00211753 0.000680083 0.000247303 9.27386e-005 1.54564e-005 4.19358e-005 0.0781682 0.294347 0.0556068 0.0528391 0.129036 0.407825 0.648578 0.778495 1 
1 0.188615 0.0473623 0.0326311 0.289232 0.301295 0.129968 0.0513647 0.0231252 0.310523 1 0.326123 0.340544 0.332235 0.324269 0.352012 0.20114 0.0338552 0.0112622 0.00384563 0.0421258 0.634617 0.821258 1 0.422331 0.174744 0.130375 0.105997 0.210824 0.622331 
0.000294377 0.00441566 0.00382691 0.00942008 1 0.0465116 0.000588755 0.000294377 0.000294377 0.000294377 0.104301 0.816129 1 0.663441 0.5 0.416129 0.243011 0.106452 0.0258065 0.00967742 0 0.000990099 0.0148515 0.134653 0.440594 1 0.951485 0.60099 0.286139 0.155446 
0.701381 0.12077 0.00894594 0.00247958 0.00529949 0.0553773 1 0.0231914 0.00768184 0.015072 0.240488 0.768206 1 0.96037 0.352038 0.459975 0.56159 0.0776787 0.0334199 0.0193068 0.060093 0.0423566 0.0417364 0.0822326 0.290915 0.273922 0.114667 0.206884 1 0.361984 
1 0.0489052 0.268564 0.339849 0.679906 0.129516 0.0262485 0.0180977 0.0123644 0.0154728 0.138226 0.260917 0.542385 0.664832 0.573089 0.496269 0.769174 1 0.0423242 0.00697248 0.0107044 0.122145 0.114403 0.197744 0.258052 0.347128 0.573736 1 0.604129 0.284909 
1 0.0200835 0.00141385 0.000374755 0.00303211 0.0947619 0.0191636 0.00529767 0.00608125 0.1838 0.422779 0.177634 0.0127008 0.0113452 0.117489 1 0.553853 0.0113452 0.000589362 0 0 0 0 0.00302158 0.0700719 0.288849 1 0.831763 0.372518 0.250791 
0 0 0 0 0 0 0.146831 1 3.35537e-005 0 0.0499805 1 0.0476413 0.0100195 0.109435 0.0420273 0.0435478 0.0258869 0.00354776 0.000350877 0 0.000387541 0.0348302 0.115196 0.141452 0.0395776 0.3126 1 0.0114809 0.000242213 
0.0504937 0.0937685 0.684376 0.363119 0.0922789 1 0.030174 0.00580563 0.000305559 0.00171877 0.192971 0.246321 0.37682 0.958455 1 0.759083 0.52656 0.400889 0.136402 0.0273647 0.446202 0.635859 0.733412 0.78144 0.596324 0.555401 0.574314 0.589166 1 0.583716 
4.12167e-005 0 4.12167e-005 0 0.000206084 1 0.0464512 0.00523452 0.00292639 0.00193719 0.061209 0.208359 1 0.500864 0.000829016 0.000138169 0 0 0 0 0 0 0.000572082 0.00241546 0.00425884 0.0121409 0.0475464 0.255467 1 0.307462 
0.872193 0 0 0 0.000534759 1 0.0122995 0.000534759 0.000534759 0.00106952 0.0063234 0.113821 0.233062 0.255646 0.242096 0.261969 0.263776 0.204155 0.244806 1 0 0 0 0.114901 0.667864 1 0.47307 0.228007 0.218133 0.465889 
0.0832666 0.146037 0.2253 0.20016 0.330184 1 0.491914 0.0232186 0 0.0531625 0.650497 1 0.851741 0.4699 0.323632 0.266915 0.195522 0.0766169 0.0517413 0.0156716 0.811685 1 0.268791 0.127958 0.0978593 0.157573 0.0835345 0.0130372 0.00321906 0.0027362 
0.00765764 0.00406877 0.137963 0.0140842 0.125652 1 0.558048 0.0174227 0.00331761 0.0029629 0.778957 1 0.187926 0.204273 0.0793324 0.0253526 0.028416 0.0389796 0.0167168 0.00551946 0 0.000316222 0.00839746 0.0369277 0.100805 0.0922315 0.342293 1 0.59636 0.973578 
1 0.393013 0.384279 0.0349345 0.200873 0.218341 0.069869 0.0960699 0.183406 0.262009 1 0 0 0 0 0 0 0 0 0 0 0 0 0 0 0 0 0.00978793 0.0522023 1 
0.000167364 0.000334728 0.000167364 0.000167364 0.000167364 1 0.0847699 0.000753138 0.000251046 0.000167364 0.00158788 0.00366435 0.00586295 0.0116038 0.0254061 0.0736534 0.118725 0.155368 1 0.18224 0 0 0.0107037 0.716551 1 0.574628 0.224381 0.046779 0.00158573 0 
0.019685 0.0461044 0.0484528 0.0289059 0.136656 1 0.0198923 0.00241746 0.000725238 0.0032463 0.781131 1 0.864548 0.464006 0.39242 0.234911 0.0351915 0.00651694 0.00370965 0.00120313 0.0294354 0.107395 0.276708 0.268447 0.205887 0.292509 0.477863 0.282162 1 0.0928778 
0.629969 0.0369272 0.00865667 0.00391329 0.0252348 0.187198 1 0.157599 0.0731904 0.291481 0.825202 1 0.420158 0.344121 0.018945 0.00475554 0.00264768 0.000514112 0.000128528 0.000128528 0 0.00179673 0.11703 1 0.875783 0.732822 0.694799 0.634196 0.299616 0.586947 
0.217469 0.0130037 0.00975276 0.0216443 1 0.880999 0.0825562 0.0404654 0.013517 0.00196766 0.326926 1 0.547273 0.0206282 0.00265667 0.01594 0.0652446 0.08431 0.0153149 0.0033599 0 0 0.000673129 0.021944 0.208805 0.416936 1 0.837237 0.6944 0.41007 
0.455986 0.818542 0.285178 0.212996 1 0.264238 0.153676 0.0814941 0.0903432 0.0897258 1 0.484594 0.367644 0.0299528 0.0165642 0.0127879 0.00532113 0.00154484 0.000715205 0.000457731 0 0.00433381 0.014839 0.0263149 0.100128 0.472108 0.335333 0.194952 0.17838 1 
1 0.447853 0.0920245 0.0122699 0.0306748 0.00920245 0.0368098 0.0644172 0.153374 0.444785 1 0.0873362 0 0 0 0 0 0 0 0 0 0 0 0 0 0 0.0383481 0.368732 0.79646 1 
0.000159236 0 0 0 0.000875796 1 0.088535 0.00406051 0.00159236 0.00183121 0.0346691 0.104457 0.366051 1 0.858172 0.942368 0.895543 0.858172 0.697434 0.38181 0 0 0.0114846 0.154622 0.487395 0.915686 1 0.540616 0.379272 0.370588 
1 0.0174453 0.000315395 0.00035482 0.0022669 0.157974 0.0981076 0.0493002 0.00157698 0.00557855 0.720836 0.167423 0.149083 0.417376 0.78408 0.962564 0.825865 0.742957 1 0.470221 0.0303568 0.189697 0.689664 0.974571 1 0.591892 0.178855 0.162363 0.262632 0.363033 
1 0.704643 0.253792 0.253792 0.457914 0.18386 0.339933 0.0790784 0.0186407 0.0987611 1 0.24332 0.0298546 0.00121856 0 0 0 0 0 0 0 0 0.000713674 0.00492435 0.0157722 0.120468 0.236012 0.5668 1 0.145161 
0.41945 0.00374421 0.00108385 0.000492659 0.00699576 1 0.0830624 0.0120209 0.0162578 0.0843433 1 0.524824 0.221336 0.172521 0.0452435 0.00261936 0 0 0 0 0 0 0 0 0.00260805 0.00931446 0.0666915 0.37382 0.598857 1 
1 0.00860901 0.00326823 0.0122758 0.0290155 0.445038 0.120207 0.00573934 0.00597848 0.00932642 0.337461 0.572878 0.263763 0.0244667 0.0404297 0.0742951 0.473221 1 0.248098 0.0237207 0.000255102 0.0255102 0.344515 1 0.272577 0.0316327 0.155357 0.147959 0.270663 0.374872 
0.641146 0.000180148 9.00739e-005 0.000180148 0.00135111 1 0.030535 0.00702576 0.00855702 0.191047 0.00014298 0.0077209 0.0333143 0.070203 0.125679 0.224907 0.752216 1 0.574635 0.144981 0.0195382 0.0213144 0.00873298 0.00991711 0.0325636 0.124778 0.410894 0.854204 1 0.607608 
0.00201816 0.000201816 0.000100908 0 0.00110999 1 0.0247225 0.00474268 0.00565086 0.0224016 0.0011744 0.00626346 0.020552 0.0383637 0.0910159 0.257976 1 0.601096 0.0334703 0.00548052 0.0296237 0.15032 0.878503 1 0.045036 0.0010008 0 0 0 0 
0.196924 0.00577752 0.000976483 0.000488242 0.000406868 0.00333632 0.0564733 0.244202 0.196761 1 0.0646196 0.40055 1 0.963031 0.743966 0.0293309 0 0 0 0 0 0 0.000140607 0.446569 0.980596 1 0.38878 0.115157 0.0123735 0.00309336 
0.936738 1 0.00724876 0.000988468 0.000658979 0 0 0 0 0 0.019802 0.156436 0.394059 0.467987 0.564356 0.858086 1 0.394719 0.0409241 0.00132013 0 0 0.000379363 0.00113809 0.0113809 0.0333839 0.119879 0.403263 0.670713 1 
1 0.840654 0.329928 0.0760981 0.198672 0.257406 0.475996 0.365679 0.439224 0.294178 1 0.0216038 0.000610277 0.000122055 0 0 0 0 0 0 0 0.000180213 0.000180213 0.00883042 0.0282934 0.0495585 0.079654 0.174626 0.168138 1 
1 0.00625151 0.00232544 0.00226504 0.0104192 0.952434 0.000211404 0 6.04011e-005 0.000271805 0.00283468 0.0131037 0.027491 0.0480291 0.0931165 0.244103 0.454458 1 0.555704 0.743167 5.61577e-005 0.0328522 0.180659 0.483855 0.877576 1 0.589824 0.384062 0.119672 0.0025271 
0.972309 0.0245504 0.0154154 0.0137025 0.00999144 1 0.473309 0.0248359 0.0159863 0.0973451 0.189495 0.471164 0.493821 1 0.619464 0.452111 0.486097 0.488157 0.366117 0.134398 0.00900196 0.0841487 0.285714 0.395303 0.465753 0.356556 0.221918 0.217221 0.594129 1 
1 0.257211 0.0150936 0.00134395 0.00268789 0.125297 0.115269 0.0314277 0.0117854 0.0249147 0.122137 0.437094 0.894826 1 0.700311 0.629064 0.379983 0.115352 0.0359061 0.0132881 0.066361 0.530647 0.655164 1 0.564913 0.363417 0.187741 0.216699 0.108832 0.00603282 
0 0 0 0 0 0.042903 1 0.00280674 0.00280674 0 0.00324062 0.307048 1 0.100189 0.00189036 0 0 0 0 0 0 0 0 0 0.0594771 0.479085 1 0.698693 0.666013 0.515033 
0.00047259 0 0 0 0.00708885 0.8954 1 0.0327662 0.00756144 0.00645873 0.0242486 0.813012 1 0.182377 0.0836749 0.0102459 0 0 0 0 0 0 0 0.00680457 0.124932 0.2319 0.596897 0.940664 1 0.46761 
0.0558904 0.0769863 0.0468493 0.020274 0.159726 1 0.200274 0.0205479 0.0260274 0.0164384 1 0.149123 0.00565302 0 0 0 0 0 0 0 0 0 0 0 0 0.00121926 0.0056899 0.029872 0.167039 1 
0.0997921 0.218295 1 0.602911 0.232848 0.043659 0 0 0 0 0.124183 0.650327 1 0.820261 0.447712 0.196078 0.0947712 0.0326797 0.0294118 0.0196078 0.0996169 0.264368 0.153257 0.203065 0.283525 0.398467 0.482759 0.800766 1 0.363985 
0.951083 0.0855905 0.0337386 0.0341579 0.35181 1 0.00139762 0.000279525 0.00011181 0.000894479 0.319729 1 0.940784 0.576113 0.265467 0.0881156 0.0321439 0.0874078 0.971159 0.907284 0 0 0.00278406 0.0548542 0.165279 0.273086 0.327637 0.28549 0.315839 1 
0.564122 0.0178477 0.00806026 0.0357914 1 0.00148731 0.000719666 0.000239889 0.000719666 0.00244686 0.0808416 0.318322 0.411837 0.453673 0.415282 0.498462 1 0.88003 0.122801 0.00283007 0.000243398 0.00182548 0.00377267 0.0393087 0.171839 0.422904 0.833638 1 0.975052 0.689668 
1 0.00777376 0.00269327 0.00471323 0.334517 0.718308 0.0114464 0.00306054 0.0056926 0.00924282 0.350426 0.378593 0.717464 0.410082 0.447205 0.830131 1 0.557995 0.179691 0.0524339 0.00104956 0.0179592 0.203615 0.734927 0.865773 1 0.562915 0.259942 0.137959 0.211895 
1 0.739736 0.153247 0.00493278 0.0121816 0.00989563 0.0136854 0.00460192 0.0127831 0.0298072 1 0.851866 0.170021 0.159024 0.273368 0.454812 0.304116 0.226072 0.0660332 0.0084877 0 0 0.00019073 0.00596033 0.033807 0.248903 0.742037 1 0.619969 0.489414 
1 0.000129316 0 0 0.000129316 0.000258632 0 0 0 0.000258632 0.000162206 0.000486618 0.000162206 0.000648824 0.00081103 0.01103 0.0111922 0.0530414 1 0.176967 0.00148313 0.00259548 0.00148313 0.00444939 0.224509 1 0.199852 0.000185391 0.000185391 0 
1 0.289312 0.0333578 0.0307598 0.0610832 0.589909 0.0299268 0.0147155 0.0195546 0.0500367 1 0.323657 0.238684 0.383036 0.381717 0.364624 0.292847 0.167521 0.0802774 0.0143616 0.00171519 0.0118672 0.0177545 0.0330521 0.0505285 0.141132 0.269052 0.341276 0.609726 1 
0.00217667 0.000997642 0.000362779 0 0.0017232 1 0.0368221 0.00584981 0.00136042 0.00154181 0.311626 1 0.399689 0.00355214 0 0 0 0 0 0 0 0 0 0.000528332 0.0253599 0.0950997 0.563466 1 0.973583 0.402721 
1 0.1133 0.0382579 0.023208 0.033006 0.242646 0.0739833 0.0145102 0.0101717 0.0406452 0.427623 0.502024 0.58444 0.475146 0.467617 0.708225 1 0.777121 0.600065 0.381558 0.529123 0.446583 0.49481 0.724121 0.909025 1 0.738826 0.270689 0.199322 0.208117 
0.0631868 0.469093 0.785714 0.117445 0.337912 1 0.105769 0.00824176 0.0103022 0.0171703 1 0.665374 0.190028 0.115235 0.12133 0.124654 0.0886427 0.0393352 0.00554017 0.00110803 0 0 0.00143988 0.0194384 0.0727142 0.211663 0.411807 0.645068 1 0.693305 
0.0208468 1 0.00453998 9.26526e-005 0 0 0 0 0.000185305 0.000741221 0.0196078 0.109533 0.312035 1 0.896214 0.540568 0.326234 0.188979 0.115619 0.0608519 0.151231 0.668718 0.669689 1 0.759067 0.23899 0.0657383 0.0191062 0.0113342 0.00356218 