0.0522388 1 0.473742 0.417634 0.691266 0.59508 0.194583 0.00856827 0 0 0.822022 1 0.62977 0.386542 0.308185 0.256336 0.143315 0.056219 0.0125255 0.00262161 0.0403433 0.954506 1 0.797139 0.502718 0.226896 0.0283262 0.00143062 0.00171674 0.000858369 
1 0.546745 0.216439 0.0118891 0.00162323 0.000175485 0.00471615 0.00544003 0.0135781 0.109963 1 0.780424 0.572612 0.112568 0.0646379 0.0152451 0.00237015 0.000526701 0.000117045 2.92612e-005 0.00265374 0.173993 1 0.4623 0.105256 0.0383062 0.0994577 0.304488 0.323324 0.00259605 
1 0.332073 0.00660898 0.00106966 0.000592134 0.00112697 0.000611235 0.000744943 0.00122247 0.0034191 0.168204 0.289423 0.552778 0.758206 0.932418 0.974791 0.939713 0.912251 1 0.639562 0.0046837 0.0425683 0.11235 0.196893 0.446256 0.728405 0.730065 0.507915 0.413233 1 
1 0.190142 0.0485026 0.00372709 0.00354553 0.00250154 0.0165828 0.0275371 0.0172989 0.0485833 0.361021 0.22363 0.454608 0.665607 1 0.955346 0.077485 0.0078907 0.00380594 0.00188206 0.00110849 0.0462103 0.250046 0.21327 0.269179 0.473604 0.407787 1 0.37974 0.0691308 
1 0.448312 0.0812236 0.0654008 0.0638186 0.0342827 0.060654 0.0327004 0.0158228 0.0870253 0.168403 0.178819 0.300347 0.447917 0.494792 0.633681 0.831597 1 0.831597 0.517361 0.957627 0.781073 1 0.888418 0.745763 0.502825 0.162429 0.0169492 0.00423729 0 
1 0.317772 0.00411926 0.00647313 0.00333464 0.0035308 0.0103962 0.00686544 0.00411926 0.0174578 0.0166846 0.032831 0.0974166 0.200215 0.653391 1 0.572659 0.342304 0.268568 0.229279 0.128587 0.0523066 0.121322 0.263712 0.593534 1 0.282238 0.0744642 0.019615 0.00871776 
1 0.701252 0.0900417 0.00501888 0.00785132 0.0134168 0.0418406 0.0204731 0.0186842 0.103409 1 0.254848 0.105544 0.0325348 0.0494182 0.167967 0.162126 0.0267397 0.0127766 0.00474561 0.067316 0.285209 0.00783389 0 0 0 0.000242643 0.00294638 0.0329647 1 
0.454172 1 0.0133379 0.000341997 0 0 0 0.000341997 0.00136799 0.00786594 0.991955 1 0.407178 0.170792 0.0643564 0.0142327 0.0117574 0.00309406 0.00371287 0.000618812 0.000278319 0.00166991 0.0058447 0.0044531 0.0044531 0.0102978 0.0211522 0.0347899 0.119399 1 
1 0.219742 0.00667804 0.0134048 0.00862783 0.00682428 0.0411894 0.0244212 0.0377285 0.0882281 0.117879 0.266492 0.195465 0.25 0.499813 0.848951 1 0.659295 0.301349 0.242504 1 0.612321 0.387935 0.288422 0.218238 0.257941 0.160348 0.152792 0.257684 0.465804 
1 0.0695313 0 0 0 0 0 0 0 0.00112809 0.00493675 0.0296205 0.0681888 0.456032 1 0.974082 0.641777 0.0447393 0.00185128 0 0 0 0 0 0 0.000184094 0.0261414 0.124816 1 0.770803 
0.542413 1 0.0256844 0.0101386 0.0270362 0.0398783 0.021291 0.00675904 0.00337952 0.00675904 0.127443 0.256585 0.392523 1 0.881054 0.59983 0.436703 0.236194 0.150382 0.0662702 0.0140078 0.0832685 0.249027 0.390661 0.481712 0.649805 0.760311 1 0.2 0.0474708 
1 0.274899 0.00865972 0.00248645 0.00329241 0.00318952 0.00404692 0.00210062 0.00126037 0.023707 0.0471979 0.0987645 0.231065 0.512838 1 0.735953 0.0568308 0.0189257 0.0123008 0.00791406 0.0634172 0.215944 0.544716 1 0.778151 0.79626 0.243317 0.120757 0.0323138 0.0190227 
1 0.107627 0.000620598 0.000372359 0.00281596 0.00110156 0.00380892 0.00729978 0.00450709 0.0406104 0.0414204 0.382892 0.121246 0.112911 0.207851 0.587136 1 0.470344 0.0291243 0.00463072 0.154496 0.0769448 0.0200497 0.0252845 0.0507509 0.248014 0.629505 0.477515 1 0.362552 
0.251195 0.164296 0.0289272 0.0202301 0.0885504 1 0.0820312 0.0109774 0.0055545 0.0333855 0.209384 0.203697 0.267622 0.311533 0.333461 1 0.634741 0.111363 0.031279 0.0142998 0.125501 1 0.110536 0.100987 0.0753563 0.0459425 0.0283529 0.0209401 0.0243882 0.0773945 
1 0.852755 0.0468908 0.0241405 0.0765925 0.683392 0.523382 0.0922649 0.121082 0.743554 1 0.279558 0.188168 0.0554472 0.00599053 0.000232191 0.000185753 0.000278629 4.64382e-005 0 0 0 0.000373134 0.00360697 0.0112562 0.0390547 0.0869403 0.241791 0.665858 1 
1 0.173928 0.0141401 0.0089937 0.0267813 0.131708 0.0453682 0.0230339 0.0189367 0.0462676 0.308227 0.411838 0.250279 0.150391 0.125698 0.126194 0.170865 0.28403 0.357985 1 0.16539 0.639407 0.440873 0.408561 0.40523 0.426216 0.530646 0.568454 1 0.379247 
0.00419355 1 0.0785484 0.0433871 0.107097 0.124194 0.0209677 0.000322581 0 0 0.174592 0.43648 0.473385 0.296664 0.300923 0.401703 0.638041 0.877218 1 0.811923 0.0962001 0.472342 0.0615681 0.0899471 0.238095 0.596922 0.828764 0.619048 1 0.108706 
0.472197 1 0.273432 0.0663862 0.140923 0.231103 0.362692 0.164585 0.0679637 0.1659 1 0.683226 0.428279 0.289477 0.165825 0.127747 0.112734 0.0868022 0.0839361 0.0281152 0.633954 1 0.420192 0.317118 0.202764 0.102651 0.118725 0.291032 0.0540045 0.0186125 
0.397184 1 0.0322145 0.0125386 0.0372299 0.161844 0.0779321 0.0125386 0.00925926 0.0227623 0.387764 0.472401 0.520239 0.836707 1 0.782429 0.152714 0.0400184 0.00827967 0.00367985 0.0316403 0.775187 0.97627 1 0.753955 0.123231 0.0349709 0.0308077 0.0308077 0.0491257 
0.186532 0.0427012 0.0378402 0.0804461 1 0.295477 0.0221131 0.0138207 0.0231616 0.12086 0.164157 0.48474 1 0.580858 0.276878 0.177098 0.131847 0.0883861 0.060389 0.0330431 0.311201 0.500374 0.57051 0.477045 0.399282 0.421863 0.52445 0.851952 1 0.663526 
1 0.114825 0.0412815 0.0157049 0.0843579 0.170376 0.0754285 0.0178139 0.0222561 0.0206856 1 0.0324695 0.00387251 0.00080429 0.000178731 0.000119154 0 0 0 0 0 0.000606177 0.00526417 0.00468989 0.00705079 0.0142292 0.0252042 0.0238323 0.030245 1 
1 0.714045 0.028395 0.00922435 0.00994626 0.0142777 0.0172455 0.0119516 0.0129141 0.0888746 0.480357 0.524223 0.693902 0.551699 0.708845 1 0.409978 0.246083 0.300072 0.400578 0.15482 0.205061 0.257536 0.316338 0.37086 0.560104 0.548195 0.420729 0.590063 1 
1 0.702915 0.0337133 0.0109553 0.0273378 0.0264098 0.0713003 0.0106325 0.00482195 0.0180974 1 0.69487 0.362792 0.178393 0.104895 0.0702214 0.0436017 0.022579 0.0160537 0.0214869 0.479458 0.0805026 0.114987 0.21781 0.429826 0.675694 0.961613 1 0.805256 0.656013 
0.237338 1 0.360508 0.0567895 0.0222951 0.00227158 0.0119468 0.00673061 0.0079926 0.0288575 1 0.20454 0.0811 0.0376255 0.0655609 0.204714 0.118551 0.0406809 0.0375382 0.00838062 0.0629512 0.0298923 0.0794174 0.171754 0.265991 1 0.837619 0.151488 0.00937302 0.00316656 
1 0.340752 0.00363196 0 0.000838145 0.000372509 0.00260756 0.000465636 0.000279382 0.0555038 0.25735 1 0.871619 0.691298 0.0813406 0.0395923 0.0141121 0.000588005 0 0 0.263099 0.962921 1 0.120426 0.0762534 0.00709334 0.00145091 0 0 0 
1 0.119025 0.0171676 0.00391359 0.0154978 0.0237424 0.00652265 0.00323523 0.00897516 0.0381444 1 0.563535 0.793425 0.260084 0.132199 0.0124738 0.000116577 0 0 0 0 0 0.135986 1 0.234426 0.139348 0.054357 0.0323153 0.0253105 0.590922 
0.583218 1 0.142462 0.0387275 0.0616259 0.0857538 0.137391 0.0975872 0.0508683 0.106654 1 0.480951 0.492022 0.61804 0.859329 0.567568 0.444806 0.29111 0.0573103 0.0237708 0.3549 1 0.665773 0.598775 0.624043 0.684533 0.751531 0.552833 0.374426 0.133614 
0.4502 1 0.0235404 0.0182456 0.0089439 0.0144533 0.0402833 0.0233257 0.0163137 0.0370635 0.145427 0.182169 0.373073 0.596095 0.815776 1 0.938849 0.654933 0.419836 0.191932 1 0.242018 0.128413 0.226747 0.57404 0.849607 0.785747 0.521055 0.39056 0.560389 
1 0 0 0 0 0.00404313 0.328032 0.378706 0.233154 0.720755 0.177503 0.804291 0.795189 0.776333 0.653446 1 0.997399 0.391417 0.314694 0.109233 0.946335 1 0.686518 0.651178 0.538613 0.517016 0.524215 0.67801 0.671466 0.256545 
1 0.0590283 0.0032736 0.00234321 0.0013439 0.00144728 0.00547898 0.00334252 0.004204 0.024328 0.0336544 0.0749009 0.0935977 0.143116 0.230368 0.424363 0.792068 1 0.49983 0.148895 0.153064 0.184231 0.232435 0.300317 0.384839 0.568014 0.907158 1 0.360803 0.143291 
1 0.330473 0.332259 0.134505 0.0380604 0.0200567 0.14596 0.0579939 0.0133643 0.039169 1 0.0161102 0.0506144 0.0931612 0.112201 0.107683 0.130446 0.100782 0.125183 0.189922 1 0.109249 0.0735455 0.0621486 0.0431028 0.040743 0.0361342 0.0241126 0.0136735 0.0253342 
1 0.0363083 0.0249493 0.132657 0.340162 0.227181 0.0131846 0.0030426 0.00162272 0.00892495 0.0657846 0.109151 0.16685 0.242925 0.296215 0.341419 1 0.636163 0.238883 0.0477766 0.641198 1 0.339184 0.177594 0.185338 0.372225 0.815178 0.831182 0.178627 0.0103252 
0.181986 1 0.147363 0.0417693 0.0141695 0.00628388 0.000123213 0 0 0 0.909765 1 0.758653 0.396168 0.282756 0.0618047 0.0380099 0.0290482 0.0111248 0.00309023 0 0.00299572 0.021398 0.0286733 0.0964337 0.0932953 0.0972896 0.0456491 0.225535 1 
0.215262 0.412716 0.0222734 0.0135802 0.0218035 0.271792 1 0.0558714 0.0129693 0.0202998 0.509892 0.514264 0.7262 1 0.79342 0.418516 0.253142 0.130834 0.101541 0.0448136 0.630393 0.534501 1 0.41349 0.213431 0.145538 0.101433 0.0336141 0.0370124 0.108156 
0.503381 1 0.0411881 0.0164688 0.0165011 0.0918239 0.135794 0.0149157 0.0101595 0.0176012 0.513811 0.287574 0.353084 0.544939 0.754319 1 0.808145 0.295335 0.0972211 0.0387215 0.142935 0.127932 0.0960175 0.18767 0.314603 0.697581 1 0.934443 0.801055 0.890616 
0.317994 1 0.400207 0.101344 0.0853154 0.0610134 0.174767 0.115822 0.0589452 0.104964 0.545455 1 0.883838 0.551347 0.262626 0.174242 0.130471 0.0656566 0.0631313 0.0454545 0.331914 1 0.0635649 0.00917431 0.00360419 0.0137615 0.043578 0.0196592 0.0140891 0.0344037 
1 0.675869 0.343902 0.0623336 0.407405 0.0356934 0.266954 0.0600114 0.00604092 0.27755 1 0.185327 0.0408396 0.0122755 0.00440145 0.00168291 0.000899708 0.000478981 0.000423963 0.000783199 0.496549 1 0.213576 0.0520023 0.18179 0.289752 0.0150219 0.00204022 0.000501312 5.8292e-006 
0.0738255 0.118888 0.0690316 0.042186 0.0613615 0.0901246 0.177373 1 0.451582 0.0412272 0.618671 0.688291 0.629747 1 0.550633 0.0205696 0 0 0 0 0 1 0.834933 0.200576 0.0403071 0.0287908 0.0134357 0.00767754 0.00191939 0 
1 0.904278 0.226976 0.141407 0.093546 0.0580131 0.189268 0.0993474 0.0804931 0.190718 0.480409 0.223169 0.37138 0.483816 0.519591 0.809199 1 0.625213 0.614991 0.366269 1 0.378966 0.276972 0.159565 0.0448776 0.0049864 0 0 0 0 
1 0.0817388 0.0150192 0.012429 0.108853 0.196587 0.329817 0.0329002 0.0213695 0.120112 1 0.753066 0.559913 0.502459 0.519826 0.658512 0.850794 0.440149 0.189854 0.102085 0.0944794 0.558522 1 0.51523 0.1736 0.0759624 0.0260385 0.00872736 0.0166509 0.167887 
1 0 0 0 0 0 0.00526498 0.00198515 0.000345244 0.00949422 1 0 0 0 0 0 0 0 0 0 0.0796591 0.0355679 0.0278643 0.0572037 0.0708081 0.152434 0.170136 0.106376 0.231437 1 
0.388445 1 0.0544369 0 0.0272185 0.00617222 0.00596985 0.0372357 0.0025296 0.066579 1 0.159024 0.0240236 0.00256856 0.000226637 7.55458e-005 7.55458e-005 0 0 7.55458e-005 0.0277281 0.623435 0.63715 0.932618 1 0.751044 0.315444 0.144603 0.0915325 0.157424 
1 0.0744479 0.0654696 0.0210368 0.0128449 0.0268694 0.0158595 0.00425978 0.00340782 0.0162527 0.548362 0.104212 0.0555382 0.0712949 0.149142 0.522933 1 0.41092 0.0402496 0.00826833 0.0437158 0.044646 0.0276712 0.0356935 0.230787 1 0.40007 0.115568 0.168004 0.134519 
1 0.547999 0.093427 0.0375389 0.0449577 0.0517335 0.0365498 0.017904 0.0108314 0.101588 0.292509 1 0.738388 0.260218 0.227089 0.16927 0.0350816 0.0073232 0.00418468 0.00125541 0.120677 1 0.792483 0.292483 0.178237 0.0549382 0.0101761 0.00262205 0.000374579 0 
0.250558 0.368468 0.11389 0.0549352 0.0902188 0.723091 1 0.501117 0.0723537 0.11657 1 0.116566 0.258027 0.119591 0.0437413 0.0365286 0.033504 0.0172173 0.0148906 0.01396 0.601537 0.121112 0.0713502 0.0486645 0.0420783 0.0435419 0.0892792 0.213319 0.465423 1 
1 0.751592 0.00509554 0 0 0 0 0 0.000636943 0.00700637 0.039261 0.13164 0.316397 0.56351 0.792148 0.972286 1 0.789838 0.616628 0.401848 0.0769231 0.628959 1 1 0.932127 0.393665 0.108597 0.0196078 0.00754148 0.0105581 
0.018857 1 0.0668683 0.0253572 0.135539 0.00038615 0 0 0 0.000128717 0.0659905 0.284874 0.768595 1 0.238793 0.0414475 0.0162785 0.00626096 0.00237916 0.00137741 0.000246033 0.230164 0.232624 0.0567105 0.142699 0.11785 0.0436708 0.125354 0.434494 1 
1 0.64084 0.00317841 5.997e-005 0 0 0 0 0 0.00053973 0.000862441 0.0224235 0.0963059 0.293086 0.225528 0.253126 0.431364 0.558574 1 0.726319 0.00540401 0.0253474 0.0693515 0.130211 0.184251 0.279722 0.449305 0.558672 1 0.8263 
0.95067 0.00598214 0.00147321 0.0015625 0.00272321 0.0206696 0.401964 0.273259 0.213304 1 0.0834294 0.376009 0.754411 1 0.94769 0.942193 0.90602 0.466531 0.0911428 0.0341342 0.297611 0.724799 0.634972 0.660518 0.862215 1 0.920041 0.489994 0.217744 0.124412 
0.771409 0.0125599 0.00205526 0.000228363 0.000913451 0.00251199 0.0244348 0.0488696 0.140443 1 0.169894 0.519051 0.32792 0.299188 0.323548 0.442848 0.609619 0.997502 1 0.306059 0.909457 1 0.418511 0.170691 0.107646 0.0861838 0.0593561 0.0771294 0.0895372 0.0234742 
1 0.1129 0.00605513 0.000129176 0.000113029 9.6882e-005 0.000920379 0.000694321 0.000855791 0.0696259 0.0182373 0.0242093 0.0240809 0.0202601 0.0322684 0.0817467 0.246653 0.765067 1 0.130647 0.00478433 0.0457928 0.133505 0.214877 0.549894 1 0.613571 0.120064 0.0433627 0.0757898 
0.0819462 1 0.0138711 0.0761844 0.0495092 0 0.000213402 0.000213402 0 0.000853606 0.00564392 1 0.426886 0.0241149 0.00692663 0.00487429 0.000513084 0 0.000513084 0 0 0.00498694 0.0719544 0.104013 0.00854904 0 0.00237473 0.0142484 0.154595 1 
1 0.447132 0.0273376 0.00528218 0.0144565 0.0180706 0.0552312 0.0256695 0.0162172 0.0574553 1 0.208131 0.237468 0.342342 0.40656 0.458304 0.457611 0.320166 0.238623 0.139755 0.380615 0.826845 0.882657 0.77076 0.387966 0.169616 0.142118 1 0.267356 0.0691533 
0.235999 1 0.00563579 0.000352237 0 0.000352237 0.000176118 0.000176118 0.000704473 0.00123283 0.00104058 0.00832466 0.0277489 0.124523 1 0.763441 0.486299 0.0364204 0.00242803 0.000693722 0 0.0135358 0.0198085 0.00726312 0.0171674 0.152195 0.726642 0.204358 0.192143 1 
0.411503 0.0809947 0.0137538 0.0125035 0.0220895 1 0.517366 0.0702973 0.0269519 0.059461 0.263876 0.688372 1 0.647752 0.412403 0.328372 0.254264 0.194419 0.165891 0.112248 1 0.314076 0.277356 0.350551 0.441616 0.488372 0.426928 0.332436 0.246022 0.025459 
1 0.228228 0.00780781 0.0018018 0.000600601 0.000600601 0 0 0.0042042 0.0438438 0.00610998 0.00814664 0.0366599 0.0916497 0.177189 0.372709 0.733198 1 0.961303 0.338086 1 0.873656 0.608871 0.366935 0.030914 0 0 0 0 0 
0.0183846 0.629596 1 0.585594 0.503767 0.57836 0.0474684 0.00316456 0.00120555 0.00346594 0.624167 1 0.236038 0.0369769 0.01076 0.00179334 0.000256191 0.000256191 0 8.53971e-005 0 0.00136737 0.00569736 0.0156108 0.0231313 0.0642662 0.175365 1 0.872265 0.391294 
1 0.312769 0.0667025 0.0112881 0.0127297 0.0522625 0.0499169 0.0192045 0.0156616 0.0339621 0.298342 0.514167 0.513263 0.48312 0.520422 0.729917 1 0.51364 0.157724 0.0426526 0.0964498 0.415829 0.384431 0.867912 1 0.677132 0.367672 0.228743 0.143717 0.226144 
0.309531 0.0964218 0.0165849 0.00597688 0.0178119 0.464099 1 0.619933 0.399066 0.385568 0.698833 0.615744 1 0.561857 0.270623 0.226968 0.187832 0.146014 0.124013 0.0742985 0.26346 0.663228 0.802695 1 0.464291 0.310036 0.1952 0.111784 0.128414 0.468554 
0.123939 1 0.28528 0.0475113 0.115243 0.024392 0.0605911 0.0180288 0.00205034 0.0202206 1 0.773544 0.176013 0.0264226 0.00579806 0.00356167 0.000828295 0.000911124 0.000579806 8.28295e-005 0.153146 0.656053 0.777483 1 0.35532 0.0319687 0.0131413 0.0130149 0.00947688 0.0237554 
0.632953 1 0.0223589 0.0106543 0.0154562 0.322329 0.0373649 0.00495198 0.00435174 0.0103541 0.247643 0.549299 0.90293 1 0.65758 0.0894267 0.0252229 0.0089172 0.00713376 0.00280255 0.0136519 0.0906333 0.280243 0.455442 0.463026 0.768677 1 0.987107 0.783845 0.365188 
1 0.222589 0.00247321 0 0 0 0.000824402 0 0.00412201 0.0239077 0.0402477 0.0495356 0.164087 0.28483 0.458204 0.835913 1 0.755418 0.470588 0.160991 0.229645 0.832985 1 0.68476 0.296451 0.106472 0.0125261 0.00417537 0.00835073 0 
0.00427122 1 0.0396868 0.0122798 0.00996619 0.00462716 0 0 0 0 0.174589 0.611517 1 0.83181 0.103748 0.0191956 0.0059415 0.00228519 0.000457038 0.000457038 0 0 0.0132565 0.0495677 0.121614 0.521037 0.701441 1 0.666282 0.394813 
0.212573 1 5.3171e-005 6.89253e-006 4.03705e-005 2.75701e-005 0.000266839 0.000177237 0.000413552 0.188584 0.054199 0.337439 0.682231 1 0.270943 0.192029 0.0897261 0.0156432 0.000558619 5.56763e-006 0.00342877 0.292929 0.0287191 0.0925767 0.246844 1 0.100881 0.0190798 0.0118644 0.0174126 
0.137209 0.712132 1 0.685829 0.29247 0.591764 0.136833 0.0132707 0.0177537 0.019301 0.486592 0.497352 0.579559 0.33029 0.251642 0.303326 1 0.365918 0.021076 0.00605804 0.00361989 0.360307 0.770663 0.302296 0.311777 1 0.666643 0.216189 0.180014 0.434597 
1 0 0 0 0 0 0 0 0 0 0 0 0.0805085 1 0.807203 0.42161 0.175847 0.0677966 0.00423729 0 0 0.0630631 1 0.490348 0 0 0 0 0 0 
0 0 0 0 0 0 1 0.110791 0.017311 0 0 0.00280899 0.0800562 0.29073 0.515449 1 0.733146 0.123596 0 0 0 0 0 0 0 0.0135922 0.194175 0.18835 0.501942 1 
0.0702777 1 0.0657197 0.00593598 0.00148399 0.00127199 0.00720797 0.00349799 0.00604198 0.0200339 0.0256325 0.0907124 0.118842 0.0795606 0.194907 1 0.204061 0.0359521 0.0248003 0.0159787 0.246637 0.0962631 0.266368 0.193124 0.0382661 0.0672646 0.146487 0.422422 1 0.855306 
0.0193018 0.977823 0.0349076 0.0217659 0.0517454 1 0.0895277 0.0102669 0.00410678 0.00574949 0.2475 1 0.213333 0.225 0.250833 0.167083 0.0916667 0.0395833 0.00916667 0.00125 0.00208008 0.00520021 0.0286011 0.0852834 0.467499 1 0.0655226 0.0982839 0.25741 0.795112 
0.0304561 0.0183973 0.023293 0.0464829 1 0.0217985 0.00803917 0.00154599 0.00082453 0.00103066 0.0180631 0.0685008 0.142837 0.161039 0.181187 0.19397 0.271641 0.477838 1 0.546895 0.0221117 0.0564462 0.226276 1 0.0544807 0.0115472 0.001167 0.000552792 0.000245685 6.14213e-005 
0.0979955 1 0.00222717 0 0 0 0 0 0 0 0 0.0126582 0.411392 1 0.531646 0.468354 0.291139 0.183544 0.0949367 0.0822785 0 0.0154639 0.0463918 0.0618557 0.113402 0.206186 0.298969 0.257732 0.546392 1 
0.362502 0.0125473 0.00843307 0.0111712 0.0212485 0.329941 1 0.0153066 0.00997855 0.0418831 0.873883 0.315338 0.307863 0.520574 0.366241 0.610962 0.23491 1 0.186306 0.0508278 0.0700967 1 0.271178 0.0972203 0.0478422 0.0469206 0.0552604 0.070332 0.0154441 0.00482997 
0.0468443 0.0138569 0.00381487 0.015568 0.0673492 0.831893 1 0.0151192 0.00190743 0.00361851 0.24933 1 0.933534 0.40771 0.181274 0.0878955 0.0512305 0.0189603 0.0158212 0.00376695 0.414793 1 0.741788 0.444987 0.133153 0.0809028 0.0803889 0.0779905 0.0593601 0.0202578 
1 0.110345 0.0212202 0.00636605 0.0161804 0.033687 0.0974801 0.0639257 0.0363395 0.0891247 0.294864 0.37286 0.46988 0.521243 0.724794 0.995561 1 0.561826 0.493976 0.310717 1 0.555582 0.282531 0.180375 0.110216 0.233468 0.218298 0.0466935 0.00758474 0.000711069 
1 0.0707547 0.000150943 0.000377358 3.77358e-005 7.54717e-005 0.000679245 0.000981132 0.00211321 0.0332075 0 0.000829187 0.0421504 0.27681 0.317441 0.192233 0.236042 0.443339 0.669292 1 0.20828 1 0.658703 0.550041 0.263133 0.0786269 0.05984 0.0729444 0.122347 0.392323 
1 0.180159 0.0143379 0.00115772 0.00409654 0.00267165 0.00837118 0.00498709 0.00249354 0.02262 0.563064 1 0.280076 0.0703466 0.029129 0.0192252 0.00990387 0.00553452 0.0061171 0.00626274 0.307759 0.557471 0.638793 1 0.48477 0.30546 0.163506 0.0727011 0.0405172 0.433046 
0.0853175 0.015873 0.00595238 0.0297619 0.0357143 0.462302 1 0.369048 0.168651 0.121032 0.330275 0.440367 0.559633 0.614679 0.743119 0.963303 1 0.715596 0.954128 0.715596 1 0.43921 0.221885 0.0744681 0.0167173 0.00151976 0.00151976 0.00151976 0 0 
0.497943 0.0194754 2.08851e-005 1.04426e-005 0.00053257 0.00803033 0.43016 1 0.0597732 0.0600343 1 0.0503486 0.00119109 0.000529372 0.000238218 7.41121e-005 1.05874e-005 0 0 0 0 0.000379573 0.0015494 0.00626606 0.0208392 0.0613166 1 0.144549 0.00205965 7.46701e-005 
0.00122574 1 0.0257406 0.00061287 0 0 0 0 0 0 0.000307031 0.0970218 1 0.422168 0.0208781 0.00368437 0.000307031 0 0 0 0 0 0 0.000223164 0.000223164 0.00290114 0.0111582 0.0301272 0.0778844 1 
1 0.542867 0.0158412 0.00304639 0.00191488 0.00974846 0.0185395 0.00339455 0 0.00522239 1 0.0459874 0.0241117 0.00882282 0.00483442 0.00592217 0.00501571 0.000846024 0.000604303 0.00616389 1 0.6406 0.54451 0.15005 0.0637715 0.0313086 0.0145722 0.00721397 0.00923388 0.191892 
0.50225 1 0.000104657 0 0 0 0 0.000104657 0.00429095 0.0231293 0.160556 0.0508028 0.10544 0.316798 0.739995 1 0.858375 0.200575 0.0424155 0.0138989 0.00484517 0.112281 0.230672 1 0.630714 0.493154 0.201812 0.18201 0.0754161 0.148515 
0.78079 0.341496 0.207283 0.257534 1 0.495905 0.139461 0.0540669 0.0279876 0.130953 0.692214 1 0.847065 0.855426 0.914475 0.936771 0.817105 0.54642 0.344713 0.124891 1 0.624423 0.307432 0.159381 0.0973043 0.0831275 0.0374288 0.00912899 0.001074 0.000966599 
1 0.00710425 0.00015444 0.00015444 0.00108108 0.0376834 0.032278 0.00262548 0.00957529 0.0886486 0.00884275 0.0749712 0.388312 1 0.824683 0.338716 0.130334 0.0584391 0.0311419 0.0253749 0.0510141 0.620774 0.440996 1 0.232329 0.00153657 0 0 0 0 
1 0.0188537 0.00980392 0.000754148 0.00754148 0.0761689 0.405732 0.0746606 0.0392157 0.168175 0.264012 0.759587 1 0.964602 0.365782 0.0988201 0.0368732 0.0117994 0.0103245 0.00442478 0.0382353 0.575 1 0.142647 0 0 0 0 0 0 
0.0339806 1 0.0201366 0.000359583 0.0021575 0 0.00107875 0.000539374 0 0.00179791 0.125694 0.353472 0.547917 0.847917 1 0.742361 0.3625 0.0722222 0.0256944 0.0125 0 0.148497 0.628167 1 0.744255 0.50383 0.263995 0.137301 0.0306423 0.0176783 
1 0.915954 0.322757 0.0196017 0.0236294 0.0127098 0.0219288 0.0106512 0.0110092 0.0490043 0.295832 0.671117 1 0.702051 0.434223 0.435444 0.447981 0.180397 0.0474601 0.0284923 1 0.808615 0.153881 0.0209756 0.0100162 0.00875853 0.0086687 0.0258714 0.0406486 0.318496 
1 0.0761682 0.00869856 0.00434928 0.00814096 0.00814096 0.0630088 0.0721534 0.0384744 0.0767258 0.414469 0.18273 0.11902 0.103851 0.107585 0.191365 1 0.67818 0.0256709 0.00396733 0.198578 0.360777 0.29814 0.122265 0.0765864 0.130744 0.349289 1 0.66767 0.121444 
0.00113339 0.00906708 0.039881 0.759014 1 0.135581 0.000141673 0 0 0 0.908168 0.958397 1 0.475859 0.169473 0.102825 0.0609434 0.0269932 0.0236538 0.00598302 0.357033 1 0.257687 0.0718263 0.0903882 0.214349 0.198773 0.0143653 0.00443871 0.00685982 
0.456971 0.0981067 0.0314114 0.00258176 0.00430293 0.0111876 1 0.351979 0.00473322 0.0202238 1 0.46777 0.101 0.0103413 0.00448121 0.00241296 0.000344709 0.000689417 0.000344709 0 0.181577 1 0.456599 0.205049 0.105403 0.023915 0.0181577 0.0447299 0.00398583 0 
1 0.645171 0.0740146 0.0175509 0.0516498 0.0397152 0.0760205 0.033096 0.0182529 0.168388 1 0.258675 0.149159 0.123397 0.136219 0.130926 0.138572 0.123162 0.140454 0.137513 0.180812 1 0.718215 0.482388 0.142402 0.18165 0.299564 0.394163 0.137873 0.0149279 
0.0784988 0.299379 1 0.876869 0.384382 0.360683 0.129074 0.0242599 0.00205592 0.0172324 0.893571 1 0.240845 0.0355025 0.0124324 0.0073866 0.00374532 0.00252289 0.00205472 0.00111839 0.0736599 0.552834 0.623663 1 0.254875 0.055839 0.0516808 0.25449 0.0779579 0.0205815 
1 0.511344 0 0 0 0 0 0 0 0 1 0.256094 0.122474 0.13214 0.0692845 0.00555016 0.000925027 0.000138754 9.25027e-005 0 0 0.000691259 0.00333061 0.0030164 0.00433608 0.00860931 0.0415384 0.111984 1 0.982341 
0.236745 1 0.00336875 0.00091875 0.00130489 0.00284946 0.188477 0.00852174 0.00334212 0.00545924 0.0995481 0.130067 0.358704 0.416807 1 0.432319 0.372193 0.269239 0.103662 0.0818102 0.353096 0.0570073 0.0249125 0.0865843 0.142876 0.168955 0.26341 0.299534 0.491678 1 
1 0.431944 0.00188029 0.000208921 0 0 0 0 0 0.00219367 0.00652863 0.00802089 0.0255549 0.126096 0.674688 1 0.661817 0.0568924 0.00410371 0.000932662 0 0.0016186 0.0904944 0.617863 1 0.309447 0.00338434 0.000294291 0 0 
1 0.20172 0.0114843 0.00450697 0.00626073 0.00537442 0.021988 0.0254012 0.0230251 0.129853 0.0899082 0.123046 0.218111 0.365917 0.519308 1 0.829905 0.48241 0.227778 0.0690155 0.623298 0.674497 0.398988 0.596916 1 0.846946 0.153355 0.0517408 0.13926 0.0813757 
1 0.129647 0.0173077 0.00961538 0.0482372 0.0357372 0.158814 0.215705 0.230288 0.80016 1 0.682248 0.242182 0.160423 0.178827 0.169544 0.0851792 0.045114 0.0312704 0.0237785 0.608851 1 0.674117 0.231113 0.257711 0.276039 0.0958873 0.0415735 0.0406795 0.463791 
1 0.0120406 0 0 0 0 0 0 0 0 0 0.0204678 0.611111 0.423977 0.47076 0.678363 1 0.961988 0.380117 0.0964912 0 0 0 0.00471698 0.0919811 0.521226 1 0.941038 0.785377 0.42217 
0.0890052 0.0252841 0.0444388 0.048142 0.0169838 0.0131529 1 0.541821 0.0647427 0.0579747 0.0676628 0.351283 0.966732 1 0.610093 0.422893 0.251762 0.147449 0.126022 0.063152 0.346317 0.873412 0.955123 1 0.886537 0.876376 0.743438 0.437341 0.153683 0.0321761 
1 0.253261 0.0511071 0.0341829 0.117065 0.32738 0.159342 0.0270921 0.0143153 0.136932 1 0.453435 0.0517835 0.022649 0.0152006 0.0176834 0.024473 0.0132752 0.00592825 0.00116538 0.00058504 0.00392812 0.0173005 0.0244881 0.0592562 0.112578 0.224405 0.591977 0.615044 1 
1 0.605289 3.41239e-005 0 0 0 0 0 3.41239e-005 0.00180857 0 0 0.000934117 0.00456069 0.0199462 0.057091 0.10017 0.223584 0.985823 1 0.000124774 0.00505334 0.0134132 0.0439828 0.128704 0.249922 0.34475 0.448 0.704348 1 
1 0.0507983 0.0330999 0.0454135 0.0806974 0.10717 0.0565597 0.010732 0.006025 0.0123889 0.844315 0.208244 0.348452 1 0.911738 0.717591 0.703187 0.231076 0.121054 0.0622127 0.812615 0.146431 0.109428 0.161312 0.29813 0.45694 0.618515 0.633395 0.669081 1 
0.715915 0.0211874 0.0142851 0.0119261 0.0346861 0.04054 1 0.101044 0.0469617 0.58167 0.599455 0.36419 0.438261 0.100577 0.061499 0.140615 1 0.2086 0.230782 0.986547 0.0527213 1 0.827199 0.0631661 0.104306 0.271991 0.929942 0.547392 0.147719 0.232699 
0.36735 0.00954353 0.000858412 0.000454454 0.000353464 0.342759 1 0.253686 0.119319 0.2092 0.111292 0.54747 1 0.184062 0.14673 0.0176305 0.00290903 0.000440762 0.000176305 0 0.000760002 0.290212 0.184898 0.107866 0.0237772 0.0551544 0.169263 1 0.624885 0.0196515 
0.124562 0.448375 0.292488 0.660217 0.534242 1 0.920951 0.016768 0.00411523 0.00841472 1 0.234149 0.166328 0.160318 0.164338 0.174687 0.148816 0.0954428 0.0994229 0.0456517 1 0.228741 0.146617 0.134222 0.0696296 0.0784691 0.0978765 0.130469 0.983556 0.354568 
1 0.83062 0.332444 0.0649408 0.0102304 0.00240192 0.00124544 0.00071168 0.00115648 0.0242861 1 0.807399 0.552254 0.305202 0.0922543 0.0443931 0.0331792 0.0285549 0.0320231 0.0201156 0.115212 0.454477 0.789996 1 0.385163 0.191457 0.334395 0.745036 0.754964 0.00543275 