0.0119634 0.0120837 0.00348683 0.000330648 0.00147289 0.00138271 1 0.88286 0.023957 0.0021943 0.101948 0.0480284 0.108079 0.140298 0.17949 0.200409 0.236475 0.305061 0.535405 1 0.0701721 0.167939 0.494713 1 0.931677 0.205016 0.0560429 0.0254137 0.0161206 0.0925513 
1 0.437514 0.0726568 0.000730501 0.0767588 0.00157339 0.129636 0.00870982 0.00567543 0.00168577 1 0.0703762 0 0 0 0 0 0 0 0 0 0 0 0 0 0 1 0.0708155 0.0263526 0.0701728 
0.011806 4.77008e-005 2.38504e-005 0 2.38504e-005 0.0520416 1 0.00422152 0.00193188 0.00295745 0.0488727 0.857846 1 0.0101116 0.0193122 0.0200865 0.0202232 0.0251879 0.0295149 0.0179913 0 0.000244215 0.00167898 0.00274742 0.0044264 0.00738751 0.0129739 0.0464009 1 0.297576 
0.100371 0.0588752 0.0041984 0.000292912 0.000292912 0.00195274 1 0.242335 0.0143527 0.0236282 1 0.327754 0.241728 0.202413 0.156481 0.223044 0.337485 0.31919 0.557805 0.60724 1 0.465935 0.168276 0.0863871 0.0404815 0.0355867 0.0506681 0.0306919 0.05424 0.0273846 
0.00159909 6.60781e-005 0 0 0.00709679 1 0.126421 0.0139821 0.05314 0.00865624 0.740786 1 0.0208523 0.00468569 0.00255583 0.00340778 0.004422 0.00501024 0.0184385 0.0019473 0.10524 0.00800056 0.0166988 0.0370491 0.0566086 0.13273 0.258344 0.511617 1 0.00481429 
1 0.021919 0.0108869 0.00449993 0.00261286 0 0.000145159 0.000290318 0.00232254 0.390768 0.894896 0.000865052 0.00951557 0.0181661 0.0354671 0.211073 1 0.970588 0.415225 0.142734 1 0.813941 0.246223 0.0124569 0 0 0.00132521 0.0914392 0.19507 0.256825 
1 0.000653026 0 0 0 0 0 0 0.000780003 0.0107386 0.0241089 0.0396436 0.13813 1 0.463853 0.182044 0.0206792 0.00346335 0.00131137 0.000874243 0 0.000538956 0.00249267 0.0731633 0.0794961 0.434197 1 0.225789 0.039647 0.024253 
1 0 0 0 0 0 0 0 0 0 1 0 0 0 0 0 0 0 0 0 1 0.519741 0.0968104 0.0346744 0.00593044 0.00170968 0.00106855 0.000160282 0 0 
1 0.134195 0.0246253 0.0167876 0.0108563 0.00127098 5.29577e-005 0.000105915 0.000423661 0.00217127 0.362635 0.744784 1 0.0641422 0 0 0 0 0 0 0 0 0 0 0 7.27008e-005 0.0171574 0.198037 0.419048 1 
1 0 0 0 0 0 0 0 0 0 0 0 0 0.00178253 0.0196078 0.0641711 0.0891266 0.335116 1 0.0213904 0 0 0 0 0 0.00824742 0.136082 0.610309 1 0.0164948 
1 0.804281 0.182909 0.0614561 0.156316 0.15437 0.0382682 0.0173504 0.0656721 0.119507 1 0.0688593 0.0342197 0.0177047 0.00125962 0 6.9979e-005 0 0 0 7.03928e-005 0.00154864 0.00450514 0.00464592 0.00366043 0.0058426 0.0175982 0.0297058 0.0611713 1 
0.985365 1 0.200961 0.290738 0.522717 0.754696 0.0635649 0.00480559 0.00109218 0.00415028 1 0.457571 0.404326 0.408578 0.538732 0.399519 0.0310593 0.000184877 0 0 0.00046649 0.00388742 0.026279 0.159229 0.432437 1 0.75276 0.209299 0.0827243 0.0580003 
0.572595 1 0.110708 0.0108893 0.00998185 0.00725953 0.00453721 0.000907441 0.00998185 0.0435572 0.444706 0.722353 0.997647 1 0.628235 0.338824 0.157647 0.101176 0.0729412 0.0494118 0.000865801 0.0034632 0.000865801 0.017316 0.0277056 0.0458874 0.0935065 0.155844 0.343723 1 
0.136351 0.499955 1 0.0557092 0.0242194 0.0394737 0.0543265 0.0115522 0.00633363 0.0111508 1 0.802266 0.455086 0.2046 0.113629 0.116718 0.309761 0.490331 0.58485 0.5908 0.000218261 0.00465624 0.0332485 0.0639505 0.131466 0.36195 1 0.682867 0.413532 0.307894 
0.39324 0.0286706 0.12434 0.137468 0.249736 1 0.053116 0.0069413 0.0230874 0.131432 0.0954757 0.592482 0.812708 1 0.895542 0.505323 0.26314 0.153693 0.126414 0.071191 0.296957 0.78271 1 0.505137 0.144602 0.0277185 0.00193836 0 0 0.000193836 
0.0323595 1 0.917988 0.123936 0.0658326 0.0343246 0.0187999 0.00144111 0.00661601 0.00884318 0.676526 1 0.415316 0.0769854 0.0349136 0.0248514 0.0178282 0.0116829 0.00668558 0.00263371 0.0518893 0.0199941 0.0164237 0.0274323 0.0496281 0.0822969 0.181672 0.22285 0.355549 1 
0.154135 1 0.240018 0.123683 0.189451 0.349108 0.109343 0.0170754 0.00369882 0.0289826 1 0.297955 0.148054 0.152036 0.109254 0.037773 0.014945 0.0083347 0.00661028 0.00443423 0.0219995 0.0400917 0.0847702 0.230358 0.443133 0.804638 1 0.677737 0.327869 0.0834112 
1 0.0211771 0.0123762 0.00880088 0.00770077 0.0030253 0.00440044 0.0126513 0.0382288 0.443069 0.00776398 0.0295031 0.0582298 0.112578 0.277174 0.667702 0.976708 1 0.693323 0.236025 0.823881 0.289552 0.448756 0.439801 0.597015 1 0.902488 0.716418 0.318408 0.0766169 
0.0182648 1 0 0 0 0 0 0 0 0 0.0809061 0.543689 1 0.478964 0.0550162 0.00647249 0 0 0 0 0.00211864 0.0275424 0.258475 1 0.129237 0 0 0 0 0 
0.483811 0.0470823 0.0367846 0.0314377 0.160044 0.875569 1 0.0260743 0.0146214 0.0124926 1 0.86761 0.380951 0.00557739 1.38397e-005 1.38397e-005 0 0 0 0 3.08957e-005 0.178932 1 0.633083 0.124973 0.0371829 0.0122965 0.00718324 0.032873 0.489542 
1 0.049497 0.0233367 0.00338457 0.0077789 0.0100041 0.057145 0.0221399 0.0050488 0.00688133 1 0.0128564 0.00332658 0.000417832 0.000289268 0.000208916 8.03523e-005 9.64227e-005 0.000176775 0.000289268 0.0059961 0.00527157 0.010793 0.0247589 0.0640584 0.086144 0.101109 0.119772 0.165642 1 
1 0.356215 0.063303 0.00447524 0.0188393 0.00822867 0.211997 0.0606323 0.00440306 0.0243973 1 0.223675 0.115759 0.0487877 0.0188971 0.0109936 0.00606133 0.00261469 0.00231757 0.00184217 1 0.575423 0.18429 0.0763111 0.0281146 0.00641075 0.00301228 0.00131305 0.00038619 0 
0.304735 0.0118959 0.000401307 0.000171989 0.00134725 0.00971736 0.110818 0.0984922 0.220977 1 0.95546 0.978411 0.993873 1 0.57279 0.395507 0.281922 0.329962 0.201887 0.0957892 0.358575 1 0.827701 0.465172 0.0672749 0.0135269 0.0199083 0.00480856 4.49398e-005 0 
1 0.472853 0.000767998 0.000567651 0.000434086 6.67824e-005 0.000333912 0.000601042 0.00297182 0.0320556 0.0011283 0.00134322 0.0067161 0.0224586 0.061412 0.228831 0.484311 0.517677 1 0.0449173 0.178053 0.171802 0.125251 0.149754 0.127484 0.113921 0.135354 0.510605 1 0.0129493 
0.961538 0 0 0 0.645299 1 0 0 0 0 1 0 0 0 0 0 0 0 0 0 0 0 0 0 0.0185185 0.234568 1 0.62963 0 0 
1 0.0588031 0.0219207 0.0125261 0.0184412 0.180237 0.667015 0.0758525 0.0546277 0.864649 1 0.222557 0.382992 0.573583 0.576598 0.556092 0.737636 0.823884 0.106152 0.0217129 0.27622 0.27622 0.395122 0.731707 0.671951 0.609146 0.633537 0.346341 0.236585 1 
0.230374 0.125923 0.222545 0.0118542 0.00424961 0.0100649 0.0896891 0.273988 0.130396 1 0.115702 0.431818 0.794766 1 0.869146 0.897383 0.892562 0.75551 0.417355 0.21832 0.0004649 0.0134821 0.142724 0.540679 0.828452 0.97722 1 0.605765 0.195258 0.0590423 
0.000114438 0.003395 0.100248 0.168606 0.135876 1 0.00995613 0.00019073 7.62922e-005 3.81461e-005 0.756311 1 0.379424 0.486109 0.611696 0.787517 0.597488 0.0969174 0.00177597 0 0 0 0 0.00617838 0.0765321 0.4287 0.786049 0.796712 0.61146 1 
0.221255 1 0.151317 0.0201468 0.00719528 0.00705137 0.0127356 0.00388545 0.00295006 0.195208 0.489339 1 0.547061 0.105359 0.0189205 0.00384172 0.000192086 0 0 0 0 0 0 0.0120777 0.0617643 0.255466 0.687051 0.755389 1 0.674056 
0.398068 1 0.00218978 0.000214684 4.29369e-005 0.000644053 0.00171748 0.0052383 0.00755689 0.0085015 0.0418247 0.23512 1 0.242649 0.0968947 0.0668315 0.0501786 0.0429788 0.0335807 0.0122561 0 0 0.000261461 0.0104584 0.0798327 0.257364 0.75841 1 0.447708 0.336761 
0.286864 1 0.00841177 0.0026372 0.000818442 0.00100032 0.0026372 0.00304642 0.00254626 0.00832083 0.00774311 0.0176497 0.0250512 0.0412207 0.0635391 0.140173 0.264063 0.541221 0.887156 1 0.0857262 0.245458 0.121725 0.0755965 0.0693177 0.10473 0.179154 0.293931 1 0.247886 
0.0113941 0.000484063 0.0870197 0.281762 1 0.410188 0.00368633 0 0 0.000186178 1 0.233111 0.0243941 0.00952937 0.00557428 0.00350384 0.00153956 0.00116795 0.000318531 0.000159265 0.000602531 0.00843543 0.0454911 0.0886724 0.342338 0.914541 1 0.900582 0.992368 0.547198 
0.208977 0.241619 0.12933 0.050124 0.0713257 1 0.169934 0.0141211 0.00616049 0.0207217 0.629264 1 0.875188 0.786546 0.650637 0.70722 0.719414 0.580628 0.406768 0.147554 0.831282 0.857331 0.991516 1 0.888398 0.644641 0.29669 0.12857 0.0634484 0.0101565 
0.356943 0.106042 0.0332133 0.00960384 0.0132053 0.109244 1 0.65026 0.348539 0.42617 0.117616 0.584353 0.85471 1 0.811602 0.368281 0.219798 0.0548164 0.0170303 0.0143693 0.00927046 0.0753728 0.198307 0.540508 1 0.794841 0.346231 0.0878678 0.0201532 0.00282144 
0.787064 1 0.180176 0.0142797 0.00167997 0.00209996 0.00881982 0.0260395 0.111718 0.335153 0.097869 0.647987 0.932912 1 0.730071 0.418311 0.205209 0.116022 0.104972 0.062352 0.171664 0.368816 0.417541 0.556222 0.751124 1 0.67991 0.245877 0.113193 0.0989505 
0.0187266 1 0.797753 0.172285 0 0 0 0 0 0 0 0.139344 0.721311 1 0.622951 0.418033 0.286885 0.270492 0.180328 0.0819672 0.190476 0.544218 0.972789 1 0.612245 0.238095 0.0340136 0.0136054 0.00680272 0 
0 0 0 0 0 0.000398406 1 0.0661355 0.00537849 0 0.00122737 0.0816201 0.363915 1 0.202516 0.00184106 0 0 0 0 0 0 0.0408805 0.601258 0.690566 0.975472 1 0.0761006 0 0 
1 0.154756 0.0519812 0.0250671 0.0901975 0.0845244 0.648973 0.0748934 0.0420423 0.148643 1 0.410198 0.466075 0.481042 0.523947 0.593494 0.549591 0.340251 0.274795 0.120335 1 0.109038 0.0465879 0.0381262 0.0300827 0.0259644 0.0284418 0.0367749 0.0664071 0.316689 
0.15387 1 0 0 0 0 0.00125865 0.000629327 0 0.00723726 0.126246 0.228128 0.331118 0.932447 0.997785 1 0.472868 0.00442968 0 0 0 0.0238342 0.34715 0.85285 0.78342 0.106736 0.115026 1 0.596891 0.00414508 
0.540086 1 0.00785418 0 0.00037048 0 0.000222288 7.4096e-005 0 0.000296384 0.0556321 1 0.0494861 0.00238423 5.29829e-005 0 0 0 0 0 0.00210487 0.0188819 0.0221631 0.0411069 0.065251 1 0.144617 0 0 0 
0.0396523 0.00213512 0 0 0 0 0.00549032 0.242184 1 0.214275 0.264266 0.741621 1 0.0912591 0.089221 0.0407609 0.00249094 0.00113225 0.000679348 0 0.00686548 0.0308947 0.124008 0.485518 1 0.290281 0.0918258 0.0725166 0.00944003 0.00407638 
0.00874284 1 0.4489 0.00150739 0 0 0 0 0 0 0.00987224 0.349884 1 0.0455865 0 0 0 0 0 0 0 0 0 0.00210305 0.161409 1 0.951104 0.287592 0.0835962 0.0588854 
0.480769 0.156593 0.0413919 0.039011 0.0842491 0.893223 1 0.1837 0.0565934 0.0686813 0.856685 0.854853 0.997253 1 0.938187 0.842949 0.736264 0.368132 0.208791 0.108059 1 0.555234 0.291199 0.169504 0.13075 0.300435 0.262767 0.172401 0.0764216 0.0117711 
1 0.481282 0.114302 0 0 0 0 0 0 0 0 1 0.608851 0.0278189 0.00331785 0.00280741 0.00382829 0.00923894 0.0248073 0.0638048 0 0.00144004 0.117142 0.00947106 0.00980338 0.0392135 0.071393 0.163833 0.492772 1 
0.00169865 0.00379038 0.00112308 0.00101077 0.00262519 0.0326253 1 0.0283576 0.00113711 0.000926537 0.086604 0.184132 0.639225 1 0.728814 0.538825 0.417704 0.319725 0.20857 0.0943747 0.0975986 0.228388 0.426758 0.590309 0.664837 0.839108 0.883705 0.959262 1 0.866981 
1 0.237065 0.00513498 0.00129597 0.00119816 0.00207844 0.000904734 0.000635759 0.0378766 0.320276 0.115764 0.156281 0.322378 0.692672 1 0.536843 0.304862 0.12427 0.0310046 0.00956312 0.024742 0.864888 0.0871102 0.0580355 0.0887635 0.191893 0.357391 0.4087 0.663873 1 
0.938135 1 0.136103 0.0234202 0.347768 0.0826337 0.368537 0.0220946 0.00441891 0.0742377 1 0.611039 0.793507 0.807792 0.541558 0.244805 0.126623 0.0487013 0.0350649 0.0396104 1 0.432721 0.419366 0.287145 0.093823 0.0287145 0.00300501 0 0 0 
1 0.0761583 1.69958e-005 5.09875e-005 0 0 0 3.39916e-005 0.0463136 0.065128 0.0208433 0.518317 1 0.317733 0.101833 0.0326947 0.0265625 0.0228132 0.0432116 0.0791154 0.0129193 0.179408 0.0320809 0.0197938 0.0510055 0.168109 0.306744 0.618269 1 0.372605 
1 0.144295 0.0771812 0.100671 0.201342 0.278524 0.16443 0.0939597 0.369128 0.674497 1 0.0915663 0.0156627 0.00481928 0.00240964 0 0 0 0 0 0 0 0 0 0 0 0.00861009 0.0369004 0.0922509 1 
0.357356 0.00422542 0.00451028 0.00332336 0.00887813 1 0.865689 0.0891611 0.0246404 0.024403 0.043833 0.132018 0.317511 0.999629 1 0.682934 0.348884 0.115034 0.0548098 0.0189127 0.00131433 0.0567239 0.347191 0.807277 1 0.378044 0.288807 0.296693 0.240039 0.0548561 
1 0.896292 0.0252392 0.00430622 0.0139952 0.0285885 0.0160287 0.0129187 0.0181818 0.100837 0.863459 1 0.421314 0.0839941 0.00631636 0.00255342 0.000134391 0 0 0 0 0 0 0 0 0.00194523 0.0917253 0.584318 0.969475 1 
1 0.180962 0 0 0 0 0 0 0 0 0 0 0 0.00990099 0.101485 0.641089 1 0.711634 0.310644 0.019802 0 0 0 0.00433651 0.128361 0.453599 1 0.352992 0.0190807 0 
1 0.68294 0.00981584 0.00191105 0.00138985 0.00208478 0.00512509 0.00425643 0.00616748 0.0731411 1 0.668528 0.611705 0.633803 0.706411 0.564837 0.399223 0.180185 0.0951918 0.0456532 0.00235457 0.0328255 0.0631579 0.111911 0.178255 0.310249 0.442382 1 0.675485 0.03241 
0.0195281 0.012077 0.00810307 0.00689227 0.0445203 1 0.495095 0.0273207 0.00866191 0.00931388 0.449119 0.586945 0.552884 0.638827 0.864178 1 0.980386 0.356955 0.0794052 0.0143415 0.194757 0.527301 0.149221 0.0834812 0.25409 0.865464 0.926769 1 0.500986 0.67741 
1 0.511029 0.270221 0.0165441 0 0.00919118 0.21875 0.336397 0.0772059 0.0514706 0.219512 0.699187 1 0.894309 0.597561 0.630081 0.573171 0.471545 0.247967 0.0894309 0.00518135 0.0233161 0.11658 0.388601 0.748705 1 0.777202 0.297927 0.0880829 0.0647668 
1 0.465317 0 0 0 0 0 0 0 0.00822264 0 0.245788 0.664024 0.542121 0.976214 1 0.947473 0.680872 0.581764 0.373637 0.165326 0.866845 1 0.752458 0.562109 0.656836 0.680071 0.438785 0.262735 0.86059 
1 0.549468 0.220886 0.152868 0.222604 0.0970457 0.104088 0.0316043 0.0195809 0.236001 1 0.313424 0.195469 0.135368 0.10073 0.0953005 0.100356 0.110092 0.14604 0.289084 1 0.7005 0.299935 0.185394 0.146925 0.117366 0.147142 0.281461 0.0932406 0.361226 
0.00632389 0.354505 0.0202548 0.0116396 0.154431 1 0.0756118 0.00229127 0.00944002 0.00375768 0.305081 0.76843 0.147647 0.0737193 0.0814244 0.104748 0.123282 0.175552 0.389838 1 0.000289771 0.00231817 0.0596928 0.387134 0.672559 0.673718 0.757751 0.731962 0.894234 1 
0.308556 1 0.0632809 0.00852465 0.00721663 0.00216499 0.00595372 0.00270624 0.0840287 0.171666 1 0.875064 0.265649 0.119826 0.0472023 0.0170542 0.00772867 0.00332141 0.00159683 0.00127747 0.0102283 0.0350991 0.0797804 0.13609 0.228467 0.39255 0.611865 0.79522 1 0.65913 
1 0.0376063 0.00810674 0.0034904 0.00427856 0.00320892 0.00213928 0.00101334 0.0113157 0.123571 0.283728 1 0.822353 0.0477109 0.000507563 0 0 0 0 0 0 0 0 0 0 0.000900901 0.030518 0.577477 1 0.780968 
0.376464 0.15765 0.0444321 0.034393 0.163041 1 0.0825432 0.0128277 0.00260271 0.0470348 1 0.12937 0.00727914 0.000882321 0.00055145 0.00077203 0.00011029 0.00011029 0 0 0.00607753 0.00377792 0.000985545 0.00065703 0.000821288 0.000492773 0.00689882 0.0773653 0.600197 1 
1 0 0 0 0 0 0 0 0 0.00767679 0.0385193 0.134335 0.0424893 0.131652 0.632618 1 0.425429 0.051824 0.00761803 0.000214592 0 7.41015e-005 0.0372731 0.426306 1 0.0850685 0.017488 0.0146721 0.119452 0.00185254 
1 0.50651 0.0185229 0.00597704 0.00710143 0.0110072 0.0113623 0.00757486 0.012605 0.023849 0.672026 0.548231 0.932017 1 0.68305 0.455443 0.297657 0.211989 0.181902 0.156178 0.629302 0.776769 0.512667 0.438098 0.429254 0.450048 0.559512 0.809751 0.874761 1 
0.0293234 1 0 0 0 0 0 0 0 6.00889e-005 0 0.000194288 0.00680008 0.0328347 0.161259 0.486303 0.902273 1 0.520109 0.114824 0.0104729 0.0717987 0.368603 1 0.317966 0.0723386 0.00593824 0.00194342 0.00053984 0 
1 0.0424514 0.0048238 0.00100063 0.00374765 0.00135935 0.0029547 0.00623979 0.00387037 0.0121775 0.337156 0.102804 0.214924 0.333441 0.503759 1 0.703824 0.1161 0.0331967 0.00657449 0.0657323 0.552746 1 0.363501 0.0427918 0.0099733 0.00419527 0.00400458 0.00543478 0.13053 
0.0508703 1 0 0 0 0 0 0 0 0 0.000217344 0.0553141 0.602804 1 0.549446 0.0750924 0.000217344 0 0 0 0 0 0 0.00121623 0.0146816 0.560681 1 0.248458 8.68734e-005 0 
0.31249 1 0.157053 0.0807568 0.0969851 0.182972 0.0738348 0.014767 0.015613 0.0174589 0.745295 1 0.838347 0.665435 0.424274 0.348813 0.189798 0.103606 0.0562885 0.0246262 0.0970252 0.236156 0.611442 1 0.781846 0.616934 0.275057 0.0773455 0.0410374 0.134859 
1 0.885087 0 0 0 0 0 0 7.17309e-005 0.00229539 0.000148965 0.0524356 0.41576 1 0.932817 0.769105 0.400715 0.184567 0.0902726 0.0376881 0 0.00733874 0.119158 0.513133 0.83005 1 0.911549 0.687331 0.492275 0.520857 
0 0 0 0 0 0.000126662 1 0.00430652 0 0 0.000665779 0.0652463 0.154794 0.343209 0.925766 1 0.135486 0.00532623 0.00532623 0.00133156 0 0.00555042 0.0252852 0.111008 0.230342 0.783534 1 0.224792 0.0496454 0.0151095 
0.597578 1 0.0759244 0.0365897 0.110512 0.259906 0.141967 0.0185048 0.00368158 0.0123365 0.975456 1 0.459021 0.0817043 0.0114393 0.00119461 0.000398204 0.000181002 7.24008e-005 7.24008e-005 0.00014918 0.000497265 0.00745898 0.0823471 0.295624 0.644804 1 0.872949 0.458578 0.112879 
1 0.630957 0.013177 0.00333704 0.00453495 0.00333704 0.00128348 0.003936 0.00821425 0.0447506 0.971549 1 0.977661 0.756586 0.356375 0.110221 0.0290832 0.00948367 0.00379347 0.00126449 0.000113084 0.000565419 0.00373177 0.0157186 0.0567681 0.201289 0.255343 0.304422 0.426665 1 
0.307902 0.71674 0.46049 0.29878 0.327686 1 0.434427 0.0876673 0.172728 0.319512 1 0.650666 0.185051 0.0457559 0.0190695 0.00608253 0.00147953 5.47975e-005 0.000164393 5.47975e-005 0.00446838 0.129698 0.139895 0.230179 0.831806 1 0.505156 0.380041 0.315192 0.453827 
1 0.462077 0.0783817 0.0140945 0.00101399 0.000506997 0.00273778 0.0177449 0.0750355 0.883087 0.581852 0.6729 0.939301 0.977315 1 0.987431 0.816064 0.559779 0.565604 0.265481 0.0972887 0.251082 0.42766 0.675553 0.882889 1 0.821599 0.528822 0.470722 0.539759 
0.00264653 0.00163462 0.000155678 0 0.000544874 0.0331595 1 0.00210166 0.000155678 0.00093407 0.0599586 0.0275672 0.0396278 0.105789 0.232254 0.417298 0.53756 0.702619 1 0.877671 0.0380411 0.475295 0.9108 1 0.9554 1 0.898557 0.423262 0.121994 0.0262352 
1 0.0725788 0.00181447 0 0.000453618 0 0.113631 0.266047 0.261737 0.47902 1 0.0877828 0.00463801 0.00135747 0.000791855 0.000113122 0 0.000113122 0 0 0.00111794 0.00111794 0.00726663 0.0111794 0.0177008 0.0395007 0.0715484 0.158934 0.495062 1 
0.207442 1 0.107176 0.0229236 0.0221927 0.0277076 0.0120266 0.00498339 0.00538206 0.00704319 1 0.331053 0.503991 0.752376 0.571266 0.402889 0.205055 0.151653 0.0399088 0.0203345 0.0241394 0.036588 0.0423252 0.0576965 0.0750162 0.106408 0.15144 0.27008 0.544598 1 
1 0.137827 0 0 0 0 0 0 0 0.000858738 0 0.00215054 0.0763441 0.169892 0.429032 1 0.912903 0.165054 0.0403226 0.0225806 0 0.00879917 0.0362319 0.109731 0.121636 0.156315 0.283126 0.518634 1 0.51087 
0.752923 1 0.0253778 0.00270887 0.00655831 0.0220987 0.0500428 0.0151126 0.00898204 0.0112632 0.853333 1 0.891069 0.340629 0.191698 0.052327 0.0120755 0.00251572 0 0.000251572 0 0 0.00129735 0.00570835 0.0272444 0.0915931 0.4904 0.943695 1 0.888947 
0.0571222 1 0 0 0 0 0 0 0 0 0 0 0 0 0.00409277 0.0381992 0.24693 1 0.682128 0.0231924 0 0 0 0 0 0.00416089 0.112344 0.291262 1 0.619972 
1 0.0879296 0.0264618 0.00510106 0.00452719 0 0.00057387 0.00618504 0.00937321 0.389211 1 0.414383 0.0614977 0.022225 0.00763985 0.00429347 0.00138906 0.000441975 0.000757671 0.000189418 0.245709 0.640973 1 0.794024 0.484266 0.332486 0.152734 0.0376669 0.0219326 0.102193 
0.0223778 0.0212509 0.147468 1 0.118329 0.0173871 0.00974 0.00499074 0.000160992 0.028737 0.460875 1 0.103243 0.0436378 0.023009 0.0247942 0.0268769 0.00485966 0.000694238 0.00029753 0.00109994 0.110937 0.0114708 0.0142992 0.0721245 0.238372 0.328096 0.403834 0.494972 1 
0.123981 0.0156285 0.00284155 0.00343977 0.00538398 0.104689 1 0.123084 0.0403799 0.0512974 0.216892 0.490878 0.7125 0.926689 1 0.914189 0.735473 0.517568 0.404392 0.184122 0.834912 1 0.65954 0.835183 0.858457 0.733694 0.277673 0.0565629 0.0476319 0.0192152 
0.000158495 0 0 0 0 0.00554734 1 0 0 0 0.000976563 0.0284979 0.133789 0.50071 1 0.0260121 0 0 0 0 0 0 0 0 0.00952658 0.31125 1 0.0631227 0.000436332 0 
0.0029379 1 0.303313 0.00384966 0.00344443 0.0110424 0.554858 0.011549 0.00222875 0.000709148 0.126166 0.192979 0.278447 0.322537 0.473631 1 0.64643 0.101747 0.0210276 0.0030524 0.00276123 0.0111902 0.0299375 0.0970789 0.134719 0.199535 0.350821 0.533498 1 0.357361 
1 0.0734472 0.0104383 0.00407153 0.010578 0.0252275 0.134241 0.0407552 0.0301573 0.111548 0.652011 0.709494 0.729434 0.866845 1 0.862089 0.948106 0.223678 0.0237777 0.00433839 0.00245176 0.559079 0.785511 0.786381 0.941949 1 0.743989 0.522857 0.337631 0.0282347 
1 0.0068463 9.78043e-005 0 0 0.000342315 0.00176048 0.0022495 0.0023473 0.0523742 0.171429 0.633193 0.852101 1 0.892437 0.661975 0.202941 0.0766807 0.037605 0.0182773 0.0339445 0.150644 0.444747 0.769574 0.823835 0.726957 1 0.820614 0.39891 0.231913 
1 0.150769 0 0 0 0 0 0 0 0.0753231 0 0.0340836 0.677814 1 0.72508 0.507717 0.20836 0.0327974 0.00803859 0.00482315 0 0 0.00380897 0.0234398 0.11925 0.469675 1 0.926458 0.291239 0.0849692 
0.342989 1 0.0606007 0.0197263 0.0371423 0.189444 0.70837 0.569042 0.125466 0.0749956 1 0.568807 0.368355 0.162373 0.0443635 0.0363202 0.0302878 0.00138243 0 0 0 0 0 0.00171999 0.0190918 0.106123 0.321809 0.601479 0.976952 1 
1 0.28648 0.177855 0.0195804 0.00909091 0.0787879 0.704895 0.292541 0.588112 0.494172 0.0498415 0.257851 0.636128 1 0.853644 0.685681 0.498704 0.333333 0.125036 0.0383175 0.0193741 0.0742176 0.190462 0.527571 0.931148 1 0.684352 0.354694 0.505812 0.38152 
0 0 0 0 0 0 0.187097 1 0.345161 0.0129032 1 0.429851 0 0 0 0 0 0 0 0 0 1 0.938547 0.586592 0.150838 0 0 0 0 0 
0.0552584 0.200894 0.482472 1 0.547863 0.0184404 0.000755239 0.000440556 0.000125873 0.000314683 0.473336 1 0.511264 0.0805909 0.0190498 0.00541835 0.000627388 0 0 0 0 0 0.000999251 0.0360355 0.597115 1 0.506308 0.0851237 0.0301024 0.0331626 
0.113537 1 0.15022 0.00258331 0.0495996 0.0125291 0.0373289 0.0118832 0.00142082 0.00710411 1 0.0134697 0.0245797 0.00875037 0.00176974 0.00245797 0.0015731 0.000491594 0.00078655 0.000393275 0.0202802 0.0725486 0.0234163 0.000209074 0 0 0.016935 1 0.759565 0.350826 
1 0.393937 0.0107956 0.000588386 0.000613968 7.6746e-005 0.00107444 0.00424661 0.00401637 0.0439499 0.125481 0.440409 0.105676 0.282525 0.767723 1 0.901043 0.30261 0.047729 0.00888796 0.0586602 0.0850071 0.330872 1 0.907845 0.440217 0.0773275 0.00868384 0.00915643 0.452032 
1 0.0413885 0.00133511 0 0 0.0046729 0.847797 0.573431 0.168892 0.20227 0.404494 1 0.804173 0.29695 0.228732 0.190209 0.176565 0.123596 0.0794543 0.0449438 0.0464286 0.261905 0.605952 0.632143 0.713095 0.466667 0.288095 0.260714 1 0.789286 
0.00501882 1 0 0 0 0 0 0 0 0 0.00126792 0.163269 1 0.228714 0.0665171 0.0670048 0.0206769 0.00819272 0.00409636 0.00156052 0 0 0.0012474 0.00800416 0.00914761 0.0113306 0.0186071 0.140333 0.476611 1 
0.0231278 1 0 0 0 0 0 0 0 0 0 0 0.378747 1 0.73297 0.277929 0.0817439 0.0517711 0.00817439 0 0 0.0034965 0.248252 0.692308 1 0.986014 0.318182 0 0 0 
0.140938 0.00159013 0.000584131 6.49035e-005 0 0 0 0.00808048 1 0.00123317 0.248893 0.0504206 0.0418973 0.398716 1 0.224651 0.000774851 5.53465e-005 5.53465e-005 5.53465e-005 0.113515 0.261972 0.00966655 0.0201313 0.236875 0.726765 0.743437 1 0.0371586 0 
0 0 0 0 0 1 0.357425 0 0 0 0.0108548 0.0583446 0.237449 0.58209 1 0.689281 0.276798 0.147897 0.0841248 0.0529172 0.0866062 0.992951 1 0.213494 0.0916415 0.0312185 0.00100705 0 0 0.0040282 
0.341759 0.613823 0.932958 0.214552 0.415182 1 0.0481478 0.033977 0.336703 0.0454131 1 0.200534 0.136453 0.110837 0.0908867 0.108333 0.122455 0.0887931 0.0628079 0.0305419 0.000658506 0.0502402 0.0963356 0.0459792 0.0638751 0.0961807 0.11121 0.144871 0.252169 1 
1 0.292466 0.0145505 0.00226342 0.00600884 0.022742 0.105599 0.0300442 0.00959258 0.0377775 1 0.73809 0.88713 0.789784 0.526803 0.245163 0.0775407 0.0208763 0.0117764 0.00558232 0.0229172 0.0519008 0.0804799 0.276018 0.971353 1 0.868091 0.46313 0.0682125 0.00276355 
0 0 0 0.00308466 1 0.0352221 0 0 0 0 0 0 0 0.0196443 0.0707805 0.0242779 0.0284121 0.0438667 0.108793 1 0 0 0.000564765 0.0108634 0.0394671 0.140261 0.248995 0.252384 0.365038 1 
0.235298 1 0.049046 0.0084682 0.0117358 0.0708595 0.105565 0.0336625 0.0216275 0.0451314 1 0.401047 0.0396697 0.0228615 0.0198963 0.0580834 0.038867 0.00767511 0.00273584 0.00171195 0.0694662 0.0714993 0.0603952 0.0721901 0.16449 0.153959 0.154324 0.282948 0.518976 1 
0.296957 1 0.0591156 0.00376942 0.000275811 0 0.016089 0.0285924 0.0433024 0.147191 1 0.651932 0.0441059 0.010454 0.00448029 0.00448029 0.00248905 0.00109518 0.00139387 0.00268817 0.0729194 1 0.943056 0.170961 0.0180366 0.0082453 0.00334965 0.00128833 0.00193249 0.0157176 
0.00177344 0.000763942 0.000845793 0.000327404 0.000682091 0.0400251 1 0.0303667 0.00441995 0.00169159 0.0752346 0.363457 0.468968 0.380412 0.312897 0.36482 0.619891 0.895247 1 0.60884 0.351139 1 0.776062 0.407228 0.191303 0.133545 0.0933979 0.0755363 0.0832986 0.195142 
0.476526 1 0.274834 0.0803949 0.10538 0.389885 0.942777 0.0679025 0.0205521 0.0650816 1 0.276766 0.195015 0.144001 0.121013 0.115717 0.0888544 0.0617332 0.0532093 0.0342245 0.91634 1 0.620588 0.439216 0.294771 0.273529 0.60098 0.847712 0.480065 0.079085 
1 0.0112956 0 0 0 0 0 0 0 0 0 0 0.000132661 0.000795967 0.00212258 0.114089 0.292651 1 0.963651 0.00145927 0 0 0 0 0.00556247 0.0233477 0.0685062 0.093025 0.120105 1 
0.527333 0.101398 0.0460396 0.0322 0.242654 0.113254 0.0440098 0.0221433 0.0267103 1 0.442542 0.266307 0.192891 0.199498 0.18889 0.187866 0.317391 0.547967 0.496231 1 0 0.00392 0.0448 0.19352 0.76064 1 0.8692 0.42592 0.28744 0.15296 
0.159107 0.209302 0.0557986 0.0203392 0.0462814 1 0.466805 0.0221813 0.00575639 0.0135083 0.947533 0.547964 0.559319 0.609436 0.719655 1 0.601997 0.0986688 0.0113547 0.0013704 0.00439742 0.123265 0.496358 0.601072 0.711145 1 0.360588 0.119967 0.115982 0.0464477 
0.280294 0 0 0 0 0 0 0 0 1 0 0 0 0 0 0.000540687 0.000270343 0.00378481 0.0186537 1 0 0 0 0.12462 0.612462 0.806991 1 0.640577 0.208207 0.0433131 
1 0.0178544 0.00947794 0.0121932 0.0427532 0.0124494 0.0189047 0.0100671 0.00740304 0.368743 1 0.0704875 0.0564287 0.0448557 0.0556277 0.0846016 0.134898 0.126032 0.0381715 0.00301063 1 0.0990079 0.0217353 0.0396082 0.0847702 0.0735617 0.0698508 0.0528614 0.0282483 0.00843158 
0.470295 0.079886 0.0267672 0.0227907 0.0555523 0.52472 1 0.578491 0.321147 0.553564 1 0.0444276 0.014188 0.00806976 0.00469418 0.00283057 0.000773572 0.000457111 0.000228555 0.000158231 0.00217671 0.00550773 0.00880578 0.0105537 0.0210415 0.0499324 0.112397 0.217539 0.590977 1 
0.0264447 1 0.0367287 0.0205681 0.0127326 0.00685602 0.00146915 0 0 0 1 0.49409 0 0.160756 0.335697 0.432624 0.64539 0.550827 0.683215 0.938534 0 0 0 0 0 0 0.0104754 0.364222 0.443191 1 
0.237321 1 0.144172 0.0274687 0.0825597 0.216374 0.633162 0.0789534 0.0366761 0.0322259 1 0.221625 0.0532194 0.0357671 0.0213124 0.000123193 0 0 0 0 0 0 0 8.75964e-005 0.000262789 0.000525578 0.0108619 0.105159 0.303828 1 
0.273016 1 0.269246 0.335913 0.146925 0.125694 0.468948 0.0993056 0.0289683 0.0702381 0.566783 0.804297 1 0.852497 0.61595 0.475997 0.323268 0.187766 0.152149 0.0859466 0.959035 1 0.51539 0.31643 0.147033 0.0482728 0.0223649 0.0202613 0.0222542 0.0942205 
1 0.98893 0.0811808 0 0 0 0 0 0 0 0.27957 0.822581 1 0.634409 0.172043 0.0537634 0.0322581 0.00537634 0.00537634 0.00537634 0 0.2103 1 0.88412 0.266094 0.0386266 0.00858369 0 0 0 
0.00216041 0.00216041 0.00337564 0.0176884 0.36727 0.561572 1 0.0145828 0.00108021 0.00189036 0.0748921 0.126868 0.605945 1 0.330621 0.27084 0.0156094 0.000166058 0 0 0 0 0.000229043 0.0398534 0.299588 1 0.897847 0.754008 0.252405 0.100779 
0.0494524 1 0.147673 0.0410678 0.0716975 0.234257 0.218686 0.00804244 0.000342231 0.00462012 0.741438 0.899401 1 0.940925 0.35488 0.263699 0.136558 0.0428082 0.0252568 0.0107021 0.0616308 0.111535 0.237524 0.373602 0.406599 1 0.578947 0.0463594 0.00927188 0.00463594 
1 0.0464452 0 0 0 0 0 0.00200662 0.00704514 0.0594077 0.0803499 0.729894 0.533615 0.384034 0.572159 0.594545 0.784004 1 0.746942 0.17634 0.000120817 0.10058 1 0.930893 0.10644 0.0582337 0.0786517 0.00978615 0.00564818 0.00875921 
0.0697418 0.0181343 0.0250864 0.162878 1 0.00566468 0.00231737 0.0018024 0.00286912 0.00305304 0.36029 0.173879 0.473225 1 0.687656 0.0358032 0.00202366 0 0 0 0 0 0.00195313 0.093192 0.422224 1 0.576172 0.08238 0.0232282 0.25007 
1 0.0754927 0 0 0 0 0 0 0.000202665 0.0128186 0.0183056 0.235625 0.176484 0.169444 0.301572 0.636236 0.95494 1 0.820699 0.459751 0.0161205 0.133924 0.152879 0.121878 0.179982 0.680779 1 0.69566 0.342427 0.482197 
1 0.013109 0 0 0 0 0 0 0 0.00196635 0 0.0163349 0.00663604 0.0592139 0.23073 1 0.888208 0.161307 0.00918836 0 0 0 0 0.0104167 0.0317235 0.211648 0.318655 0.540246 1 0.0871212 
0.595193 1 0.433553 0.236334 0.11475 0.0763431 0.0143732 0.00235627 0.00259189 0.00636192 0.570907 1 0.376434 0.205683 0.195516 0.180918 0.132951 0.06439 0.0106882 0.00156413 0.0087001 0.121034 0.751535 1 0.561157 0.201894 0.0493859 0.00153531 0 0 
1 0.155008 0.00224551 0.000748503 0.00360642 0.0410996 0.0841045 0.0177599 0.0157186 0.0353838 0.120702 0.423315 0.604883 0.855227 1 0.831499 0.735557 0.67022 0.676754 0.432256 0.0531417 0.275735 0.841578 0.970922 0.961564 0.876671 0.702874 0.513035 0.463235 1 
0.918817 0.995291 0.287436 0.0265587 0.0069693 0.000941797 0.00207195 0.213223 0.410812 1 0.338349 0.874972 1 0.889577 0.64771 0.348086 0.17526 0.0801062 0.0466917 0.0247842 0.100195 0.292344 0.641726 1 0.863804 0.575797 0.32314 0.189113 0.161136 0.299501 
1 0.878006 0.00961959 0.000874508 0.00131176 0.00131176 0.000437254 0 0 0 0.0953559 1 0.0871118 0.00632042 0 0 0 0 0 0 0 0 0 0 0 0.00387812 0.128809 1 0.0495845 0.0160665 
1 0.000762882 0 0 0.000104029 0.00159512 0.018968 0.0619322 0.25775 0.405541 0.538974 0.750273 0.936841 1 0.839738 0.732089 0.525518 0.301612 0.209844 0.0985574 0.0623614 0.185436 0.414473 1 0.674265 0.215735 0.0424649 0.0154625 0.0101757 0.243022 
0.561927 1 0.0125751 0.00632711 0.0110724 0.156042 0.00316356 0.000237267 0.000158178 0.000553622 0.135777 0.642962 1 0.970707 0.675755 0.453021 0.162859 0.0318718 0.00644805 0.00165807 0 0 0.0982567 0.601087 0.381254 0.911478 0.99434 1 0.808015 0.220964 
0.491495 1 0.320769 0.159597 0.0555439 0.0167997 0.0689836 0.0249895 0.0106048 0.0362243 0.745281 1 0.788265 0.629065 0.42529 0.320673 0.225154 0.130316 0.0987037 0.0800546 0.995633 1 0.713974 0.261541 0.0910792 0.0651903 0.040549 0.0191828 0.0354024 0.0229258 
1 0.0602338 0.0084586 0.0018318 0.00161629 0.0038791 0.00393298 0.00334034 0.0059264 0.0581865 0.0618773 0.18301 0.452893 0.751966 1 0.819262 0.334732 0.0758609 0.0234225 0.00751617 0.332669 1 0.636288 0.505146 0.428121 0.303951 0.157039 0.0544489 0.0393426 0.0783533 
1 0.165243 0.00515628 0.000611115 0.00143867 0.000483799 0.000853014 0.000496531 0.000840283 0.00678592 0.227335 1 0.310351 0.0957424 0.0603194 0.0536149 0.0497715 0.0537217 0.0603621 0.0414656 0.000196275 0.343067 1 0.59901 0.0561783 0.0129105 0.00728399 0.00453614 0.00135212 0 