0.00069849 1 0.000476747 0 0 0 0 0 0 1.10872e-005 0.000556402 0.0230907 0.0395045 0.0216093 0.0264986 0.0600844 1 0.0845522 0.000180831 2.08651e-005 0 0 0 0 0.000461861 0.124583 0.163523 0.139235 1 0.01036 
0.139088 1 0.00669023 3.80127e-005 0 0 0.000304102 0.00152051 7.60254e-005 0.00133044 0.662881 0.0492181 0.0373663 0.0604115 0.180741 0.479342 0.676708 0.881646 1 0.724444 0 0 0 0 0.0768673 0.288271 0.369485 0.239223 0.216112 1 
0.00113875 1 0.256241 0.00341626 0.00278118 0.00604415 0.00670112 0.00111685 0.000262789 0.000328486 0.0147635 0.0160779 0.0231663 0.224199 1 0.0915855 0 0 0 0 0 5.19157e-005 0.0115253 0.0845707 0.415222 0.419946 0.676721 1 0.420829 0.000934482 
0.0723291 0.585932 0.0225614 0.00464499 0.00995355 0.0431321 1 0.518248 0.51493 0.110816 0.624055 0.222292 1 0.462846 0.0938287 0.195844 0.124055 0.011335 0.00125945 0 0 0 0 0.000652316 0.0306588 0.283105 0.549902 0.505545 0.463796 1 
0 1 0 0 0 0 0 0 0 0 0 0 0 0.0178069 0.12746 1 0.487348 0 0 0 0 0 0 0 0 0 0.0126459 0.218872 0.463035 1 
1 0.0902492 0.713646 0.469514 0.0151222 0.115896 0.0284297 0.550932 0.583474 0.244375 0.0140065 0.0504848 0.0989688 0.17839 0.514699 0.673388 0.487302 0.481453 0.583808 1 0.457438 0.712812 0.391077 0.220455 0.276128 0.470734 1 0.383373 0.00335529 0 
0.608152 1 0.00211107 0 0 0 0 0 0 0 0 0 0.00121114 0.090432 0.309245 0.524021 0.78482 0.991118 1 0.235769 0 0 0 0.00935308 0.0615744 0.874903 0.833203 0.427514 0.657833 1 
0 1 0 0 0 0 0 0 0 0 0 0 0 0.0199601 0.193613 0.382236 0.850299 1 0.649701 0.462076 0 0 0 0 0 0 0.0133639 0.107675 0.241313 1 
0 1 0 0 0 0 0 0 0 0 0 0 0 0.0247423 0.106627 0.133137 0.255081 0.989985 1 0.0306333 0 0 0 0 0 0 0 0 0.0301003 1 
0 1 0 0 0 0 0 0 0 0 0 0 0.0145251 0.494972 0.660335 0.916201 0.917318 1 0.830168 0.244693 0 0 0 0 0 0 0.0709954 0.252943 0.298252 1 
0.0287344 1 0.00837485 0.000397083 7.2197e-005 3.60985e-005 0.000180492 7.2197e-005 0.000252689 0.00046928 0.194832 0.27124 1 0.747444 0.232943 0.116286 0.0611638 0.0351366 0.012084 0.00232385 0.000278962 0.0194078 0.0147451 0.0107201 0.00733272 0.00717332 0.00920575 0.0157414 0.0619695 1 
0.024301 0.0612809 1 0.0232038 0.00434818 0.00272269 0.041775 0.0849317 0.0381583 0.0255202 0.649229 0.139529 0.074524 0.080961 0.0704442 0.138894 1 0.648051 0.0681777 0.00843155 0.0918156 0.0318886 0.0152039 0.0372199 0.182743 0.325205 0.5504 1 0.855267 0.08372 
0.0211289 1 0.0229399 0.0141865 0.0178086 0.180199 0.0769695 0.108361 0.00965892 0.00935708 0.0111465 0.0628981 0.13535 0.44586 0.822452 1 0.535032 0.265127 0.191879 0.231688 0.00676133 0.056119 0.168357 0.317106 0.323867 0.41785 0.306964 0.183232 0.491548 1 
0 0.00986193 0.878071 1 0.00107585 0 0 0 0 0 0.00137405 0.0145038 0.0290076 0.0596947 0.256641 1 0.229466 0.0155725 0.00198473 0.000152672 0 0 0 0.00893183 0.0712723 1 0.627962 0.184652 0.0251549 0.00236967 
0.000726085 1 0.00317662 0 0 0 0 0 0 0 0 0 0.0158514 0.037817 0.035779 0.053442 0.124774 0.307971 0.928895 1 0 0 0 0 0.00587458 0.0600676 0.152886 0.350419 1 0.055221 
0 1 0.171471 0 0 0 0 0 0 0 0 1.40317e-005 0.00096819 0.00578108 0.0115622 0.0132319 0.0165995 0.0695974 1 0.145341 0 0 0 0 0 0 0 9.27312e-005 0.192391 1 
0 0.257818 1 0.0144928 0 0 0 0 0 0 0 0.00342075 0.0695553 0.214367 0.450399 1 0.164196 0 0 0 0 0 0 0.0127758 0.127758 0.643438 1 0.152149 0.00116144 0 
0.0019025 1 0 0 0 0 0 6.79463e-005 0.000118906 0.000271785 0.00456204 0.0133577 0.0180657 0.0133577 0.0126277 0.025438 0.0763504 0.187153 0.375328 1 0 0 0.000127551 0.000255102 0.00488946 0.039881 0.223299 0.417857 0.822577 1 
0.00582758 0.254203 1 0.0679215 0.00529171 0.00984661 0.029004 0.0137986 0.00200951 0.00113872 0.00437975 0.0103053 0.087595 0.17738 0.478423 1 0.440165 0.123792 0.0598995 0.0396754 0.364055 0.0293856 0.0249332 0.0286435 0.0736123 0.112348 0.243396 0.674829 1 0.526417 
0.0168977 0.0377824 1 0.0186064 0.00208848 0.00132903 0.00189861 0.00132903 0.000189861 0 0.0644783 0.0625244 0.0523642 0.161 1 0.754982 0.113716 0.0113326 0.00156311 0.000390778 0.00254083 0.00362976 0.00580762 0.015971 0.0232305 0.0275862 0.107441 0.292559 0.586207 1 
0 1 0.195512 0.00888303 0 0 0 0 0 0 0 5.09528e-005 0.0017324 0.0131458 0.0254255 0.0330684 0.0527871 0.299297 1 0.018343 0 0 0 0 0 0.000734424 0.00261129 0.0118732 0.140969 1 
0.00706408 1 0.122275 0.00614931 0.00310007 0.00200742 0.00307466 0.00142298 0.000533618 0.00104183 0.026769 0.0288909 0.0316657 0.0345222 0.0346446 0.0506407 0.482943 1 0.067208 0.0822248 0.0143337 0.0619309 0.00856002 0.00540028 0.00571626 0.00873237 0.0174935 0.0391233 0.13495 1 
0.00201799 0.999916 1 0.00109308 0.000336332 0.000504498 0.000672665 0 0 0 0.000184027 0.0167464 0.0668016 0.187891 0.401914 0.798491 1 0.958778 0.781008 0.0885167 0.0287244 0.0645894 0.0632911 0.0616683 0.128205 0.795683 1 0.758682 0.637131 0.330899 
3.54415e-005 1 0.000354415 1.77208e-005 1.77208e-005 7.0883e-005 8.86038e-005 1.77208e-005 0 0 0.00837966 0.0185431 0.0309881 0.0255538 0.0319008 0.115822 0.617398 1 0.436655 0.0545093 0 0 0.000114475 0.000629615 0.00223227 0.251731 1 0.939099 0.61439 0.423731 
0.000651148 1 0.00634869 0.00195344 0.00293016 0.0154648 0.111183 0.00146508 0 0.000162787 0.318732 0.0267094 0.0117521 0.00356125 0.000356125 0.0373932 0.100427 0.162749 0.827279 1 0 0 0 0 0 0 0.111702 0.37305 0.998936 1 
0.000128398 0.0361715 1 0.00535603 0.00183426 0.00205437 0.00133901 0.000311824 3.66851e-005 0 0.00726905 0.00990938 0.00726905 0.00854032 0.013169 0.0206989 0.0369646 0.116207 1 0.626899 0.011865 0.0166252 0.00774423 0.0115808 0.0798579 0.51254 0.761705 0.77222 1 0.882203 
0.0114988 0.124717 1 0.000982801 0.00044226 0.00029484 0.0200491 0.00334152 0.00034398 0.00117936 0.0685892 0.0140296 0.0201871 0.0312549 0.0541699 0.348012 1 0.296571 0.00896337 0.0014809 0.000917291 0.00321052 0.0210977 0.137441 0.496866 1 0.940682 0.682312 0.315854 0.019416 
0.0727069 1 0 0 0 0 0 0 0 0 0 0 0.000522193 0.00469974 0.494517 1 0.669452 0.370235 0.363446 0.0997389 0 0 0 0 0 0.000560381 0.0627627 0.168114 0.380779 1 
0.111111 1 0.371916 0 0 0 0 0 0 0 0.00403226 0.115423 0.262097 0.234375 0.49748 0.77621 1 0.980343 0.149194 0.00957661 0 0 0.000995025 0.00845771 0.0726368 0.624876 0.959701 0.623383 0.687562 1 
0 0.98223 1 0 0 0 0 0 0 0 0 0 0.000280466 0.00476791 0.0272052 0.0382835 0.0680129 0.083158 0.169261 1 0 0 0.00235988 0.00688299 0.0389381 0.102458 0.26529 1 0.832448 0.230482 
0 1 0.000895677 0.00611653 0.0375359 0.138017 0.00195635 1.17852e-005 0 0 0 0.00031211 0.00637224 0.0835934 0.113166 0.0817468 0.103542 0.132413 0.175016 1 0.237253 0.0942835 0.0202954 0.000135303 0 0.00687789 0.0793325 0.310813 0.517556 1 
0 0.839966 1 0.0169348 0 0 0 0 0 0 0 0.0237226 0.607664 1 0.636861 0.868613 0.644161 0.218978 0.00182482 0 0 0 0 0 0 0.0089841 0.0794748 0.156876 0.270214 1 
0.000616333 1 0 0 0 0 0 0 0 0 0 0 0.000515996 0.00361197 0.0139319 0.0227038 0.0345717 0.0526316 0.104231 1 0 0 0 0.00054407 0.00761697 0.0500544 0.156148 1 0.503808 0.0484222 
0.104157 1 0.208771 0.0296939 0.610781 0.650982 0.52307 0.0342622 0.0045683 0.0169027 1 0.348083 0.0752212 0.0474926 0.0318584 0.0454277 0.0451327 0.0507375 0.0764012 0.233333 0.132535 0.863617 1 0.150919 0.096195 0.0919196 0.0739632 0.09705 0.355708 0.117144 
0.0197261 1 0.00163026 0.00423867 0.351157 0 0.000163026 0.152266 0.0158135 0.171666 0.000720721 0.00144144 0.00522523 0.0138739 0.0430631 0.0978378 0.292973 1 0.435856 0.00630631 0 0.000560067 0.0288435 0.153178 0.0935312 0.254831 0.318678 0.279193 0.819938 1 
0 1 0 0 0 0 0 0 0 0 0 0.0390625 0.28125 0.539063 0.859375 0.65625 0.59375 0.5625 0.617188 1 0 0 0 0 0 0 0.196226 0.449057 0.841509 1 
8.87311e-005 1 0.00204082 0 0 0 0 0 0 0 0 0 0.011166 0.0334981 0.0267252 0.0408201 0.0933553 0.218378 0.641589 1 0 0 0 0.000134318 0.00402955 0.0492948 0.129214 0.315379 1 0.0189389 
1 0.762626 0.0348371 0.00638947 0.00915075 0.00850859 0.0134532 0.0231819 0.017563 0.124161 1 0.237736 0.00656486 0.0016212 0.000660489 6.00444e-005 0 0 0 0 0 0 0 4.31742e-005 0.00112253 0.00828944 0.333002 1 0.756843 0.589845 
0.00625666 1 0.190828 0.0274894 0.00592386 0.00778754 0.042066 0.0061901 0.000266241 0.000266241 0.024518 0.0492456 0.0955574 0.178541 0.284367 0.471081 0.833613 1 0.699497 0.135583 0.395268 0.182565 0.171856 0.185305 0.203736 0.561395 1 0.935741 0.888668 0.291656 
1 0.678928 0.0736561 0.0404032 0.00611647 0.000516885 0.00103377 0.00120606 0.00439352 0.260768 0.0366576 0.0477029 0.091724 0.150152 0.211301 0.343845 0.629102 1 0.824076 0.293261 0.0879894 0.150462 0.104487 0.142543 0.362736 0.617026 0.929608 1 0.990761 0.892433 
0.026966 1 0.00252391 0.000132837 0.000398512 0 0.0010627 0.00717322 0.00491498 0.00664187 0.0387662 0.0650271 0.0958733 0.119633 0.162568 0.195081 0.284702 0.363068 0.586078 1 0.0229983 0.209966 0.204855 0.243186 0.256814 0.28109 0.28109 0.298552 0.567291 1 
0.00447141 1 0.000638774 0 0 0 0 0.000638774 0.00159693 0.00159693 0.0259046 0.0304276 0.0197368 0.0328947 0.138158 1 0.0505757 0.00123355 0 0 0 0 0.0305577 0.145149 0.346066 0.788388 1 0.0741024 0.0290298 0 
0.116934 0.21456 1 0.267278 0.0420567 0.0289779 0.0203 0.00359512 6.19847e-005 0.00340916 0.786671 1 0.409001 0.00683747 0 0 0 0 0 0 0 0 4.24701e-005 0.000679521 0.0428098 0.667332 1 0.431114 0.150047 0.0336788 
0.00655548 1 0.00144606 0.000385616 0 9.64041e-005 0.000964041 0.00115685 0.00144606 0.00221729 0.0335209 0.0191548 0.0171196 0.0225069 0.128217 1 0.0386687 0.000359152 0 0 0 0 0.0392515 0.131219 0.340027 0.817663 1 0.056367 0.0162026 0.000228206 
0 0.000128938 1 0.00717755 0.000558731 0.000128938 4.29793e-005 0 0 0 0.00207699 0.00893104 0.0251315 0.0593326 0.0558017 0.0717945 0.232761 1 0.128981 0.0222238 0 0.00107207 0.0446694 0.170935 0.632877 1 0.930435 0.0138177 0 0 
0.0037677 1 0.00363778 0 0.000259842 0.000129921 0.000909445 0.000649604 0.000129921 0.000779525 0.0380382 0.0220136 0.0210424 0.0220136 0.0916154 1 0.0637747 0.000161865 0 0 0 0 0.0344037 0.153997 0.338794 0.851573 1 0.140564 0.0278506 0.000655308 
0.150496 0.260859 0.00958981 0.00612459 0.00648723 0.00523813 1 0.021839 0.00684987 0.0114433 0.185325 0.0115228 0.0192047 0.0230456 0.0333823 0.0495368 0.0890194 0.0967578 0.13127 1 0.395961 0.0283826 0.0268664 0.0868458 1 0.31991 0.00946085 0.0142519 0.0468797 0.29741 
0 1 0.268069 0.000753492 0 0 0 0 0 0 0.0360395 0.162747 0.266945 0.538189 1 0.764036 0.000252908 0 0 0 0 0 0 0 0.000363416 0.00163537 0.00551181 0.0434888 0.274924 1 
0.0508652 1 0.0119035 0.0031463 0.00209754 0.00283167 0.0147876 0.00964866 0.00241217 0.194809 0.0175567 0.0273592 0.0360644 0.0722751 0.304097 1 0.30417 0.0192392 0.00504755 0.00314557 0.0311015 0.0401943 0.0253151 0.0163257 0.0200455 0.136495 0.303368 0.45092 1 0.523042 
0.000320564 1 0.584549 0 0 0 0 0 0 0 0.0276197 0.0306327 0.0395045 0.0453632 0.0488785 0.104285 0.272514 1 0.0805156 0.00569133 0 0 0 0 0.00783015 0.096371 0.110224 0.126939 0.147568 1 
0.00112572 1 0.00391751 9.00576e-005 0 0.020308 0.303314 0.000585375 0.000135086 0 0.00775506 0.0143015 0.0366603 0.244939 0.30557 0.147145 0.249874 0.621714 1 0.31967 0 0 8.16993e-005 0.00130719 0.0163399 0.0864379 0.298611 0.390931 0.618464 1 
0.000258264 1 0.679558 0 0 0 0 0 0 0 0.00102686 0.0307267 0.0699842 0.0456556 0.0669826 0.159795 1 0.677409 0.00339652 7.89889e-005 0 0 0 0 8.82223e-005 0.0399647 0.281253 0.907896 1 0.0660785 
0.0410714 1 0.00875 0.0025 0.00178571 0.00375 0.0107143 0.12125 0.0208929 0.0141071 0.250174 0.202919 0.236275 0.289785 0.33148 0.487144 0.517026 0.482279 0.576789 1 0.0313418 0.0871694 0.128795 0.267385 0.274241 0.374633 0.364838 0.400588 0.429971 1 
0.00239234 1 0.0133482 0 2.71857e-005 5.43715e-005 0.190055 0.060597 0.00144084 0.00173989 0.836201 0.0142781 0.010376 0.0237673 0.0659808 0.180206 0.425328 0.61183 1 0.88879 0 0 0.00148342 0.161955 0.719023 0.721553 0.502443 0.399651 0.569197 1 
0 1 0.159723 0.0349179 0.00276577 0.00155575 0.000518583 0 0 0 0.00626305 0.0153097 0.0354906 0.0862909 0.164231 0.375783 0.862909 1 0.835769 0.924148 0.159901 0.0840099 0.0377691 0.0356513 0.0370632 0.062125 0.116484 0.683022 1 0.233322 
0.0269995 0.593357 1 0.110821 0.0300235 0.0112318 0.00624846 0.0171408 0.00523019 0.0044742 0.212804 0.262028 0.412359 0.558967 0.619699 0.751414 1 0.983221 0.520671 0.220782 0.0182205 0.0148894 0.0824337 0.305494 0.46089 0.687402 0.799775 1 0.99406 0.333507 
0 0.469925 1 0.128446 0.111529 0 0 0 0 0 0 0 0.00893189 0.120208 0.629326 1 0.981392 0.67994 0.416822 0.193897 0 0 0 0.000338009 0.0779111 0.118641 0.0939665 0.355586 1 0.198411 
0.000882613 1 0.00882613 0 0 0 0 0 0 0 0 0 0 0 0 0.010989 0.105495 0.224176 0.482418 1 0 0 0 0 0.000724638 0.0507246 0.346377 0.584058 0.505072 1 
0.000593437 1 0 0 0 0 0 0 0 0 0 0 0.00113101 0.0316682 0.0761546 0.123657 0.170594 1 0.146183 0.00970782 0.000290529 0.0074569 0.0198528 0.0159791 0.014817 0.0156886 0.0201433 0.167635 1 0.371005 
1 0.394167 0.0771402 0.0649106 0.0686736 0.403575 0.273754 0.0940734 0.0263405 0.0686736 0.0233918 0.160819 0.586257 1 0.880117 0.603801 0.366959 0.146199 0.0540936 0.0131579 0.333969 1 0.787214 0.31584 0.0667939 0.0028626 0 0 0 0 
0 0.000405351 1 0 0 0 0 0 0 0 0 0.000247862 0.0164828 0.0496964 0.0534143 0.0742347 0.251084 1 0.326063 0.0412691 0.000155255 0.0104021 0.0616364 0.174197 0.262847 0.784661 1 0.00512343 0 0 
0.0342248 1 0.000930419 0.000118583 0.000191557 0.000282774 0.00165104 0.0110191 0.0350458 0.0294359 0.126005 0.018269 0.00749132 0.00666463 0.00673607 0.00982854 0.014554 0.0174525 0.0356195 1 2.78456e-005 0.000111382 0.000157792 0.000436248 0.00221837 0.00403761 0.00992231 0.0329042 0.0826179 1 
0 0.00626193 1 0 0 0 0 0 0 0 0 0 0.006413 0.0436084 0.0446772 0.0853997 0.308251 1 0.232471 0.0492732 0 0.0314015 0.23667 0.350685 0.344784 0.59726 0.993467 1 0.00168599 0 
0.00636032 1 0.768956 0.0481669 0.0345887 0.0444508 0.0785393 0.0167941 0.00636032 0.00514543 0.137369 0.144395 0.25725 0.286099 0.585501 0.812108 0.792227 1 0.187743 0.000149477 0 0 0.00131847 0.154621 0.160614 0.220784 0.465061 0.639219 1 0.728515 
0.0261994 1 0.00503166 0 0.00060727 8.67528e-005 0.000520517 0.000347011 0.000173506 0.000347011 0.00077006 0.00600647 0.0195595 0.0266441 0.051594 0.0717696 0.0827045 0.1075 0.400893 1 0.117134 0.448825 0.452616 0.627748 0.469295 0.324867 0.319181 0.352161 0.403336 1 
0 0 1 0.00230106 0.000125513 0 0 0 0 0 0.000399441 0.00392783 0.0337527 0.0599827 0.0545237 0.069769 0.240863 1 0.10472 0.0179748 0 0.000760167 0.017959 0.105188 0.457811 1 0.585044 0.109939 0 0 
0.201483 1 0.154639 0 0 0 0 0 0 0 0 0 0 0.00118662 0.0730313 0.46548 0.588889 0.586084 0.509062 1 0 0.0422181 0.76582 0.362767 0.0357453 0.00975751 0.00975751 0.0188388 0.652594 1 
0.567035 0 0 0 0 0 0.0288323 0.666506 0.0557424 1 0.0105105 0.0803303 0.18994 0.196697 0.358859 0.572823 0.444444 0.457958 1 0.275526 0.0015528 0.107919 0.338509 0.343944 0.26087 0.359472 0.455745 1 0.680124 0.197205 
0.0673759 0.0159574 0.00106383 0 0 0.176596 1 0.0400709 0.0258865 0.689007 0.244405 0.280215 0.359893 0.462847 0.388541 0.421665 0.508505 0.760967 1 0.641898 0.000652742 1 0.810052 0.578982 0.89295 0.214752 0.157963 0.055483 0 0 
0.0103354 1 0.0581123 0.0234009 0.0204758 0.023791 0.0436817 0.0185257 0.00370515 0.00351014 0.777487 0.606021 0.629581 0.765707 0.962042 0.840314 0.722513 0.706806 0.767016 1 0 0.00560224 0.115546 0.19958 0.269608 0.527311 0.633053 0.582633 1 0.995798 
0.389893 1 0.269466 0.021637 0.00455516 0.000427046 0 0 0 0 1 0.101231 0.0273598 0.0902873 0.345417 0.686388 0.455198 0.475376 0.597469 0.23632 0 0 0.00170104 0.0348714 0.052307 0.0810121 0.169892 0.236232 1 0.942377 
0 0 1 0.0101593 8.43099e-005 4.2155e-005 0 0 0 0 0.000220799 0.00559358 0.0331935 0.0708766 0.0673438 0.0949437 0.344521 1 0.109443 0.0255391 0 0.00524965 0.0673122 0.205086 0.565212 1 0.919389 0.0335978 0 0 
0 1 0.0117273 0 0 0 0 0 0 0 0 0 0.0173624 0.0511637 0.0659402 0.0908755 0.172885 1 0.476912 0.00517178 0 0 0 0 0.00773994 0.371207 0.673375 0.5613 0.538081 1 
0.233065 0.09447 0.0302995 0.00633641 0.00552995 0.0881336 1 0.0202765 0.0717742 0.00506912 1 0.0499594 0.0609261 0.0806255 0.0960601 0.297929 0.847076 0.180341 0.0714866 0.0371649 0.00387522 0.017826 0.0424336 0.1025 0.194923 0.293742 0.341213 0.471033 0.147646 1 
0 0.997174 1 0.0277909 0.014602 0.0230805 0.00141309 0 0 0 0.0762756 0.0494477 0.0468175 0.0394529 0.333509 1 0.56707 0.138874 0.0489216 0.00473435 0 0 0 0.000398406 0.0159363 0.0693227 0.142629 0.221116 0.296414 1 
7.77283e-005 1 0 0 0 0 0 0 0 0 0 8.16193e-005 0.00461149 0.0259958 0.0237512 0.0139569 0.0134264 0.0196294 0.0382795 1 0 0 0 0.000417944 0.0454862 0.283784 0.445737 0.810114 1 0.103162 
0.00402939 1 0.136288 0.00379237 0.00355534 0.0125622 0.030813 0.0061626 0.00237023 0.00142214 0.195853 0.160522 0.149002 0.218126 0.246544 0.271121 0.370968 0.465438 0.549923 1 0.00834725 0.0350584 0.0976628 0.219533 0.396494 0.504174 0.65192 0.696995 1 0.619366 
0.000882449 1 0 0 0 0 0 0 0 0 0 0 0 0.00100985 0.0455693 0.406211 0.394724 0.322015 0.345998 1 0 0 0 0 0.0433538 0.596592 0.797682 1 0.500341 0 
0 1 0.6169 0 0 0 0 0 0 0 0 0.00123946 0.0123946 0.053297 0.165345 0.534953 1 0.908775 0.325483 0.027764 0 0 0 0 0.0955782 0.828571 1 0.759864 0.931293 0.543537 
0.0943886 0.256893 1 0.0757379 0.057736 0.0462212 0.491891 0.124067 0.0421667 0.0447616 0.0142236 0.0995654 0.231924 0.421177 0.879099 1 0.830107 0.813512 0.553536 0.406954 0.185673 0.322096 0.310508 0.372663 0.210166 0.233079 0.258362 0.400053 0.335001 1 
0.00204794 1 0.0681406 0.045427 0.180358 0.00223412 0 0 0 0 0 0.0088956 0.0209802 0.0542128 0.1905 0.550688 0.780128 1 0.920947 0.919268 0 0 0 0.0146531 0.185108 0.833583 0.885018 0.624551 0.627542 1 
0.00732947 1 0 0 0 0 0 0 0 0.000236435 0 0 0.00904317 0.0303384 0.0641774 0.135356 0.223746 0.329347 0.484247 1 0 0.0048151 0.00828197 0.0173344 0.0236903 0.0373652 0.0539291 0.116525 0.379622 1 
1 0.0864651 0.00282566 0.000376754 9.41886e-005 0.000282566 0.00065932 0.000282566 0.000753509 0.00791184 0.00392876 0.0303824 0.288109 0.746464 0.149031 0.173651 0.271084 1 0.329754 0.0246202 0.0763072 0.214411 1 0.163873 0.0790593 0.244183 0.963973 0.076057 0.024018 0.0790593 
0.0105483 0.0936274 1 0.0271118 0.00915352 0.0062767 0.00915352 0.00278964 0.00156917 0.00287682 0.0180361 0.0681363 0.0851703 0.0825651 0.0953908 0.233267 1 0.906413 0.143687 0.0250501 0.0341753 0.0798663 0.250371 0.413819 0.397845 0.569465 0.660475 0.881872 1 0.668276 
0.629502 0.530843 0.0312261 0.0116858 0.0143678 0.340421 1 0.0224138 0.0268199 0.205364 0.0308958 0.0306735 0.0531229 0.0929095 0.146477 0.231385 0.467882 0.87375 1 0.282063 0.00100125 0.0142678 0.065582 0.15995 0.330663 0.527159 0.699124 0.581227 1 0.29612 
0.00559482 0.0209069 0.720259 0 0 0.00441696 1 0 0 0.965548 0 0 0.000597907 0.0083707 0.0526158 0.104933 0.185351 0.835277 1 0.56293 0 0 0.0967361 0.901691 0.357845 1 0.550531 0.489972 0.231223 0 
1 0.0821626 0.0372312 0.00753635 0.00548843 0.171821 0.242965 0.051198 0.0271145 0.173049 0.000210748 0.00139094 0.0108746 0.0367123 0.0639831 0.115279 0.173277 0.348114 1 0.10019 0.00012851 0.114631 0.170725 0.160766 0.228876 0.206001 0.469961 1 0.455375 0.0150999 
0.0298972 1 0.00067895 0 0.00011706 7.02362e-005 0.000140472 0.00297333 0.0110037 0.00884977 0.040218 0.105849 0.0440483 0.0390395 0.0379346 0.0696081 0.49315 0.797068 1 0.64614 0 3.09492e-005 0.00309492 0.00656123 0.00736591 0.0103061 0.027452 0.0848008 0.25335 1 
0.375743 1 0.000138217 0 0 0 0 0 0 0.000276434 0.000218364 0.0115733 0.036576 0.0646359 0.0641991 0.0944426 0.848564 1 0.053936 0 0 0 0 0 0.0139996 0.0533919 0.168888 0.239035 1 0.00752104 
0.170682 1 0.44944 0.0412284 0 0 0 0 0 0 1 0.0164116 0.0169052 0.00407206 0.0136969 0.0275173 0.0683613 0.0399803 0.00950148 0.00246792 0 0.00243652 0.00461657 0.00564247 0.00436009 0.0229546 0.0443704 0.0366761 1 0.13465 
0 1 0.0181676 0 0 0 0 0 0 0 0 0 0.00260078 0.0377113 0.0936281 0.214998 0.906805 1 0.450368 0.10013 0 0 0 0.000655738 0.000655738 0.0393443 0.205574 0.291803 0.593443 1 
0.0558376 1 0 0 0 0 0 0 0.0262267 0.146785 0 0 0.00408163 0.0952381 0.194558 0.4 0.659864 0.685714 0.718367 1 0.14346 0.32384 0.0949367 0.00738397 0.00105485 0.14346 0.929325 1 0.418776 0.0021097 
0.100418 1 0.134601 0.0129519 0.0172965 0.0643495 0.10009 0.0511517 0.00344291 0.00696778 0.477761 0.313241 0.161601 0.118324 0.102524 0.133436 0.228405 1 0.573072 0.0089301 0.0829215 0.316859 0.955244 0.242998 0.090335 0.218836 0.894563 0.695497 0.497803 1 
8.96138e-005 1 0.192401 0 0 0 0 0 0 0 0 0 0 0.00418118 0.030662 0.0527875 0.0932056 0.213415 1 0.766551 0 0.00244858 0.0871694 0.24143 0.19907 0.272037 0.398629 0.657444 1 0.400098 
0 1 0.0525796 0 0 0 0 0 0 0 0 0 0.00437406 0.0444947 0.111011 0.188839 0.288084 0.455958 1 0.464404 0 0 0.019588 0.0489699 0.0592705 0.0921986 0.144883 0.728132 0.787065 1 
1 0.383494 0.0113934 0.000852138 0.00246173 0.000284046 0.0149282 0.0576614 0.0544106 0.384377 0.752878 1 0.092659 0.0221024 0.0110988 0.00903758 0.00535912 0.00437609 0.00279055 0.00196607 0.0495548 0.0604851 0.256555 1 0.406263 0.0484188 0.0178078 0.00908812 0.00518882 0.00460547 
0.000508388 1 0.00152517 0 0 0 0 0 0 0 0 0 0.00036062 0.00685178 0.0270465 0.0847458 0.357014 1 0.536603 0.0858276 0 0 0 0.00780031 0.183697 0.721139 1 0.303042 0.0733229 0.0171607 
1 0.203422 0.0298998 0.00688122 0.0139756 0.0201565 0.00922571 0.00575465 0.0263983 0.0611698 1 0.263171 0.0497683 0.0272868 0.0281448 0.0736228 0.145186 0.189034 0.119873 0.0272868 0.000156556 0.00285714 0.0173386 0.0369472 0.0501761 0.0636399 0.132877 0.215029 0.250881 1 
1 0.09036 0.011444 0.00762934 0.0115235 0.0121593 0.0736708 0.0365573 0.0251132 0.0604784 0.0470297 0.0621562 0.157591 0.260176 0.466997 0.947195 1 0.574257 0.34571 0.168042 1 0.57799 0.371579 0.256843 0.194788 0.187664 0.202287 0.158418 0.11886 0.0665542 
1 0.214286 0.042471 0.0135135 0.0933076 0 0.0559846 0.00965251 0 0.0250965 1 0.152838 0.103556 0.0324392 0.0155958 0.0174672 0.0162196 0.00249532 0.00249532 0.0193387 1 0.171078 0.136217 0.0768238 0.0451904 0.0264687 0.00322789 0 0 0 
0.479443 0.693374 1 0.236672 0.0704819 0.0482681 0.0344127 0.0182982 0.0300452 0.293373 1 0.451997 0.147409 0.0733466 0.0613779 0.103575 0.119431 0.013452 0.001381 0.000664928 6.67067e-005 0.000466947 0.00346875 0.163365 0.119805 0.118138 0.170169 0.31619 0.681209 1 