0.178804 0.329978 0.00348661 0.00381554 0.00677587 0.00999934 1 0.189001 0.0170384 0.0362476 0.00521067 0.00754649 0.0275806 0.160902 1 0.446231 0.0707933 0.0560597 0.0990028 0.440751 0.0239031 0.429419 1 0.200669 0.0322608 0.0228165 0.0165483 0.02173 0.50046 0.00743836 
1 0.827235 0 0 0 0 0 0 0 0.0026137 0 0 4.37426e-005 0.00520537 0.100564 0.783736 0.440838 0.155199 1 0.269192 0 0 0.23383 1 0.0664191 0.0545261 0.0401043 0.0410921 0.181082 0.872535 
0.914729 0 0 0 0 0 0 0 0 1 0 0 0 0 0 0 0 0 0.0608696 1 0 0 0.0025641 0.0179487 0.0410256 0.0512821 0.0487179 0.0461538 0.0589744 1 
0.324394 0.00340729 0.000169798 9.05592e-005 9.05592e-005 0.000181118 0.000781073 0.00284129 0.0290469 1 0.0410806 0.0797136 0.0431995 0.0404596 0.0963358 0.476053 1 0.391079 0.0277463 0.000456654 1 0.790774 0.0284073 0.0244419 0.0227669 0.0326291 0.0643182 0.0881448 0.0035381 0 
0.00383664 0 0 0 0.00283266 1 0.0143426 0.000250995 0 0 0.0177103 0.0231172 0.0560552 0.0786207 0.290207 1 0.0923034 0.00761379 0.00253793 0.00121379 0.00262407 0.0362236 0.457673 1 0.0665716 0.0288648 0.0176269 0.0103252 0.00427838 0.000570451 
1 0.143114 0.00785105 0.00201884 0.00112158 0.000448632 0.000672947 0.00134589 0.0123374 0.172275 0.170923 0.444008 0.583497 0.812377 1 0.991159 0.813359 0.481336 0.234774 0.11002 0.0503513 0.0819672 0.0895785 0.157494 0.23185 0.321429 0.339578 0.480679 0.747658 1 
0.000182154 0 0 0 0.000512307 0.0111455 1 0.0081286 6.83076e-005 3.41538e-005 0.054078 0.257078 1 0.0109606 0.00195249 0.000709996 0.000236665 4.43748e-005 5.91663e-005 1.47916e-005 0.00375517 1 0.119564 0.00582247 0.00413461 0.00249908 0.0019888 0.00231591 0.00561313 0.0266656 
0.505423 0 0.000723066 0 0.000361533 0.0021692 0.165582 0.0632683 0.0524223 1 0.0070373 0.0197044 0.0584096 0.103448 0.196341 0.251232 0.297678 0.40746 0.581281 1 0.0446429 0.549513 1 0.808442 0.38961 0.281656 0.441558 0.456981 0.0275974 0.0186688 
0.103781 0.0139178 0.00135563 9.03751e-005 0.00909776 0.007712 1 0.429733 0.0034945 0.002892 0.378552 1 0.00299219 0.000185357 0.000105918 0 0 0 0 0 0.00176729 1 0.72304 0.0175647 0.0100628 0.0041838 0.00292145 0.00367886 0.0121907 0.106759 
1 0.0103261 0.00604563 0.0166365 0.0146948 0.00136799 0.00167689 0.00132386 0.00273598 0.096024 1 0.0144239 0.0132935 0.0142431 0.0149213 0.0175439 0.0160969 0.0113492 0.0113492 0.0110327 1 0.0401922 0.019946 0.0156994 0.0142839 0.00952258 0.00596234 0.00450392 0.00334577 0.00519024 
0.001656 0.00116438 0.00029325 7.7625e-005 0.000715875 0.17796 1 0.0123338 0.00556313 0.0141536 1 0.309777 0.0083759 0.00183105 0.000826322 0.000441331 0.00017841 9.39002e-005 6.57302e-005 0 2.99613e-005 0.000858892 0.00326579 0.00712081 0.0145612 0.088356 1 0.28685 0.00435438 0.000229704 
1 0.0323621 0.0250923 0.0646655 0.0391628 0.0543472 0.271384 0.295421 0.35012 0.74509 1 0.0593915 0.0539116 0.0566254 0.0647148 0.0757789 0.0936799 0.108084 0.540316 0.196493 1 0.0829031 0.0503492 0.0441543 0.0407531 0.044215 0.0536289 0.106772 0.582205 0.976131 
0.00983274 0.00208411 0.000961898 0.000374072 0.00630578 0.460749 1 0.135681 0.0693635 0.0421632 1 0.601126 0.113386 0.0927382 0.0496246 0.0222313 0.0106171 0.00346082 0.00140779 0.000527921 0.0982528 0.268746 0.0505367 0.0379221 0.0568048 0.127008 0.682363 1 0.201363 0.00987229 
1 0.16043 0.00212591 0.00046307 0.000707234 0.00137798 0.0454973 0.370904 0.428125 0.606821 0.015201 0.116226 0.408631 0.73224 1 0.809138 0.477089 0.26662 0.172457 0.0880137 0.137469 1 0.82796 0.22439 0.0408623 0.0213992 0.020892 0.0208907 0.026915 0.180972 
0.0426887 0.0124214 0.00503145 0.00621069 0.0136006 0.154245 1 0.201336 0.0488208 0.038522 1 0.106319 0.0209722 0.0118056 0.00791667 0.00465278 0.00673611 0.0121528 0.0239583 0.0622917 0.0434316 0.351136 0.0422038 0.014426 0.0131983 0.043585 0.193831 0.414979 0.856047 1 
1 0.208804 0.0319604 0.0024115 0.0344362 0.0431819 0.114916 0.0237613 0.0500627 0.122118 1 0.0929166 0.0311651 0.00476381 0.000690085 0.000111304 0 0 0 0 0 0 0 0.000102166 0.0031416 0.014763 0.0417859 0.0932775 0.143058 1 
1 0.735446 0.0257922 0.0036846 0.00589536 0.0073692 0.0383198 0.0154753 0.00884304 0.0213707 1 0.452026 0.289979 0.201493 0.235608 0.205757 0.158849 0.0447761 0.0309168 0.0191898 0.0282258 0.16129 0.442204 0.469086 0.235215 0.211022 0.294355 0.310484 0.244624 1 
0.333231 1 0.0156324 0.00218099 0.00163869 0.00486891 0.0969891 0.00269971 0.00165048 0.0659129 1 0.09835 0.0224068 0.0243463 0.0679025 0.0405544 0.00595499 0.000604271 0.000175433 0.000107209 0.00126509 0.0145486 0.0289247 0.0413648 0.0470769 0.0792026 0.167644 0.204466 1 0.89471 
1 0.220443 0.0324552 0.0061117 0.0159115 0.030137 0.0100105 0.00495258 0.00410959 0.00442571 1 0.060633 0.0599218 0.000355619 0 0 0 0 0 0 0 0 0 0 0 0.000248344 0.000993378 0.00993378 0.0325331 1 
1 5.96214e-005 0 0 0.00268296 0.00131167 0.0781935 0.90401 0.405127 0.152392 0.173388 0.0736696 1 0.405318 0.0477903 0.0456873 0.0785537 0.141946 0.509209 0.418004 0 0.674093 0.896359 0.0907303 0.0514985 0.0510335 0.0574709 0.0636936 0.166798 1 
1 0.786613 0.455187 0.227117 0.0364226 0.0116323 0.0284134 0.032418 0.0512967 0.184401 0.216989 0.991779 1 0.234629 0.0500086 0.0183251 0.00839185 0.00308272 0.00171262 0.000685049 0.0414651 0.273497 0.202315 0.54112 1 0.152211 0.244644 0.0858673 0.00742916 0.000518314 
0.0366048 0.0699823 0.00349248 0.000839965 0.00119363 0.00362511 1 0.377409 0.219231 0.0617595 0.717117 1 0.267149 0.0443162 0.0477461 0.0430096 0.0438807 0.013284 0.00310322 0.000816638 0.00627147 0.0562835 0.0311576 0.0222497 0.0349125 0.428857 1 0.020612 0.00255652 0.000159783 
1 0.263803 0.0231309 0.00302905 0.0086741 0.0218229 0.0438524 0.273303 0.195787 0.201845 1 0.0266816 0.00970602 0.0147787 0.0430181 0.0591149 0.0220083 0.00455344 0.000878735 0.000119827 0 0 0 0.000181433 0.0103417 0.073541 0.106018 0.272331 0.325552 1 
0.0171371 0.00604839 0.00403226 0.00302419 0.00504032 0.0443548 1 0.0272177 0.0100806 0.00201613 0.0599174 0.132231 0.202479 0.330579 0.549587 1 0.018595 0 0 0 0 0 0 0 0.0442308 0.257692 0.746154 1 0.0865385 0 
0.000343761 0 0 0 0.00257821 0.0118597 0.0744242 1 0.00206256 0 0.0167243 0.0743945 0.0634371 0.0697809 0.221165 1 0.335063 0.0302768 0.0121107 0.00259516 0.0039501 0.183784 1 0.0582121 0.0234927 0.0255717 0.0133056 0.0049896 0.004158 0.0024948 
0.0104258 0.00658709 0.00300962 0.00287333 0.0447127 1 0.333863 0.00693916 0.00288469 0.00239634 0.134345 0.0424021 0.0919236 0.275379 0.679689 1 0.204931 0.00872754 0.00184357 0.000784498 0.0222183 1 0.0155938 0.00612518 0.00294223 0.00280849 0.00361983 0.00353959 0.00561698 0.047352 
1 0.00356571 0.00214857 0.00246857 0.0378057 0.0048 0.14528 0.00278857 0.00224 0.0133943 1 0.135241 0.0148317 0.00574839 0.00416868 0.00272061 0.00136031 0.000614331 0.000438808 0.000219404 1 0.0392761 0.0041884 0.00252884 0.0015015 0.00110637 0.000592698 0.000434645 0.00011854 0 
0.00349875 0.000326155 0.000148252 0.000247087 0.001018 0.000345922 0 1.97669e-005 0.0792062 1 0.0262157 0.0254512 0.0362956 0.0306823 0.0247068 0.0284087 0.0617065 0.855904 1 0.0799952 0.000428042 0.0267061 1 0.835371 0.052277 0.0214579 0.0173822 0.0147954 0.0160423 0.0582324 
0.0146072 0.0185052 0.0474252 0.0276918 1 0.0613117 0.0182209 0.00613117 0.0244232 0.011298 1 0.028687 0.00425977 0.00429405 0.000839954 0.000111423 1.71419e-005 1.71419e-005 0 0 0 0.00199642 1 0.551411 0.0105053 0.00586534 0.00868787 0.00872918 0.0122539 0.0683602 
0 0 0 0 0 0.00517553 1 0 0 0 0.000390244 0.00546341 0.00726829 0.00863415 0.311902 1 0.0172195 0.00253659 0.000487805 0.000341463 0.00232474 0.015085 1 0.40683 0.00532107 0.00366792 0.000671592 0.000258304 0.000413287 0.000206644 
0.00706138 0.00461706 0.00434546 0.00135796 0.00407387 0.0497013 0.209125 0.188485 0.171103 1 0.3474 0.434815 0.585531 0.44838 0.447626 0.473248 1 0.729465 0.080633 0.00301432 0.00127173 0.256465 0.277236 0.169987 0.15727 0.155998 0.167868 0.155998 0.217465 1 
1 0.0568665 0 0 0 0 0 0 0 0.000386847 0 0.00136612 0.0150273 0.195355 0.715847 1 0.991803 0.448087 0.282787 0.0751366 0 0 0 0 0.0123229 0.0893407 0.144794 0.162046 0.275416 1 
0.0414201 1 0 0 0 0 0 0 0 0 0 0 0 0 0 0 0.016 0.554667 1 0.0653333 0 0 0 0.00930714 0.0361944 0.0475698 0.0579111 0.0496381 0.073423 1 
0 0 0 0 0 0.673721 1 0.00137174 0.000489908 0 0.000901362 0.00385128 0.00567449 0.00458875 0.00456827 0.0180272 1 0.0132746 8.1942e-005 0 0 0.000223337 0.0166487 1 0.0175218 0.00389824 0.00239579 0.000873043 4.06067e-005 2.03033e-005 
1 0.14739 0.254131 0.251791 0.0766194 0.335868 0.0602427 0.0238339 0.0141834 0.154555 0.146549 0.142951 0.374877 0.768073 0.332352 0.284593 0.259405 0.26333 0.593392 1 0.891349 1 0.262273 0.0732921 0.0238586 0.0166495 0.0435977 0.0382767 0.069516 0.302952 
1 0.0169923 0.00540554 0.0367237 0.00189073 0.00189073 0.0286518 0.00579338 0.00293305 0.00984147 1 4.96118e-005 0.000917818 0.00161238 0.00761541 0.0160246 0.0173889 0.00823556 0.00612706 0.011758 1 0.00405427 0.011053 0.0024688 0.00154017 0.00151752 0.00158547 0.00169872 0.00287649 0.0104867 
0.716745 0.00061488 0 0 0 0.0092232 1 0.040992 0.00573888 0.115188 0 0.00064 0.00416 0.01088 0.02752 0.04896 0.09216 0.20288 0.69472 1 0.415935 0.0460467 0.0275674 0.064223 0.0969403 0.996668 0.0405938 0.0981521 1 0.00514995 
0.0130659 0.00305622 0.00143581 0.000246139 0.00379464 0.0313622 1 0.0471561 0.00151786 0.00235883 0.122438 0.89796 1 0.320102 0.0639503 0.104345 0.176615 0.0105749 0.000751767 0.000250589 0.0099725 1 0.440215 0.0952192 0.0316072 0.0850147 0.0623861 0.0382997 0.0120929 0.00841533 
0.433582 0.0970149 0.0544776 0.00298507 0.0104478 0.0119403 1 0.154478 0.0156716 0.00671642 1 0.376923 0.665385 0.68718 0.153846 0.0641026 0.0205128 0.0320513 0.0192308 0.00512821 0.761868 1 0.0352221 0.0168453 0.0191424 0.000765697 0 0 0 0 
0.0383539 0.0125917 0.003956 0.00246044 0.0344462 1 0.592918 0.0516692 0.0493053 0.0648881 1 0.0510883 0.0136875 0.0104327 0.010084 0.00819505 0.00537619 0.00325477 0.0022086 0.00162739 0.0114042 0.0108509 0.010359 0.0136174 0.0140477 0.0144781 0.0146317 0.0203492 0.0693778 1 
0.01145 0.184816 9.50209e-005 0 4.75105e-005 0.000427594 1 0.00294565 0.00104523 0.000427594 0.0188982 0.0177643 0.04271 0.0769158 0.0844751 0.0978929 0.163564 0.475291 1 0.382406 0 0 0 0.0136085 0.154496 1 0.603576 0.139642 0.327582 0.00996175 
0.000812735 0.00100891 0.00190572 0.0131159 1 0.0462979 0.00106496 0.000616557 0.000588532 0.000504456 0.0727725 0.106593 0.0773597 0.071373 0.279661 1 0.999223 0.215208 0.0625097 0.024724 0.0340397 0.181034 0.529869 1 0.960207 0.59162 0.151117 0.0496692 0.0553265 0.0940646 
0.482062 1 0.256662 0.0804347 0.0294421 0.020822 0.00576701 0.00163905 0.00078917 0.00467432 0.024786 0.200963 0.46719 0.768902 0.844864 1 0.909059 0.592903 0.40781 0.106812 1 0.438138 0.0301362 0.00317973 9.49172e-005 0 0 0 0 0 
0 0 0 0 0 0.651316 1 0.0018797 0 0 0.00247525 0.0816832 0.225248 0.30198 0.30198 0.220297 0.294554 0.55198 1 0.89604 0 0.00806452 0.149194 0.528226 0.852823 1 0.483871 0.177419 0.106855 0.239919 
0.22901 0.275596 0.0755956 0.0168696 0.0146462 1 0.00878772 0.00628198 0.0066702 0.042174 1 0.409023 0.283342 0.232895 0.254338 0.353495 0.302553 0.413361 0.341968 0.914105 0.039383 0.0959581 0.0955313 0.104188 0.132232 0.443882 0.184722 0.130891 1 0.667744 
1 0.046262 0.0185048 0.0222058 0.0159141 0.0377498 0.0569948 0.0358993 0.022946 0.0928942 0.354694 0.196721 0.339791 1 0.752608 0.488823 0.344262 0.305514 0.259314 0.625931 0.739875 0.404984 0.465732 0.504673 0.509346 0.680685 0.697819 1 0.61215 0.0638629 
1 0.00382031 0.00079041 0.000439116 8.78233e-005 0 8.78233e-005 8.78233e-005 0.000439116 0.58846 0.0137929 0.0232115 0.0154861 0.0127346 0.0146395 0.013299 0.0263158 0.104275 1 0.0486101 0.000641554 0.0120062 0.053249 0.239575 0.40253 0.785904 1 0.45477 0.310146 0.0685547 
0.341665 0.459794 0.0375378 0.0218822 0.105319 0.672389 1 0.450721 0.368796 0.56031 1 0.527895 0.945237 0.909869 0.82008 0.620422 0.223617 0.0823731 0.0220194 0.0022818 0 0.00524545 0.0124703 0.2404 0.52019 0.568092 0.869656 0.68458 1 0.570368 
0.115856 0.0351445 0.0127182 0.00383805 0.0357465 0.249285 1 0.294702 0.108782 0.267949 0.337095 0.83181 1 0.504625 0.141379 0.0427219 0.0242788 0.0598987 0.151839 0.0135983 0.653743 1 0.0858615 0.0293233 0.0224903 0.0279177 0.0424427 0.11663 0.118855 0.10679 
4.28504e-005 1 0.000599906 0.000128551 0.000128551 0.000557055 0.000214252 0 0 0 0 0.000788074 0.00118211 0.00689565 0.0099166 0.0134629 0.0118868 0.491036 1 0 0 0 9.11286e-005 0.000410079 0.000820158 0.000592336 0.000501207 0.00218709 0.0605094 1 
0.00958466 0.0449059 0.00177494 0.000310614 0.00146432 0.0739262 1 0.120296 0.00545793 0.00146432 0.638444 1 0.0102975 0.00662411 0.00716608 0.0130676 0.0174033 0.0139709 0.00144526 0.000361315 0.000566653 0.268216 1 0.0178023 0.00339992 0.00231383 0.00278604 0.00524154 0.0105775 0.0290882 
0.0594443 0.20984 0.07529 0.00433833 0.00846128 1 0.00389219 0.00026153 0.00026153 0.00606135 0.453503 0.477605 0.0603337 0.108184 0.581236 1 0.663788 0.114033 0.0122473 0.00486752 0.00863638 0.0123755 0.0134013 0.0227656 0.0301446 0.134774 0.540948 1 0.797657 0.38139 
0 0 0.000467071 0 0.00186829 0.0284914 1 0.000467071 0 0 0.00444444 0.0444444 0.108889 0.133333 0.157778 0.16 0.176667 0.302222 1 0.36 0 0 0 0 0.0230126 0.0794979 0.359833 1 0.578452 0.268828 
0.0248691 0.00993215 0.00670743 0.000283776 0.00306994 0.000670743 0.00528855 0.0046952 0.004721 1 0.0484345 0.0390071 0.0143574 0.00703454 0.00616964 0.00443983 0.0113302 0.0539411 1 0.00011532 0.0700704 0.139437 0.0112089 0.000938967 0.00140845 0.00440141 0.0260563 0.160739 0.997594 1 
0.00704718 0.00523998 0.0115697 0.000526722 0.00790991 0.0230486 1 0.00982609 0.00471325 0.000481315 0.141455 0.0406342 0.0820925 1 0.0138267 0.000140978 1.08445e-005 0 0 0 0 0.0012176 0.880712 1 0.0313809 0.0159026 0.0143898 0.0130984 0.0159764 0.201716 
0.0164297 0.31248 0.00600316 0.00157978 0.00315956 1 0.114692 0.0268562 0.0107425 0.00821485 0.433008 0.068323 0.0674357 0.0585626 0.0603372 0.196983 0.785271 0.277728 0.378882 1 0.00539291 0.177966 0.138675 0.127119 0.101695 0.0939908 1 0.606317 0.5547 0.85208 
1 0.00245119 0.000845902 7.69002e-005 0 9.61252e-006 0.00011535 0.00011535 8.65127e-005 0.000692101 0.000233512 0.000773508 0.0023935 0.0301814 0.112334 0.0256571 0.0180096 0.0323414 0.302135 1 0 0.00754994 0.097804 0.0694019 0.0156176 0.0195292 0.0440341 0.0836102 0.165078 1 
0.753623 0.391304 0.275362 0.202899 0.137681 0.15942 0.217391 0.15942 0.26087 1 0.152174 0.478261 0.73913 0.5 0.478261 0.630435 0.695652 1 0.782609 0.76087 1 0.677019 0.509317 0.341615 0.192547 0.130435 0.0869565 0.0496894 0.0621118 0 
0.0832697 0.109376 0.056504 0.0373693 0.186197 1 0.0928789 0.0373588 0.00795537 0.0183811 1 0.616901 0.155668 0.0644886 0.0412024 0.0170619 0.0021602 0.00104959 0.000451566 0.000183067 0.0161541 0.147069 0.0374667 0.0192399 0.184117 1 0.0406361 0.00187752 0.000148714 9.29463e-006 
1 8.66063e-005 0 0 0 0 0 0 0 0.781969 0 0.000490677 0.00497687 0.0134586 0.0196972 0.0218001 0.0236927 0.0330857 0.168583 1 0 0 0.000111103 0.00177765 0.00422191 0.011851 0.0451078 0.148545 1 0.312458 
1 0.911296 0.24764 0.0352177 0.103522 0.0995636 0.0890084 0.0425251 0.0465848 0.120166 1 0.031975 0.0102122 0.0525977 0.0290006 0.0637517 0.0888856 0.0342554 0.00223081 0.00114019 0.00592735 0.00871371 0.0137292 0.00440752 0.00481281 0.0171235 0.0475201 0.10649 0.136785 1 
1 0 0 0 0 0 0 0 0 0.0281202 1 0.00346154 0.00269231 0.00192308 0.00269231 0.00346154 0.00115385 0 0.00153846 0.00115385 1 0.106772 0.0696985 0.0558576 0.0395452 0.0390509 0.00840336 0 0 0 
0.476232 0.010511 0.00161865 0.00100397 0.00356514 0.00565504 0.0461828 1 0.0708315 0.0848666 0.145477 1 0.11929 0.224811 0.0496558 0.0313747 0.0255896 0.00387604 0.000269973 1.92838e-005 0.174888 1 0.0135316 0.0149674 0.0911219 0.059004 0.0855755 0.16352 0.0114664 0.0182322 
1 0.0260315 0.00823072 0.0038351 0.0686601 0.0160307 0.47996 0.113065 0.00243086 0.0724126 1 0.161108 0.0142618 0.00303881 0.000994734 0.000628048 0.000897211 0.000717769 0.0008504 0.000838697 1 0.382548 0.00411466 0.00166425 0.00265729 0.00394456 0.00028044 6.43634e-005 0 0 
1 0.372706 0.0492218 0.0203348 0.0250697 0.00943327 0.102041 0.102188 0.162605 0.605821 0.825641 0.981455 1 0.582945 0.417309 0.39038 0.360826 0.195952 0.211534 0.133881 1 0.559622 0.00880277 0.00688913 0.00478412 0.00377945 0.00248774 0.00169836 0.00165052 0.00655424 
0.470131 0 0 0 0 0 0.109319 0.271315 0.347181 1 0.619237 1 0.175474 0.01011 0.00463375 0.00491458 0.00566347 0.014931 0.0552305 0.00276153 0.00655906 0.0520224 0.0475211 0.0237927 0.0535014 0.328339 0.952093 1 0.0938846 0.0448846 
0.177586 0.517708 0.0173431 0.00192185 0.00732292 0.0123794 1 0.513161 0.0307629 0.168096 0.821262 1 0.58325 0.161922 0.0306109 0.0159348 0.00666259 0.00259535 0.00134389 0.000426633 0.652739 1 0.0824748 0.0257523 0.0117612 0.00960136 0.00993266 0.0194576 0.349452 0.190645 
0.519209 0.228234 0.0576267 0.0436463 0.0839964 0.896454 1 0.284155 0.0584224 0.0722892 1 0.700823 0.504583 0.46557 0.544301 0.834783 0.924324 0.652409 0.441363 0.244183 1 0.31822 0.277653 0.39009 0.530601 0.497333 0.358506 0.285654 0.251404 0.0968557 
0.331685 0.186667 0.0334831 0.0137828 0.0110112 0.0238951 0.381573 1 0.0260674 0.0161798 0.905016 0.118147 0.104816 0.194134 0.294118 0.545242 0.848359 1 0.290285 0.0439927 1 0.206554 0.303228 0.447669 0.81252 0.947343 0.305673 0.121617 0.0955331 0.165634 
0.232418 1 0.00274725 0.0043956 0.00769231 0.0274725 0.021978 0.00769231 0.00824176 0.0164835 0.0165289 0.0268595 0.0206612 0.0258264 0.0237603 0.0289256 0.0743802 0.153926 0.430785 1 0.00649819 0.00722022 0.0245487 0.0563177 0.0873646 0.131408 0.153791 0.105415 0.174007 1 
1 0.0251205 0.0200457 0.0568384 0.036539 0.0218219 0.0289267 0.0230906 0.0312104 0.138797 1 0.0457111 0.0564334 0.0722348 0.107223 0.0919865 0.133183 0.192438 0.336343 0.441874 1 0.135774 0.0750695 0.0787766 0.0620945 0.0968489 0.201112 0.28684 0.31696 0.271084 
0.246164 0.0012279 3.31225e-005 7.09767e-006 8.04402e-005 0.675547 1 0.0797518 0.0372982 0.0723205 0.112232 1 0.125749 0.00728694 0.00938703 0.0412606 0.0743037 0.0409894 0.0180216 0.00267765 8.75078e-006 0.00129949 0.00873984 0.158422 0.108101 0.106191 0.570122 1 0.000441914 0 
0.0141075 0.0130462 0.00455581 0.000465935 0.00300269 0.071987 1 0.0578536 0.00230379 0.00729965 0.154148 0.483871 0.829485 1 0.213308 0.0110106 0.00535651 0.00238067 0.000654684 0.000119033 0.0262536 1 0.120154 0.39748 0.28122 0.114685 0.0253785 0.00704472 0.00700096 0.00634462 
0.00084674 0.000317528 0 0 0 0 1 0.00984335 0.00296359 0.00105843 0.00501602 0.00752403 0.00849937 0.0115647 0.0115647 0.00989271 0.0160234 0.0352515 0.119688 1 0.00161943 0.0271255 0.142645 1 0.105533 0.0107962 0.00431849 0.00161943 0.000539811 0 
0.0267442 1 0.0190116 0.00168605 0 0.000174419 0.000290698 0.000232558 0.000581395 0.00104651 0.012353 0.0506028 0.0830481 0.111177 0.126358 0.155827 0.236494 1 0.660961 0.0662301 0.227841 0.0847034 0.0466405 0.0582559 0.445139 1 0.986061 0.313259 0.0493209 0.0153681 
0.409256 0.145329 0.0332153 0.00713181 0.0443868 0.0288265 1 0.409107 0.000748092 0.026682 0.688115 1 0.473126 0.312203 0.0979758 0.0491148 0.0232248 0.00983565 0.00640904 0.00298242 1 0.0173318 0.00544786 0.00415558 0.00413024 0.00349677 0.00415558 0.00483973 0.0089193 0.0168504 
1 0.18522 0 0 0 0 0 0 0 0.0418984 0 0 0.0189544 0.159758 0.103937 0.108102 0.159342 0.239742 0.4799 1 0.224436 0.911808 0.977146 0.359801 0.167301 0.135072 0.143569 0.483153 1 0.574861 
0.172819 0.0281075 0.0093909 0.00443459 0.0260206 0.107865 1 0.427155 0.0524325 0.037694 1 0.326097 0.0385388 0.002582 0.000717223 4.78149e-005 4.78149e-005 0 0 0 0 5.89866e-005 0.000530879 0.004424 0.0241255 0.101811 0.199965 0.158851 0.197959 1 
0.00124536 0.000160692 2.6782e-005 0.000120519 1 0.0191491 0.00170066 0.000736505 0.00184796 0.00066955 0.0509332 0.0250019 0.0197598 0.0129378 0.0135698 0.020113 0.0417317 0.19284 1 0.0426054 0.000407529 0.0195869 0.793001 1 0.020351 0.0138305 0.00896564 0.00876188 0.0102137 0.0757495 
0.190141 0.0211268 0 0 0.00704225 0.0892019 0.223005 0.293427 0.389671 1 0.150485 0.68932 1 0.830097 0.825243 0.597087 0.398058 0.0776699 0.00970874 0 0.00404858 0.1417 1 0.781377 0.534413 0.728745 0.392713 0.1417 0.0688259 0.0242915 
0.311977 0.100951 0.0142394 0.00602162 0.0320634 1 0.270817 0.109253 0.0171864 0.0295697 1 0.0291691 0.00779575 0.00534334 0.00466121 0.00676444 0.00579809 0.00465309 0.00675632 0.00470181 0.0209539 0.0249769 0.00846548 0.0044055 0.00528167 0.00892207 0.0162152 0.0542852 0.504436 1 
0.541344 1 0.00788955 0.00303444 0.00189653 0.00394477 0.00235169 0.00189653 0.00735852 0.129722 0.0734835 0.141768 0.864471 1 0.184055 0.595841 0.949913 0.0235702 0.012825 0.012305 0.0229552 0.0485683 0.684064 0.286577 0.0996738 1 0.390842 0.109581 0.0183641 0.0459104 
0.305042 0.806718 0.366689 0.0440485 1 0.0101286 0.0118592 0.00287827 0.000619375 0.0045178 1 0.0215436 0.00533792 0.00724823 0.0749685 0.143009 0.0258761 0.00138932 0.00101457 0.000301629 0 0.00104806 0.0382446 0.161306 1 0.954171 0.107702 0.356721 0.0464957 0.00432562 
1 0.0413961 0.0127841 0.00750812 0.0326705 0.0115666 0.680195 0.538149 0.0592532 0.705966 0.358589 0.120245 0.358436 1 0.493865 0.00398773 0 0 0 0 0 0 0.000489716 0.312928 0.370348 1 0.121694 0.0284035 0.0291381 0.000979432 
0.000123442 0.000246883 0.000246883 1 0.0374028 0.00481422 0.00518455 0.00913467 0.0211085 0.000246883 0.00523685 0.0276125 0.0480838 0.0292787 0.0166627 0.0330874 0.0964056 0.13473 0.349679 1 0.0110814 0.094259 1 0.0548732 0.00333778 0.00267023 0.000267023 0 0 0 
0.0129904 0.0233307 1 0.0294591 0.0044721 0.454735 0.00511097 0.000851829 0.000709858 0.00260281 0.016534 0.0190302 0.054718 1 0.0273343 0.00583263 0.00625278 0.0096881 0.0192279 0.285132 0.016159 0.0394037 0.0199102 0.0352036 0.245399 0.582398 1 0.134594 0.0029176 0.0029176 
0.0131797 0.00497648 0.00263594 0.00161338 0.00553321 0.0666712 1 0.0049424 0.00245416 0.00900993 0.0629776 0.0383782 0.0301046 0.187367 1 0.208343 0.00699223 0.00999794 0.0027526 0 0.00157554 0.0670669 0.0220363 0.0226324 0.181975 1 0.603006 0.101686 0.0284449 0.0535258 
0.511509 0.167031 0.0347782 0.00968862 0.0261257 0.0146449 0.116179 0.335769 0.81572 1 0.130995 0.371696 0.65619 1 0.765827 0.474075 0.140962 0.075013 0.097378 0.0399028 0.962867 1 0.0379378 0.0336934 0.0265323 0.0298312 0.0222879 0.0211615 0.0338946 0.00947438 
0.953897 0 0 0 0 0 0 0 0 1 0 0 0 0 0.000480538 0.00432484 0.0153772 0.034839 0.0482941 1 0 0 0 0.0156339 0.0667302 0.0854147 0.102765 0.164728 0.261582 1 
0.0811921 1 0.000486885 0.000223155 0.000348934 0.002475 0.0402897 0.00755077 0.00270221 0.00435762 0.0125022 0.0252721 0.0359562 0.365869 1 0.263965 0.0115371 0.00709785 0.010927 0.0105783 0.000183497 0.00286923 0.00938617 0.0178437 0.0243718 0.0945902 0.324001 1 0.0844255 0.00415928 
1 0.307269 0.0171891 0.00213459 0.0037449 0.005505 0.0810396 0.0463244 0.0747856 0.173127 1 0.0535494 0.0242169 0.0248973 0.0194038 0.0134818 0.00793791 0.00423355 0.00216717 0.000781191 2.66312e-005 0.00167776 0.0153928 0.031984 0.0311585 0.0356325 1 0.0743808 0.0110519 0.015526 
0.0153243 0.0508063 0.112202 0.240366 1 0.0348778 0.00306486 0.000801916 0.000450391 0.0053278 0.121963 0.606924 1 0.578281 0.179675 0.0621167 0.0210937 0.00628736 0.00345416 0.00130016 0.0210693 1 0.597923 0.0327193 0.0378253 0.0373013 0.0389675 0.0177638 0.00545545 0.000792787 
0 0 0 0 8.88573e-005 1 0 0 0 0 0.000146922 0.0035751 0.0332533 1 0.0653803 4.8974e-005 0 0 0 0 0 0 0 0 0 0.00724808 0.242722 1 0.0763701 0.000117855 
0.00110762 0.000672985 0.00119875 0.000876283 0.029345 1 0.0186473 0.000196287 2.80411e-005 4.90718e-005 0.742919 1 0.53603 0.098382 0.0621018 0.0351293 0.0184987 0.00697248 0.00255213 0.000550459 0 0.00187995 0.0300522 0.0698152 0.0692472 0.0562363 0.0527063 0.205564 1 0.544348 
0.0396908 2.36044e-005 1.18022e-005 1.18022e-005 8.26154e-005 3.54066e-005 7.08132e-005 0.00010622 0.000224242 1 0.000136189 0.000486391 0.000486391 0.00120625 0.00354092 0.00494173 0.0060507 0.00690675 0.0189498 1 0.00135238 0.00273774 0.00458489 0.00999439 0.0501039 0.203516 0.64792 1 0.887456 0.0996471 
0.450212 0.000163292 3.26584e-005 6.53168e-005 0 6.53168e-005 0.000114304 8.1646e-005 0.000114304 1 0 9.26286e-005 0.000148206 0.000277886 0.0019452 0.00566887 0.00794754 0.0155616 1 0.605069 0.000771916 0.000617533 0.000391896 0.000285015 0.000938175 0.00249388 0.00539154 0.0122794 0.0319811 1 
0.656434 0.070655 0.0290537 0.00746882 0.0212861 0.0479498 1 0.144671 0.0229293 0.0271118 1 0.106457 0.811264 0.483085 0.0767501 0.0253022 0.0147128 0.00609128 0.0039359 0.00281136 0.197959 1 0.115975 0.0331478 0.0144231 0.0118927 0.00775978 0.0083502 0.00969973 0.89052 
0.0703102 0.0141005 0.00480261 0.00530208 0.216598 1 0.210892 0.0362693 0.0282202 0.00455288 0.934964 1 0.0757753 0.0820314 0.0596166 0.070088 0.0761099 0.0678131 0.0901275 0.0150547 0.236701 0.113656 0.0524682 0.013874 0.000977311 0.00105396 0.00772267 0.0321363 0.128526 1 
0.00133826 0.0185971 0.00470697 0.00244578 0.0092755 1 0.00396862 0.00152284 0.000738348 0.00119982 0.0192045 0.0330578 0.0324633 0.0408467 0.0837148 1 0.126167 0.0086212 0.000713479 5.94566e-005 0 0 0 0.000274454 0.00395214 0.0121858 0.0154792 0.0215721 1 0.188111 
1 0.527135 0.0925267 0.0422598 0.0920819 0.555605 0.741548 0.258452 0.177046 0.604982 0.0408942 0.173937 0.415485 0.620502 0.806979 0.94602 1 0.738822 0.231189 0.0338059 0 0.0203287 0.535467 0.614619 0.49654 0.346021 0.231834 0.265138 0.468426 1 
0.189425 1 0.0321427 0.00761795 0.0446117 0.00334184 0.0155054 0.00447375 0.00203026 0.040659 1 0.0163051 0.00593422 0.00470259 0.0056543 0.00470259 0.00313506 0.00176347 0.000895731 0.000307908 7.15973e-005 0.00462996 0.0148684 0.0167299 0.0148684 0.01494 0.0480895 0.661893 1 0.00360373 
1 0.118323 0.0731983 0.0187471 0.0519077 0.381253 0.908997 0.279699 0.0677343 0.181724 1 0.141068 0.0135952 0.00321992 0.00171729 0.00164574 0.00132375 0.000679761 0.000787092 0.000822869 0.103161 0.143465 0.0451952 0.0219183 0.0212843 0.119192 0.628747 0.458201 1 0.42152 
0.0880155 0.00448296 0.00239091 0.00612672 0.234011 0.663628 1 0.318589 0.179468 0.275852 1 0.27293 0.415451 0.42843 0.118665 0.0279357 0.0184178 0.00840544 0.0025958 0.000618047 0.00229358 0.162844 0.847859 1 0.500255 0.222222 0.908512 0.704383 0.271407 0.108563 
0.00147387 0.0239139 3.98343e-005 3.98343e-005 2.65562e-005 0.00164648 1 0.00227055 0.000637349 0.000544402 0.00105167 0.00574372 0.0126739 0.0822187 0.118407 0.763294 1 0.0580574 0.00598641 0.0255906 0.000440292 0.0303228 0.179008 1 0.23012 0.011371 0.00120602 0.000650867 0.00122516 0.0314713 
0.0107254 1 0.72742 0.0131497 0.016933 0.0192103 0.0104683 0.000550964 0 0.000183655 1 0.177629 0.00296571 7.23345e-005 0 0 2.41115e-005 0 0 0 3.30175e-005 0.000627332 0.00785816 0.0194143 0.0273715 0.0400172 0.0798362 0.129759 0.311883 1 
1 0.0334949 0.00749229 0.00661084 0.00837373 0.00837373 0.206699 0.107536 0.0594976 0.509035 0.106272 0.166376 0.238676 0.417247 0.816202 1 0.293554 0.215157 0.212544 0.200348 0.0725244 0.539749 0.641562 0.606695 0.472803 0.594142 0.750349 1 0.917713 0.566248 
0.0428871 0.00132904 0.000766754 0.000357818 0.000511169 0.000894546 0.000920104 0.000638961 0.00120125 1 0.0204473 0.00693654 0.0170825 0.0354592 0.0807537 1 0.922404 0.0291956 0.00771301 0.00274356 0.000559935 0.00163673 0.00861438 0.0224405 0.0322178 0.0814059 0.537882 1 0.0606021 0.0233019 
0.0525751 0.0080733 0.000268321 1.57836e-005 0.00028805 0.0427222 1 0.070154 0.0194848 0.0296297 0.00246905 0.0116883 0.0364978 0.0701827 0.147345 1 0.0706942 0.0180152 0.00707647 0.00199728 0.0198861 1 0.0345976 0.0335792 0.018597 0.00591853 0.0049616 0.00184886 2.52774e-005 0 
0.724138 0 0 0 0 0 0 0 0 1 0 0 0 0 0 0 0.00796813 0.231076 0.713147 1 0 0 0 0 0.214286 0.22619 0.255952 0.39881 0.880952 1 
0 0 0 0 0 1 0.0112949 0.000403388 0.000403388 0.000806777 0.00924025 0.00718686 0.0482546 0.107803 0.10883 0.12423 0.179671 0.301848 0.453799 1 0 0 0.00362319 0.0307971 0.110507 0.32971 1 0.769022 0.0307971 0 
0.213905 0.00499181 0.0050942 0.0329459 0.019788 0.016921 1 0.180755 0.00727012 0.0221943 0.391923 0.870488 1 0.157293 0.059719 0.0420563 0.0270588 0.0150427 0.0143199 0.00912499 1 0.0284858 0.00342326 0.00125933 0.000461165 0.000744958 0.000709484 0.00177371 0.00368932 0.00145444 
0.17427 0.000727602 9.83246e-006 0 0 0 0 9.83245e-005 0.00624361 1 0.023123 0.0663103 0.0373052 0.0355145 0.0501281 0.223818 1 0.100766 0.0178814 0.00712381 1 0.606133 0.0291276 0.0230747 0.0215384 0.030034 0.0569032 0.0711905 0.00777349 1.53626e-005 
0.619766 0.00435511 0.00134003 0 0 0.00234506 0.153769 0.0686767 0.0549414 1 0.00766017 0.0396936 0.0577994 0.122563 0.208914 0.27507 0.385794 0.50766 0.802228 1 0.0528455 0.527642 1 0.80813 0.437398 0.272358 0.552846 0.815447 0.14878 0.00813008 
0.0376989 0.00378369 0.00256849 0.00190566 0.00867212 0.015411 0.00400464 0.00347989 0.026983 1 0.191219 0.021559 0.0116922 0.00927479 0.0120375 0.023483 0.0576714 0.421362 1 0.221066 0 0 0 4.72813e-005 0.00118203 0.00973995 0.040331 0.232246 0.607329 1 
1 0.631483 0.128737 0.0390482 0.0756559 0.294082 0.423429 0.255644 0.233069 0.319707 1 0.120177 0.0381615 0.0124394 0.00274088 0.000421674 0.000632511 0.000210837 0 0 0.000757193 0.00277638 0.00429076 0.00630994 0.00757193 0.00959112 0.020949 0.067895 0.286724 1 
0.150118 1 0 0 0 0 0 0 0 0 0 0 0 0 0.0162162 0.154054 0.264865 0.927027 1 0.227027 0 0 0 0 0.00661157 0.0380165 0.0760331 0.132231 0.355372 1 
1 0.0368144 0.00108079 0.00050662 0.00155363 0.0604566 0.979229 0.0568765 0.0289111 0.736828 0.0242564 0.0224339 0.029637 0.0602504 0.0928815 0.32067 1 0.25493 0.0260138 0.0118461 0.11746 0.335512 0.0775532 0.0312714 0.0383731 0.157245 0.91708 1 0.578622 0.214179 
0.15726 1 0.257547 0.0802005 0.00355923 0.000536502 0.00922521 0.00350689 0.00065427 0.00420042 0.349211 0.0378737 0.084648 0.218464 0.189982 0.36425 0.653612 0.830459 1 0.772267 1 0.381834 0.0241715 0.00977066 0.0056379 0.00308681 0.00252557 0.00201536 0.00321437 0.0461874 
0.732623 0.0244584 0.00814814 0.00509085 0.0173548 0.237243 0.0538195 0.00642102 0.00164356 1 1 0.438131 0.601556 0.287927 0.131524 0.055068 0.0288881 0.00861957 0.0126299 0.00795986 1 0.0517635 0.00477079 0.00429931 0.00378387 0.00685651 0.0112677 0.0298954 0.04581 0.0388296 
0.756189 0.894224 0.525131 0.190548 1 0.264816 0.219805 0.304576 0.294824 0.197299 1 0.0910698 0.00442087 0 0 0 0 0 0 0 0 0 0 0 0.000378143 0.0196635 0.0495368 0.0484023 0.0533182 1 
0.328804 1 0 0 0 0 0.00150966 0.000603865 0.000301932 0.00150966 0.000489237 0.00146771 0.0264188 0.0278865 0.0513699 0.12182 0.129648 0.181018 0.369374 1 0.0131326 0.0233824 0.0182575 0.0102498 0.00736707 0.0128123 0.0211403 0.0608584 0.246637 1 
0.0490196 0.470588 0.867647 0.431373 0.176471 0.259804 1 0.0343137 0 0 0.750685 1 0.0821918 0.00273973 0.00273973 0 0 0 0 0 0.00229885 0.131034 1 0.367816 0.016092 0.0045977 0.0091954 0.00229885 0.0045977 0.0045977 
1 0.00347853 0.00184404 0.00783717 0.0040513 0.00135509 0.00361823 0.00208153 0.00315722 0.023735 1 0.00569483 0.00355021 0.00321693 0.00298507 0.00470946 0.00652079 0.00482539 0.00578177 0.00814375 1 0.0133124 0.00428239 0.00244904 0.00136818 0.00123136 0.000807224 0.000875633 0.00113559 0.00400876 
0.1444 0.0254885 0.00435429 0.00272586 0.0119654 0.171906 1 0.271701 0.10514 0.275949 0.442386 0.950499 1 0.463567 0.132043 0.0471414 0.0458434 0.114048 0.134875 0.0204142 0.666693 1 0.0929974 0.0355485 0.0286451 0.0356675 0.0695497 0.113073 0.109899 0.104662 
0.0527059 0.00925332 0.00070053 0.00023351 0.000930082 0.0430489 1 0.0694078 0.0199671 0.0293747 0.00312317 0.0137203 0.0370583 0.0738277 0.157377 1 0.0742339 0.0242045 0.00897233 0.00315927 0.0265148 1 0.0356286 0.0328577 0.0190978 0.00645211 0.00498108 0.00198442 4.73349e-005 0 
1 0.149473 0.0681552 0.0155031 0.0402691 0.407859 0.915464 0.322445 0.0696178 0.204661 1 0.121097 0.0130348 0.00420477 0.00150671 0.00143663 0.000981114 0.000665756 0.000525597 0.000665756 0.0982712 0.149591 0.0452229 0.022111 0.021929 0.120928 0.630937 0.462238 1 0.428935 
0.0557547 0.00563284 0.00154564 0.00327454 0.00780789 0.00358526 0.00285227 0.0027965 0.00321876 1 0.0446354 0.00471807 0.00361837 0.00527679 0.00685539 0.00658046 0.0109881 0.124036 1 0.00227035 0 0.000106032 0.0011815 0.0122088 0.0657548 0.886077 1 0.00481687 0.0100579 0.085401 
1 0.000220994 0.000110497 0 0 0 0 0 0 0.0108287 0 0 0.000523972 0.00314383 0.0130993 0.0652345 0.165575 0.318051 0.578989 1 0.0018018 0.0279279 0.0472072 0.049009 0.0385586 0.0508108 0.0571171 0.106847 0.26955 1 
0.0118977 0.00890208 0.015402 0.0345909 0.141614 1 0.0374735 0.00344779 0.00288258 0.0257454 0.00700825 0.0369101 0.0938327 0.200514 0.451487 1 0.860691 0.279084 0.167575 0.225899 0.455876 0.635564 1 0.30197 0.12445 0.116017 0.0364436 0.0278899 0.021324 0.012951 
1 0.0929078 0.0151192 0.00375094 0.018293 0.0181776 0.057072 0.0246408 0.00698251 0.0495124 1 0.0925443 0.0577472 0.0396973 0.0336187 0.0354795 0.0263615 0.0156928 0.0151966 0.00793946 1 0.204894 0.065739 0.0322097 0.0177543 0.00551823 0.00275912 0.0028191 0.00353887 0.00191939 
0.0120784 0.00950348 0.0204977 1 0.748691 0.00299842 0.00064373 0.000355745 0.00066067 0.00896139 0.183913 1 0.00206068 0.000423276 5.56942e-005 0 0 0 0 0 0 0.00017005 0.00114397 0.00245799 0.00533337 0.010744 0.0339481 1 0.5927 0.000123672 
1 0.796154 0.15 0.0153846 0.251923 0.0442308 0.209615 0.0807692 0.0192308 0.105769 1 0.146179 0.00830565 0 0 0 0 0 0 0 0 0 0.0803324 1 0.520776 0.300554 0.0235457 0 0 0 
0.00133622 0.000269166 0.000711367 0.000836337 0.00629656 1 0.190771 0.000980534 0.000644076 0.000259553 0.116716 0.0356571 0.0857305 0.215978 0.574768 1 0.0471201 0.00590669 0.00241941 0.000617366 0.0225623 1 0.015364 0.00607104 0.00326629 0.00315091 0.00357694 0.00358582 0.00614205 0.0461896 
1 0.00159781 0 0 0 0 0 0 0 0.0849121 0.0105857 0.115737 0.15808 0.148906 0.194778 0.189838 0.305575 0.53705 1 0.639379 0 0 0.00114877 0.0844342 0.290638 0.855256 1 0.165422 0.106835 0.230327 
1 0.00481928 0 0 0 0 0 0 0 0.373494 0 0.0206897 0.124138 0.351724 0.634483 0.731034 1 0.882759 0.131034 0.0275862 0 0 0.0102041 0.0816327 0.367347 0.852041 1 0.545918 0.0612245 0 
0.0188839 0.00358338 0.00519115 0.00942713 0.0744026 1 0.00845416 0.00115689 0.000533947 0.00229004 1 0.821858 0.0254797 0.0254077 0.0292513 0.0347071 0.0482387 0.0927635 0.170613 0.355262 0.000337663 0.0458626 0.220097 0.444147 0.473881 0.460752 0.669328 1 0.446073 0.00236364 
0.00624783 0.0104131 0.0437348 0.0999653 0.201319 1 0.208955 0.00694203 0.000694203 0.00242971 0.27794 0.687075 1 0.938776 0.626822 0.442177 0.226433 0.112731 0.0573372 0.0165209 0.269917 1 0.178755 0.110583 0.0705509 0.0531114 0.0864051 0.0348791 0.000792707 0 
0.176656 0.850684 1 0.00105152 0 0 0 0 0 0 1 0.145147 0 0 0 0 0 0 0 0 0 0 0 0 0 0 0.0451389 1 0.569444 0.299107 
1 0.263195 0.0576946 0.00912814 0.0317145 0.0183733 0.0775892 0.0623757 0.0376829 0.215331 1 0.0414886 0.0109509 0.0132657 0.0180734 0.0186966 0.0327635 0.0812856 0.0964209 0.0304487 0.000683138 0.00170784 0.00273255 0.0168507 0.0513492 0.136628 0.148241 0.0604577 0.306387 1 
1 0.00337566 0.000321492 0.0117344 0.00739431 0.0229867 0.540588 0.0268446 0.0102877 0.0610834 0.164067 0.0932987 0.056037 0.105719 0.101098 0.137782 0.168111 0.195841 0.358463 1 0.88519 0.467391 0.064538 0.0509511 0.0543478 0.19803 0.628397 1 0.190217 0.0207201 
0.534158 0.462648 0.126739 0.0639876 0.0611025 0.240495 1 0.203091 0.0575992 0.100052 1 0.117245 0.0962926 0.0823035 0.0587792 0.0556427 0.0555172 0.0526943 0.0816762 0.0493068 0.281686 0.282843 0.138842 0.120164 0.119541 0.0821845 0.0411812 0.0593258 0.334252 1 
0.585263 0.0547368 0.00968421 0.00547368 0.0416842 0.0134737 0.00547368 0.000842105 0.0442105 1 1 0.15493 0.312877 0.528169 0.806841 0.77163 0.55835 0.0462777 0.0140845 0.00804829 0 0.00562852 0.0356473 0.22045 1 0.949343 0.440901 0.26454 0.0984991 0.908068 
1 0.0440162 0.0144016 0.00263692 0.0460446 0.00933063 0.656998 0.558621 0.0793103 0.691886 0.346387 0.15601 0.449329 1 0.478101 0.0151854 0.00047954 0 0 0 0 0 0.0028314 0.32381 0.432819 1 0.144788 0.034749 0.0272844 0.0027027 
1 0.341243 0.000474608 0 0 0 0 0 0 0.00237304 0.0271084 0.129518 0.210843 0.560241 0.871988 0.908133 1 0.271084 0.11747 0.061747 0.00222222 0.0311111 0.125556 0.29 0.384444 0.386667 0.293333 0.398889 1 0.234444 
0.0190559 0.00623954 0.00325598 0.00199769 0.0053315 0.0220005 0.0566877 0.00967713 0.0766906 1 0.361014 0.141045 0.0527737 0.0422459 0.0463963 0.104029 0.288467 1 0.851903 0.23296 0 0 0.000104894 0.00448047 0.0112536 0.0268679 0.0596847 0.103306 0.181587 1 
0.499142 0.563519 0.0746781 0.0974249 0.575107 0.661373 1 0.366953 0.160086 0.741202 0.136819 0.143983 0.344556 0.398997 0.586676 0.7851 0.852436 1 0.803009 0.80659 1 0.505724 0.535728 0.795105 0.900513 0.162653 0.0927754 0.0659297 0.08409 0.217134 
0 0 0 0 0 0.403666 1 0.0715313 0.00287563 0 0.0751611 0.218325 1 0.89549 0.479599 0.203293 0.0536865 0.0107373 0.00572656 0.00071582 0.0291153 0.945129 1 0.320829 0.00727884 0 0 0 0 0 
0.000137593 0.000242426 0.000235874 0.000268634 0.00425883 1 0.0178281 0.000314498 6.55205e-006 0.000131041 1 0.43172 0.0185538 0.00606621 0.00189744 0.000682332 0.000336493 0.000224328 0.000102817 4.67351e-005 0.00107759 0.0134039 0.0177362 0.00490412 0.00360662 0.0367589 0.614741 1 0.0251473 0.000153941 
0.062472 1 0.0459996 0.00170887 0.00134469 0.00106455 0.001961 0.000504258 0.00224115 0.00291349 0.663272 1 0.0778116 0.00361504 0.0025129 0.00326235 0.00401181 0.00383547 0.0025129 0.00110215 0 6.03209e-005 0.000542888 0.0014477 0.00262396 0.00196043 0.00410182 0.0104958 0.184793 1 
0.21716 0.0253919 0.00250558 0.00155835 0.00608061 0.0253613 1 0.0387142 0.010114 0.0276225 0.0552823 0.136794 0.639253 1 0.614572 0.53816 0.222951 0.082878 0.101002 0.434699 1 0.937578 0.0926521 0.157144 0.113732 0.100605 0.00441201 0.00348603 0.00245111 0.00250558 
0.107003 0.0267346 0.0345421 0.169721 0.245128 0.115735 1 0.195208 0.199381 0.35596 0.186585 0.264043 0.361604 0.56929 0.768699 1 0.705654 0.263932 0.0714338 0.0133407 0.0163355 0.662256 1 0.532218 0.12312 0.102323 0.0171975 0.00081893 0 0 
1 0.193929 0.0378264 0.0119015 0.118646 0.631608 0.267921 0.119291 0.119476 0.494695 1 0.28569 0.362322 0.454248 0.236703 0.149903 0.091673 0.047391 0.0287371 0.0105873 0.339909 0.962253 0.566958 0.474583 0.471927 0.420713 0.338392 1 0.657246 0.926214 
1 0.141066 0.166144 0.0622481 0.0470219 0.0170175 0.015674 0.00940439 0.0103 0.0497089 0.799632 0.900735 0.628676 0.384191 0.380515 0.694853 0.705882 1 0.330882 0.167279 0.162643 1 0.851334 0.362135 0.184244 0.139771 0.172808 0.198221 0.39136 0.846252 
0.854723 0.0634024 0.0129063 0.00427523 0.00992176 0.0408163 1 0.167541 0.0509801 0.129628 1 0.0563958 0.0374776 0.0328634 0.0271213 0.0328634 0.0398872 0.0788003 0.157908 0.0201999 0 0 0 0 0 0.00124417 0.0264386 0.268663 0.95381 1 
0.135256 0.0426629 0.04782 0.0604782 0.298875 1 0.17745 0.0152368 0.0182841 0.0135959 1 0.298217 0.0831983 0.00702323 0.00162075 0 0 0 0 0 0 0.000276855 0.00166113 0.00138427 0.000692137 0.00124585 0.00415282 0.0106589 0.048588 1 
0.119815 0.0125783 0.00378266 0.00490277 0.222736 1 0.216126 0.0254871 0.0284801 0.00853853 0.878828 1 0.0703968 0.0743388 0.0552467 0.0643956 0.0665725 0.0608361 0.0714559 0.0142676 0.213103 0.104299 0.0514423 0.0154537 0.000873088 0.000977858 0.00647831 0.035168 0.134089 1 
0.0743077 1 0.00569231 0.00184615 0.00230769 0.00369231 0.006 0.00307692 0.000769231 0.00707692 0.0286807 0.0295001 0.0431576 0.082218 0.19339 0.278066 1 0.209779 0.0314122 0.0188473 0.00731383 0.101396 0.0890957 0.14262 0.119348 0.0954122 0.106051 0.72008 1 0.00598404 
0.160425 0.0965 0.0601595 0.0238539 0.0230845 0.0181061 0.0552511 0.253428 1 0.278448 1 0.0224658 0.0157377 0.0117693 0.010955 0.0123769 0.00919056 0.00414932 0.00173858 0.00080789 0.0631231 0.0736253 0.038563 0.0416672 0.0460979 0.0677041 0.144789 0.551561 1 0.282645 
0.944186 0.0430956 0.0244152 0.0243016 1 0.616739 0.10737 0.0161254 0.0112423 0.110266 1 0.0610086 0.0528758 0.0505048 0.044947 0.0384968 0.0264634 0.016342 0.00632266 0.00135121 0.0024463 0.0058222 0.0090024 0.0139195 0.01754 0.0304565 0.0423455 0.0512501 0.0756886 1 
0.000834877 1 0.299567 0.0164096 0.00468299 0.0105751 0.153512 0 0 0.000124752 0.0272994 0.608432 1 0.239342 0.0644087 0.0129991 0.00371221 0.00223243 0.00122465 0.000969511 0.0183107 0.00750327 0.0193984 0.0198527 0.0177325 0.0450059 0.127377 0.328478 1 0.547835 
0 0 0 0 0 0 0.00343643 0.0130584 0.121649 1 0.00357143 0.0196429 0.03125 0.0214286 0.025 0.0892857 0.241071 1 0.0446429 0.00178571 0 0.000938086 0.00375235 0.0262664 0.125704 0.366792 1 0.0178236 0.00375235 0.00844278 
0.224176 0.0567923 0.00164432 0.00236108 0.00746269 0.0408972 0.663167 1 0.372671 0.461843 0.0530458 0.221402 0.417898 0.618544 0.89159 1 0.253962 0.0976819 0.0381132 0.0120216 0.516833 1 0.165284 0.133432 0.12136 0.0803231 0.0399312 0.00491461 0.000399312 0 
1 0.217002 0.0391499 0.016965 0.0186428 0.0177107 0.368382 0.681767 0.16909 0.673937 1 0.236135 0.0650204 0.0521327 0.0280203 0.00515507 0.00515507 0.000831463 0.00133034 0.0167955 0.273858 1 0.712428 0.0976955 0.0754984 0.0637636 0.0206419 0.0173901 0.0227626 0.144776 
0 0 0 0 0 0.174713 1 0 0 0 0 0 0 0.046875 0.25 0.429688 0.582031 0.78125 0.824219 1 0 0 0 0 0.0201342 0.111857 0.212528 0.642058 1 0.299776 
0.924729 0.470334 0.30361 0.131688 0.541571 1 0.160503 0.0465523 0.0195345 0.1019 1 0.0580791 0.0355986 0.0297334 0.026958 0.0471627 0.0615205 0.0503821 0.042241 0.0309545 0.00690862 0.00840549 0.0110768 0.0322402 0.0672669 0.113716 0.165646 0.228353 1 0.120049 
1 0.0253772 0.0137174 0.0109739 0.0322359 0.214678 0.0891632 0.021262 0.0144033 0.0466392 0.0308008 0.102669 0.160164 0.197125 0.332649 0.305955 0.464066 0.587269 1 0.967146 0.118397 0.32969 0.449909 0.285975 0.24408 0.132969 0.143898 0.311475 0.883424 1 
0.413207 1 0.176295 0.00406258 0.0153238 0.0194576 0.0955062 0.0162147 0.0128292 0.00666405 1 0.224278 0.889034 0.0829874 0.0162004 0.00690433 0.00527978 0.00248195 0.000676895 0.000135379 0 0.00532703 0.0522301 0.001513 0.00318361 0.00961387 0.0164224 0.121292 0.346761 1 
0.647585 1 0.576831 0.0202307 0.200883 0.0439477 0.0764776 0.0256539 0.00372849 0.0159114 1 0.0343286 0.00841425 0.00427155 0.00238176 0.00106203 0.000745765 0.000308458 0.000382644 0.00028503 0.00635049 0.00893163 0.00505547 0.00588767 0.0127588 0.10329 1 0.0571589 0.000507327 0 
0.403963 1 0.221668 0.00768023 0.302567 0.01321 0.125768 0.0267101 0.0144559 0.0373259 1 0.00420898 0.00108025 0.00152835 0.00108825 0.000896208 0.000544126 0.000208048 0 1.60037e-005 1.34553e-005 0.000121098 0.000766954 0.0024085 0.00477664 0.010845 0.0167922 0.0801803 0.581741 1 
1 0.16012 0 0 0 0 0 0 0 0.0599201 0 0 0 0.00192864 0.0462874 0.243973 0.447445 0.448409 1 0.912247 0 0.00207684 0.00415369 0.0425753 0.146417 0.365524 0.807892 1 0.902388 0.534787 
0.0871102 0.0279892 0.00363369 0.00628529 0.056715 0.859612 1 0.0579917 0.0156641 0.0159096 0.0192423 0.0338244 0.0824815 0.601423 1 0.298657 0.0625376 0.0249048 0.0169373 0.00896973 0.0923597 0.561336 1 0.841974 0.0371337 0.0138807 0.00640645 0.00438961 0.00765215 0.00907581 
0.145039 0.115646 0.416091 0.622349 1 0.0855406 0.0343764 0.0146671 0.00286223 0.0383657 1 0.0375195 0.015244 0.00844322 0.00499337 0.00681394 0.00991418 0.01031 0.0051121 0.00136543 0.00304643 0.0200194 0.052786 0.0864792 0.652778 1 0.465584 0.0558324 0.0062192 0.000126349 
0.000332668 0.00133067 0.000665336 0 0 0 0.00266134 1 0.105123 0.00266134 0.00143575 0.0086145 0.0122039 0.0265614 0.0488155 0.0732233 0.119167 0.254846 0.648959 1 0.0938389 0.371564 0.996209 1 0.521327 0.11564 0.0473934 0.0180095 0.0028436 0.00379147 
0.00293772 0.000117509 0 0 1 0.285076 0.0290247 0.0246769 0.139013 0.0441833 0.133951 0.300772 0.228858 1 0.339043 0.000154321 0 0 0 0 0 0 0 0.0614384 0.559979 1 0.0457803 0.0216295 0.0200372 0.0132696 
0.196524 0.301812 1 0.690559 0.445229 0.057612 0.0195441 0.00262158 0.00152272 0.0213494 1 0.0347937 0.0308026 0.0323798 0.0138403 0.00537517 0.00304486 0.00110078 0.000392677 0.000102997 0.00374621 0.055206 0.0899328 0.0972468 0.634846 1 0.183826 0.0085033 4.75709e-005 0 
1 0.0330407 0.0114154 0.0260709 0.0597521 0.00885356 0.0663828 0.0269751 0.0146178 0.219719 1 0.0790796 0.0671141 0.0576031 0.0576031 0.0590604 0.039348 0.0294919 0.0276127 0.0225887 1 0.178705 0.0946108 0.0504865 0.0330464 0.0276946 0.0187874 0.0158683 0.013024 0.0248877 
0.00217155 1 0.0933768 0.0179929 0.0162866 0.125485 0.297658 0.000155111 0 0 0.433788 1 0.573272 0.289679 0.0951801 0.025073 0.00803311 0.00292113 0.00365141 0.00097371 0.0249082 0.444415 1 0.475616 0.278972 0.121133 0.0818039 0.0873099 0.0736759 0.0374934 
0.0151751 0 0 0 0 0 0 0 0.000389105 1 0 0 0.00263389 0.0333626 0.212467 0.841089 1 0.0983319 0.04741 0.0307287 0 0.00128617 0.0315113 0.0456592 0.0572347 0.0790997 0.109968 0.133119 0.220579 1 
0.00134311 0.00166546 0.0012088 8.05867e-005 0.00126252 1 0.0161173 0.00268622 0.00179977 0.0038413 0.00799197 0.0240451 0.0561168 0.0969416 1 0.136798 0.00422087 0.000311376 0.000103792 6.91946e-005 0.00140616 0.0132946 0.00466588 0.0119523 0.13384 1 0.0407785 0.0139337 0.00488959 0.000639161 
0.00469227 0.00535772 0.00243998 0.00223523 0.0104595 1 0.803778 0.0128995 0.0118757 0.0173358 0.0545016 0.167818 0.400905 1 0.623375 0.667169 0.366008 0.0198462 0.00527824 0.00141758 0.0169693 0.789455 1 0.469949 0.200186 0.0442505 0.00714618 0.00761173 0.00956704 0.00742551 
0 0 0 0 0.00942063 1 0.000942063 0 0 0 0 0 0 0.00480384 0.0184147 0.0472378 0.0832666 0.133707 0.258607 1 0 0 0 0 0.00097561 0.0331707 0.143415 0.280976 1 0.634146 
1 0.677508 0.0139535 0.00604697 0.0265807 0.00564384 0.00386226 0.0107155 0.0158132 0.154946 1 0.0784932 0.00812496 0.00638606 0.00618104 0.00412323 0.00377393 0.00400173 0.0036904 0.00201985 6.00539e-005 0.00263379 0.00418661 0.00464131 0.00653729 0.00660593 0.00538769 0.0207272 0.212625 1 
0 4.2269e-005 0 0.000718573 0.00304337 0.81148 1 0.00304337 0.00105673 0.000126807 0.292098 1 0.303685 0.0122432 0.0114707 0.0256064 0.0114321 0.00301251 0.00142901 0.000540708 5.30307e-005 0.00246593 0.0265949 0.0121175 0.00779551 0.0101289 0.0116668 0.0199395 0.0506178 1 
0.243614 1 0.0350047 0.00835699 0.00914538 0.0104068 0.00583412 0.00331126 0.00488805 0.00236518 0.76635 0.154578 0.212842 0.300832 0.528537 1 0.852556 0.684304 0.437574 0.0457788 0 0 0 0.00555247 0.0546918 0.125486 0.201832 0.335647 0.606052 1 
0.00534241 0.00289381 0.000448791 0.000319539 0.00110582 0.0264248 1 0.00581633 0.00112377 0.00219728 0.0393464 0.0668997 1 0.46045 0.0086562 0.00284922 0.00127536 0.000412458 0.000271354 8.68334e-005 0.00620814 0.979724 1 0.0174409 0.010602 0.00946813 0.00961695 0.00919882 0.00867439 0.0131108 
0.327869 0.136663 1 0.00383024 0 0 0 0 0 0.013176 0.0325598 0.292499 0.134557 1 0.185825 0.0514481 0.019428 0.0140313 0.00755532 0.00125922 0.000115821 0.0909196 1 0.0269863 0.00196896 0 0 0 0 0 
0.00582642 0.00321704 0.00717281 0.0108903 0.00923411 0.0269636 0.00619579 0.00182299 0.00959155 1 0.00439211 0.0117214 0.0124692 0.0258903 0.0334507 0.0250337 0.0613263 1 0.0512095 0.00535756 0.00115766 0.00618242 0.0184487 0.0472672 0.0628587 0.0679327 0.1486 0.366191 1 0.515875 
0.565192 1 0.651727 0.122429 0.186069 0.246023 0.883392 0.246217 0.032596 0.141832 1 0.0322965 0.0100368 0.00129186 4.9687e-005 0 0 0 0 0 0 0 0.00240118 0.0223495 0.0618766 0.297377 0.934245 1 0.823236 0.738271 
0.00768355 0.0110985 0.0011383 0.00170746 0.0332954 1 0.0415481 0.00512237 0.000284576 0.00313034 0.130606 0.367427 0.785995 1 0.615264 0.143194 0.0118017 0.000786782 0 0 0 0.0843608 0.216742 0.825438 1 0.320571 0.0726801 0 0 0 
1 0 0 0 0 0 0 0 0 0.0278557 0 0 0 0 0 9.08568e-005 0.00208971 0.0237439 0.156153 1 0 5.92101e-005 0.00124341 0.00444076 0.0377169 0.202084 0.776778 1 0.234591 0.109243 
1 0.000151559 8.84095e-005 5.05197e-005 0.000707276 0.0278616 0.399864 0.00250073 0.000745166 0.00541824 0.286462 0.207243 0.133258 0.00389782 0.00241555 0.00803353 0.0469385 0.184423 1 0.198477 0 0 0.00011191 0.00253196 0.011233 0.0489606 0.098229 0.177349 0.253616 1 
0.674208 0.0497738 0.00452489 0 0.0346908 0.188537 0.597285 0.463047 0.164404 1 1 0.624645 0.236967 0.0710901 0.0312796 0.00758294 0.00473934 0.000947867 0.00189573 0.00758294 0.327161 1 0.0978836 0.0820106 0.0502645 0.0432099 0.0202822 0.0220459 0.0396825 0.174603 
0.126617 0.00243665 0.000620237 0.000620237 0.000177211 0 0.00106326 0.00389864 0.0116516 1 0.0354606 0.0474265 0.0723418 0.133373 1 0.103978 0.0124577 0.00273194 0.00262266 0.00125669 0.00891242 1 0.0797706 0.0155747 0.0100154 0.00683874 0.0059122 0.00516214 0.00432385 0.00586808 
0.0348579 0.143634 0.00148331 0.000741656 0.00543881 0.0252163 1 0.0529048 0.0205192 0.0583436 0.0285057 0.0326437 0.0344828 0.0588506 0.102529 0.851954 1 0.243218 0.126897 0.017931 0.000812018 0.00568413 0.113276 1 0.678847 0.0710516 0.0422249 0.0426309 0.0613073 0.190012 
0.43633 1 0.142322 0.0655431 0.00187266 0 0.0561798 0.0561798 0.0131086 0.0337079 1 0.310345 0.367816 0.362069 0.172414 0.172414 0.172414 0.132184 0.189655 0.511494 1 0.176901 0.109649 0.0964912 0.0263158 0 0 0 0 0 
0.160362 0.0338799 0.0106183 0.0101738 0.0283979 1 0.127618 0.0550672 0.0561043 0.0499309 0.369502 0.341149 1 0.0583034 0.000855725 0 0 0 0 0 0 0 0.00597933 0.161271 0.267447 0.430853 0.208337 0.192876 0.38319 1 
1 0.0104766 0 0 0 0 0 0 0 0.430609 0 0.000273187 0.00305059 0.0151619 0.0757183 0.385193 1 0.401721 0.106497 0.029322 8.23316e-005 0.00139964 0.00765684 0.0191833 0.0750041 0.414787 0.858472 0.935864 1 0.356825 
1 0.018688 0.000757624 0 0.00404066 0 0.882695 0.580971 0.00486142 0.00662921 1 0.389996 0.699883 0.0445789 0.0188197 0.0147116 0.00971521 0.00383057 0.00266474 0.000333093 1 0.0221211 0.00623859 0.00403193 0.00381399 0.0045223 0.00724657 0.00825456 0.00773694 0.0141935 
0.311719 0.319728 0.296662 0.0914333 0.155059 1 0.0881656 0.0420965 0.0440828 0.386557 0.457117 0.609564 0.721486 0.767961 1 0.520656 0.287382 0.284351 0.115851 0.0185227 0 0.00105393 0.00825575 0.0439136 0.182973 0.244042 0.272674 0.33146 0.415364 1 
1 0.891765 0.162353 0.0729412 0.0470588 0.0305882 0.0658824 0.0635294 0.0541176 0.127059 0.416107 1 0.704698 0.718121 0.604027 0.47651 0.590604 0.395973 0.395973 0.255034 1 0.715134 0.498516 0.329377 0.272997 0.210682 0.0979228 0.041543 0.00593472 0 
0 0 0 0 0 0 1 0.0701829 0 0 0 0.00178117 0.00992366 0.00941476 0.0117048 0.200763 1 0.0440204 0.00279898 0 0 0.00672585 1 0.332795 0.00995426 0.00430455 0 0 0 0 
0.342614 0.0727978 0.0378062 0.0095086 0.0790354 0.362848 1 0.322532 0.0593336 0.288529 1 0.240768 0.481615 0.413563 0.151392 0.0969816 0.0824775 0.0717366 0.055586 0.0174833 1 0.580651 0.0891027 0.0196907 0.0137565 0.0206797 0.0370437 0.0547563 0.410178 0.817749 
0.436737 0.0137139 0.010326 0.00872213 0.140275 1 0.322323 0.00380242 0.0102359 0.00729848 1 0.349344 0.0143026 0.000491023 0.000188855 0.000100723 0.000125903 3.7771e-005 2.51807e-005 2.51807e-005 0.000262627 0.000718768 0.00113344 0.00134078 0.00816908 0.156567 0.0952091 0.0864042 0.148522 1 
1 0 0 0 0 0 0.0781759 0.491857 0 0 1 0 0 0 0 0 0 0 0 0 0 0 0 0.01875 0.040625 0.05625 1 0.390625 0 0 
1 0 0 0 0 0 0 0 0 0 1 0 0 0 0 0 0 0 0 0 0.0666041 1 0.192471 0.0159738 0.00704327 0.00779275 0.011188 0.0937477 0.365239 0.0421422 
0.350573 0.0165009 0.00886333 0.0387063 0.0507755 0.0949036 1 0.0714252 0.00117863 0.00768469 0.345227 0.961075 0.793095 0.774328 0.680028 0.860287 0.992354 0.891103 1 0.0444856 1 0.21665 0.0388739 0.0148224 0.0124918 0.0186445 0.0325813 0.0596159 0.0989093 0.12944 
1 0.0182966 0.00457415 9.14829e-005 0.00164669 0.00201262 0.0169243 0.018571 0.037508 0.453572 0.100426 0.148357 0.0979915 0.179245 1 0.883749 0.163268 0.0101948 0.000152161 0 0 0.0635373 0.209958 0.0471374 0.0288716 0.0430129 0.0670726 0.0829814 0.124718 1 
0.147823 0.00281717 0.00282225 0.00545161 0.00109134 0.00087307 0.00202024 0.00470544 0.013558 1 0.120234 0.0541956 0.0326231 0.0238067 0.0203474 0.0185937 0.0177289 0.0416076 0.128787 1 0.0253085 0.0170181 0.0125166 0.00836409 0.00587747 0.00685049 0.0107082 0.0221928 0.0346947 1 
0.504155 1 0 0 0 0 0 0 0 0 0 0.136986 0.684932 1 0.392694 0.164384 0.0593607 0.0136986 0.0182648 0.00456621 0 0.0343137 0.29902 0.627451 1 0.563725 0.112745 0.0196078 0.00490196 0 
1 0.00943939 0.0030557 0.00311621 0.030436 0.0424167 0.00335824 0.00081687 0.000786615 0.0735183 0.0197526 0.448312 1 0.0927238 0.0380373 0.00993919 0.00327113 0.00150975 0.00104844 0.000545188 0.0573858 0.0976798 0.203507 0.0928091 0.392667 1 0.901346 0.654977 0.0154091 0 
1 0.00380474 0.00174047 0.00704282 0.0040476 0.0438355 0.0784425 0.0234356 0.0176475 0.0201166 1 0.0456682 0.0428967 0.0230952 0.00915773 0.0045387 0.00413704 0.00236976 0.00341407 0.0115677 1 0.0119547 0.0152079 0.0275546 0.0284561 0.0268099 0.023635 0.0115627 0.00936777 0.00760397 
1 0 0 0 0 0.00515021 0.0120172 0.0128755 0.0154506 0.843777 0.0184758 0.0300231 0.127021 0.316397 0.882217 1 0.808314 0.702079 0.533487 0.17552 0.577215 1 0.574684 0.458228 0.170886 0.00506329 0 0 0 0 
1 0.448198 0.0300693 0.0117717 0.0304128 0.143946 0.0459314 0.00808718 0.00321614 0.0711922 1 0.125155 0.0763979 0.105863 0.104176 0.0751817 0.0430913 0.0305979 0.0160867 0.00541751 0.0141187 0.0161303 0.0110824 0.0320707 0.0798163 0.140808 0.234022 0.535297 1 0.115834 
1 0.051403 0.0217979 0.00425137 0.00448326 0.00293731 0.000386488 0.000541084 0.00139136 0.0105125 0.230112 0.0458142 0.0266556 0.0474802 0.123907 0.318617 0.993128 1 0.115993 0.0149938 0.0196474 0.061513 0.0464561 0.0429673 0.0639001 0.124128 0.263496 0.68509 1 0.300404 
1 0.333695 0.000542594 0 0 0 0 0 0 0.00488334 0 0.634351 0.344275 0.122901 0.11374 0.11374 0.340458 1 0.518321 0.205344 0.0196829 1 0.804265 0.100601 0.0634226 0.0661564 0.0809185 0.215418 0.33953 0.00874795 
1 0 0 0 0 0 0.0822399 0 0 0 1 0.0134152 0.0111524 0.0038791 0.00282851 0.00282851 0.00299014 0 0 0 1 0.0500864 0.0393536 0.0222058 0.0368863 0.0240563 0.014187 0.0172712 0.0171478 0.376264 
1 0 0 0 0 0 0 0 0 0.0195301 1 0.000225272 0.000329244 0.000138629 0.000138629 0.0001213 0.000277258 0 0 0.000901088 1 0.0181712 0.0275487 0.00370357 0.0023535 0.00144129 0.000237174 0.000456104 0.000529081 0.000820988 
0.18555 0.0628525 0.0362827 0.010277 0.0212433 1 0.126958 0.00426119 0.00231859 0.00375987 0.365228 0.745894 1 0.114171 0.0309765 0.0180942 0.00590029 0.000590029 0 9.83381e-005 0.000132661 0.0362165 0.531839 1 0.49151 0.280976 0.212523 0.196604 0.150968 0.176307 
1 0.716856 0.0309562 0.0228525 0.0703404 0.28282 0.179741 0.0184765 0.00194489 0.00794165 0.350341 0.343016 0.334428 0.394797 0.750442 1 0.334933 0.0704723 0.0280374 0.0131346 0.0119231 0.581538 0.844615 0.712308 0.788846 1 0.929615 0.564231 0.0930769 0.00769231 
1 0.320612 0.0057042 0.000529256 0.0193473 0.00464569 0.0106439 0.0047633 0.00223464 0.0272861 1 0.49116 0.332136 0.239779 0.0849908 0.0265193 0.00966851 0.00119705 9.2081e-005 0 0 0.00251648 0.138167 0.653925 1 0.762852 0.241102 0.0450569 0.000599161 0 
0.483748 0.146345 0.0608881 0.0354036 0.0587517 0.0994964 0.173814 0.142225 0.141157 1 0.412085 1 0.348081 0.175258 0.106529 0.0691581 0.0379439 0.0171821 0.0104525 0.00472509 0.704051 0.65254 1 0.681339 0.195505 0.0657926 0.0407399 0.0360571 0.0419106 0.175135 
0.270801 0.128403 0.00680534 0.00256805 0.00680534 0.713534 0.211864 0.10529 0.261813 1 0.221398 1 0.385735 0.373687 0.0239036 0.0142651 0.0059759 0.00250602 0.00173494 0.00086747 0.0576923 1 0.119583 0.014612 0.00906953 0.0239335 0.21347 0.271246 0.0498824 0.0115049 
0.723297 0.155593 0.162321 0.442389 0.387721 0.271657 1 0.476871 0.252313 0.292683 1 0.255114 0.66426 0.429603 0.518652 0.681107 0.612515 0.33935 0.323706 0.158845 1 0.061089 0.0254537 0.0084108 0.000885347 0.000221337 0 0 0 0 
0.407252 1 0.0111576 0 0 0 0 0.298466 0.147838 0.485356 1 0 0 0 0 0 0 0 0 0 0 0 0 1 0.885529 0.943844 0.796976 0.012959 0 0 
0.424432 0.035781 0.00204807 0.00265044 0.0128908 0.0518041 1 0.0719836 0.0164448 0.021565 0.0243093 0.0240164 0.0796642 0.251489 0.564483 1 0.617104 0.0413941 0.0209899 0.00927463 0.0711744 0.707876 0.764351 1 0.328485 0.158286 0.435866 0.721182 0.0116045 0.0126876 
0 0 0 0 0 0.0212766 1 0 0 0 0.09319 0.0645161 0.286738 0.0824373 0.200717 0.387097 1 0.394265 0.0681004 0.00358423 0 0.0219178 0.454795 1 0.167123 0.117808 0.0410959 0.030137 0.0246575 0.115068 
1 0.12179 0.0129616 0 0 0 0 0 0 0.790169 0.0788849 0.712337 1 0.799525 0.567023 0.41637 0.397983 0.330368 0.256228 0.10083 0 0 0 0 0.00114199 0.00742292 0.0411115 0.139132 0.309288 1 
1 0 0 0 0 0 0 0 0 0 1 0 0 0 0 0 0 0 0 0 1 0.0162106 0.0110299 0.0115312 0.0104867 0.00948402 0.00843952 0.00772927 0.00793817 0.0268226 
1 0.01329 0.00465314 0.00661235 0.00321638 0.0368006 0.0803278 0.00920831 0.00280821 0.00519192 1 0.00892001 0.00805888 0.012397 0.023283 0.0197248 0.0123483 0.00729524 0.00765269 0.00947244 1 0.0134927 0.00863719 0.0109716 0.0132593 0.0193909 0.0206048 0.015936 0.00512006 0.000295688 
1 0.0027976 0.000182452 8.10898e-005 0.000466267 0.0125689 0.0602092 0.00571683 0.0017333 0.0226646 0.00331342 0.00488363 0.0249904 0.0527618 0.022329 0.0112177 0.0198938 0.220788 1 0.0811721 0.0537554 0.149287 0.0278926 0.0864597 0.25146 0.328472 0.834774 1 0.00283187 0.000576398 
0.134678 0.0303554 0.0138329 0.00480307 0.0236311 0.0708934 0.274159 1 0.106052 0.205379 0.166429 1 0.169284 0.0863081 0.0518801 0.0272886 0.0185626 0.0171347 0.00158655 0.000158655 0.00766729 1 0.0664498 0.03671 0.0118494 0.00429833 0 0 0 0 
1 0.00851466 0 0 0 0 0 0 0 0 0 0 0.00568182 0.0681818 0.414773 0.715909 1 0.747159 0.0767045 0 0 0 0 0 0 0 0.0234542 0.28145 1 0.968017 
0.462139 1 0.127424 0.0310601 0.0118646 0.00106106 0.00115752 0.00106106 0.0024115 0.00790971 1 0.0273543 0.000843526 0 0 0 0 0 0 0 0 0.000150252 0.000375629 0.00217865 0.00390654 0.00706183 0.0126211 0.0491323 0.206596 1 
0.824068 0.149015 0.0448628 0.0399367 0.918543 0.902006 0.200915 0.0881422 0.0694933 1 1 0.0882419 0.00212795 0 0 0 0 0 0 0 0 0 0 0.00276498 0.0637261 0.192758 0.55102 1 0.972482 0.38815 
0.0744563 0.022506 0.011839 0.00115859 0.0296041 0.647268 1 0.095058 0.139497 0.281219 1 0.0757603 0.0262656 0.0265686 0.0225019 0.0108335 0.00206705 0.000161593 6.73305e-006 0 0.00182932 0.0140136 0.0564236 0.130939 0.264093 0.57778 1 0.606696 0.210321 0.0397248 
0.00663381 1 0.237017 0.0012004 9.47688e-005 6.31792e-005 0 0 0 0 1 0.234058 0.00176173 0.00106962 0.000692107 0.000755026 0.000880863 0.00053481 0.000125838 0 0 0 0 0 3.06194e-005 0.00052053 0.00113292 0.00587893 0.19921 1 
0.0018205 0.00054615 0.0029128 0.00491535 0.0131076 0.289277 0.248134 0.615329 1 0.401056 1 0.795544 0.00661999 0 0 0 0 0 0 0 0 0 0 0 0.000266489 0.000666223 0.000932712 0.188674 1 0.69567 
0.362429 1 0.000201776 0 0 0 0 0 0 0 0.114819 1 0.0496688 0.0142063 0.00906933 0.00666029 0.00173593 7.08541e-005 0 0 0 0 3.94898e-005 0.00631837 0.0180468 0.032737 1 0.273743 0.00252735 0 
0.0435091 0.0041775 0 0 0 0.000236463 0.058958 0.270355 1 0.278001 1 0.0914114 0.00710452 0.00405221 0.00110515 0.00052626 0.000368382 0.000210504 5.2626e-005 0 9.75705e-005 0.00107328 0.00282954 0.00682993 0.0203922 0.0428334 0.128695 0.380623 0.465606 1 
0.0659972 0 0 0 0 0 0 0 0 1 0 0.000277054 0.000997396 0.00271513 0.00853327 0.0145176 0.0162908 0.0188397 0.0405608 1 0.000137011 0.00392766 0.0560376 0.196292 1 0.784618 0.000137011 0 0 0 
1 0.0310559 0.000842723 0.000187272 0.000249696 0.000499391 0.000686663 0.000811511 0.000530603 0.00215363 0.0149599 0.0116628 0.0140741 0.0254909 0.0299198 0.0353329 0.0773584 1 0.38128 0.0258846 0.00477207 0.0139395 0.0232952 0.0249906 0.0251162 0.0363556 0.106116 0.232199 0.619427 1 
0.148281 0.0124565 0.00152306 0 0.00184943 0.000598346 1 0.0825174 0.000326371 0 0.545864 0.699346 1 0.223574 0.0384269 0.0232139 0.0145368 0.0080009 0.00259184 0.000112689 1 0.326825 0.011767 0.00969807 0.00756449 0.00374992 0.00271546 0.00362061 0.0042025 0.112692 
0 6.10389e-005 0.00051883 0.00308246 0.00827077 0.092596 1 0.000305194 0 3.05194e-005 0.0391799 0.464895 1 0.0320486 0.000339587 0.000169794 4.24484e-005 0 4.24484e-005 0 7.25005e-005 0.00130501 0.00601755 0.00848256 0.0167476 0.0876532 0.38128 0.811934 1 0.311172 
0.0621979 1 0 0 0 0 0 0 0 0 0 0.00121065 0.0102906 0.0393462 0.090799 0.237288 0.294189 0.393462 1 0.8977 0 0 0 0.0403761 0.43031 0.818031 1 0.336283 0.162611 0.00829646 
0.601929 1 0.457266 0.165946 0.552045 0.308281 0.412371 0.0362488 0.0149651 0.321916 1 0.0488978 0.0217435 0.0127255 0.0148297 0.0124248 0.011022 0.00841683 0.0113226 0.0173347 0.00215141 0.00389942 0.00779884 0.0188248 0.0275649 0.0467931 0.0584913 0.0586258 0.340998 1 
0.135917 0.0482343 0.0167097 0.0175711 0.0291128 0.228079 1 0.105599 0.0520241 0.0291128 1 0.282359 0.0053376 0 0 0 0 0 0 0 0 0 0.000295159 0.000590319 0.00118064 0.00250885 0.02317 0.102715 0.293684 1 
0.79297 0.00131885 0.000344047 0.000143353 0.000716764 1 0.0253448 0.00306775 0.00263769 0.0110955 0.0600274 1 0.760743 0.463906 0.0871306 0.00459753 3.70769e-005 0 0 0 0 0 0.00250477 0.00656011 0.00496978 0.0143925 0.124086 0.433962 1 0.961832 
0.419605 0.0472206 0.0233114 0.0304842 0.231919 1 0.466826 0.154812 0.120741 0.939629 1 0.273734 0.2173 0.353903 0.483122 0.359705 0.30538 0.0374473 0 0 0 0 0 0 0.00410846 0.200082 0.496302 0.374692 0.285538 1 
0.715915 0.0211874 0.0142851 0.0119261 0.0346861 0.04054 1 0.101044 0.0469617 0.58167 0.599455 0.36419 0.438261 0.100577 0.061499 0.140615 1 0.2086 0.230782 0.986547 0.0527213 1 0.827199 0.0631661 0.104306 0.271991 0.929942 0.547392 0.147719 0.232699 
0.0669408 0.00579072 0.0023742 0.00364816 0.00579072 0.0658405 1 0.0238578 0.0138398 0.0461521 0.029419 0.0406204 0.0544067 0.0686854 0.10869 0.149557 0.111521 0.103644 0.316716 1 0.391461 1 0.139315 0.0123982 0.00608906 0.00462182 0.00410828 0.00198078 0.00190742 0.00176069 
0.275625 0.147049 0.307422 0.0518228 0.825895 0.945071 1 0.0299166 0.0125879 0.098169 1 0.0126644 0.00642533 0.00479572 0.0052846 0.01313 0.00677453 0.00176929 0.000605285 0.000116401 0.00528813 0.0156667 0.0144312 0.0152219 0.0151725 0.0187803 0.0378077 0.221014 1 0.889839 
0.717437 0.0034827 0.00139308 0.000696541 0.00208962 0.0726724 0.433016 0.060599 0.0462039 1 0.00479143 0.00789177 0.0281849 0.0462232 0.0817362 0.314543 0.439402 1 0.73168 0.127678 0.0161853 0.0663282 0.112028 0.189146 0.201841 0.386544 0.507458 0.557918 1 0.157728 
0.00922045 0.00562102 0.00355012 0.00359943 0.00976283 0.681081 1 0.0154332 0.00862877 0.0180958 0.0110711 0.0480487 0.185995 1 0.449654 0.152671 0.0582895 0.0296153 0.0145585 0.00730695 0.077424 1 0.28583 0.0108814 0.00505643 0.00542049 0.00659358 0.0142794 0.0176368 0.016666 
0.38375 0.18 0.40625 1 0.41375 0.04875 0.025 0.00625 0.005 0.06375 1 0.0785463 0.0363423 0.0404455 0.0158265 0.00468933 0.003517 0.003517 0.0017585 0.00117233 0 0 0.00622407 0.0117566 0.0373444 0.0449516 0.0636238 0.0961272 0.141079 1 
0.103218 1 0.000990099 0.00111386 0.000371287 0.000990099 0 0 0 0 0.00319611 0.0531833 1 0.0617489 0.00652007 0.00677576 0.00728714 0.00383534 0.000639223 0 0 0 0 0 0 0.00117536 0.00705219 0.0119887 0.0307945 1 
0.000257898 0 0 0 0 0 0 0 0.0848485 1 0.00295257 0.499539 1 0.0503783 0 0 0 0 0 0 0 0 0 0 0 0.0127889 0.267797 1 0.0160247 0 
1 0.00293852 0 0 0.00429476 0.0865732 0.0583183 0.0255425 0.0352622 0.229204 0.0733855 0.114481 0.186888 0.349315 0.489237 0.804305 0.984344 1 0.952055 0.542074 1 0.917055 0.774464 0.793103 0.681267 0.72507 0.556384 0.315005 0.138863 0.0447344 
0.00613607 0.000179155 0 0 0 0 0.000447888 1 0.0131679 0.0302772 0.000421793 0.023761 0.0494903 0.11775 1 0.434657 0.0204569 0.00182777 0 0 0 0 0 0.000547765 0.0109005 0.116948 1 0.114921 0.0227323 0.0183501 
0 0 0 0 0.000197316 0.00154266 1 0 0 0 0.000176819 0.00165031 0.00103144 0.000618867 0.00530457 0.0237822 0.545398 1 0.0608847 0.00542245 0 0 0.00139881 0.0178164 0.291173 0.785835 0.940808 1 0.864831 0.209527 
1 0.279521 0 0 0 0 0 0.000550509 0.00110102 0.00110102 0.0333133 1 0.0570482 0.0245181 0.00343373 0.000542169 0.000662651 0.000421687 0.00060241 0.000240964 0.00310022 0.00699351 0.00136986 0.00122567 0.00173035 0.00814708 0.0162942 0.0361932 0.268421 1 
0.0963252 0.221325 0.674183 1 0.143653 0.0418523 0.00742391 0.000649592 0.00102079 0.00677431 0.169578 1 0.661634 0.116124 0.0556482 0.0315106 0.0182568 0.00860177 0.00473975 0.0022821 0.326988 1 0.025042 0.00858756 0.0073865 0.0073865 0.00762671 0.00552486 0.00570502 0.025042 
0.0277249 0.0576923 0.0585077 0.0123675 1 0.0162408 0.0506252 0.00645556 0.000407719 0.00332971 0.169209 1 0.076483 0.0175847 0.00847458 0.00374294 0.00218927 0.00105932 0.000282486 0.000635593 1 0.0545949 0.00900846 0.00840387 0.00616687 0.00713422 0.00719468 0.00429262 0.000544135 0 
0.00550612 0.004341 0.00223627 0.00293159 1 0.0607834 0.0407321 0.000516786 0.000328864 0.000422825 1 0.0416692 0.00450407 0.00199099 0.000955676 0.00053978 0.000327408 0.000132733 0.000168128 0.000964525 0.0138466 0.929344 1 0.0162288 0.000711355 0.000661726 0.000876787 0.000810614 0.000992589 0.00456591 
0.469208 0.00230779 0.000327649 8.54737e-005 0.000284912 0.00133909 0.0592903 1 0.501275 0.468054 0.537424 0.506204 0.507238 0.777919 1 0.8785 0.910794 0.699093 0.702593 0.288737 1 0.587342 0.122066 0.0865999 0.0654938 0.0581154 0.0667431 0.0859532 0.106942 0.402355 
0.024051 1 0 0 0 0 0 0 0.00115908 0.181107 0.00263869 0.0141588 0.0195006 0.041125 0.0778092 1 0.256854 0.115137 0.0731111 0.00109409 0.000935085 0.00285447 0.00354348 0.0016241 0.0019686 0.00575816 0.0227373 0.0915399 0.0983316 1 
1 0.399604 0.0414194 0.0362265 0.0551434 0.0119931 0.00173096 0.00024728 0.00544016 0.0127349 1 0.300267 0.00051398 0 0 0 0 0 0 0 0 0 0.0140366 0.185169 0.574649 1 0.0202751 0 0 0 
1 0.613123 0.0207069 0.00704064 0.00221809 0.000787064 0.00108758 0.00130223 0.00150258 0.0114768 1 0.290211 0.0722296 0.0342236 0.00451964 0 0 0 0 0 0 1.33813e-005 0.00080288 0.0213834 0.027686 0.0324363 0.0595068 0.300772 1 0.108937 
0.597926 0 0 0 0 0 0.0794931 1 0.0432028 0.0504992 1 0.26184 0.664294 0.127853 0.0549693 0.0490798 0.0169325 0.0117791 0.0137423 0 1 0.181551 0.0519977 0.0323149 0.0274677 0.023208 0.0170388 0.00881316 0.00690364 0.00558167 
0.318359 1 0.244141 0.197266 0.517578 0.457031 0.0390625 0.00976563 0.00390625 0.0136719 0.271642 0.713433 1 0.874627 0.58209 0.367164 0.226866 0.116418 0.0626866 0.041791 0.0273973 0.654795 1 0.819178 0.69589 0.463014 0.161644 0.0767123 0.030137 0 
0.157541 0 0 0 0 0 0 0 0 1 0 0 6.07903e-005 0.000972644 0.00790274 0.0789058 0.386869 1 0.00966565 0.00297872 0 0 9.76849e-005 0.00380971 0.0168018 0.0698447 0.361629 0.927322 1 0.0120152 
0.645161 0 0 0 0 0 0 0 0 1 0 0.0212766 0.212766 0.475177 0.276596 0.283688 0.283688 0.453901 0.751773 1 0 0 0.0117647 0.211765 0.923529 1 0.329412 0.264706 0.229412 0.329412 
0.00239923 0.00239923 0.00575816 0.006238 0.0148752 1 0.834453 0.0388676 0.00479846 0.00239923 0.026087 0.0695652 0.162055 0.324111 0.714625 1 0.511462 0.145455 0.0608696 0.0363636 0.171073 0.500778 0.900467 1 0.939347 0.968896 0.849145 0.63297 0.225505 0.00933126 
0.196823 1 0.052651 0.0178834 0.0107301 0.0032085 0.0598569 0.0337155 0.0031559 0.039291 0.419492 0.129903 0.0658157 0.0498604 0.0555777 0.118734 0.266055 0.0607632 0.0602314 1 1 0.0166743 0.00906119 0.0112127 0.00583392 0.00446853 0.00500641 0.00504779 0.0257354 0.031859 
0.318246 0.428608 0.059519 0.00263852 0.0486097 0.209661 1 0.0752994 0.0146641 0.0619545 1 0.0144783 0.00619482 0.0070018 0.00531662 0.00280072 0.00123422 0.000427229 0.000284819 9.49397e-005 0.00135883 0.0111223 0.021389 0.024157 0.0171616 0.0883744 0.495722 1 0.474333 0.0674887 
0.121767 1 0.238383 0.258308 0.035578 0.0737649 0.495907 0.0293168 0.0129137 0.0229904 1 0.143127 0.0872304 0.101244 0.0641894 0.0630347 0.0563166 0.0711436 0.140188 0.107385 0.000346831 0.00541923 0.0244516 0.0473424 0.0897858 0.21885 0.203633 0.47208 0.981098 1 
1 0.00289536 0.000214471 0.000214471 0.00128683 0.00144768 0.00101874 0.00112598 0.00305622 0.0708828 0.0439645 0.0111835 0.0257528 0.0895193 0.893552 1 0.00677166 0 0 0 0 0 0 0.013381 0.0981659 0.308975 1 0.424963 0.326566 0.156073 
0.0571855 0.000426227 0.000355189 0 0.0876607 0.0493713 1 0.1403 0.0865241 0.121191 0.392768 0.575428 1 0.123952 0.0457467 0.0336565 0.0448753 0.10696 0.0414987 0.000980285 0.00564563 0.956572 1 0.413868 0.454111 0.15692 0.111465 0.0455993 0.00014476 0 
0.794562 0.568639 0.423215 0.0915189 0.0321634 0.0103618 0.00371346 0.00622904 0.174054 1 1 0.045673 0.010823 0.0255855 0.0791809 0.0252825 0.0214728 0.032772 0.0856747 0.443093 0 0 0 0 0 8.40725e-005 0.00697801 0.0136197 0.0687292 1 
1 0.0271432 0.0146914 0.00501657 0.00268745 0.751769 0.0908358 0.00958524 0.00761444 0.0267849 0.0827541 0.108904 0.239876 1 0.53106 0.291736 0.0852918 0.0172128 0.00871676 0.00628931 0.00134606 0.00403818 0.0106461 0.0365884 0.0942242 0.324033 1 0.109643 0.146721 0.917523 
0.596851 0 0 0 0.0405534 0.183206 1 0 0 0 1 0.0336249 0.00601422 0.00218699 0.00109349 0 0 0.000273373 0 0 0.0639098 0.15145 0.0590763 0.0896885 0.084855 0.105263 0.126208 0.144468 0.22449 1 
1 0.92688 0.0659114 0.0133883 0.0278064 0.0144181 0.0144181 0.0278064 0.0144181 0.101957 0.191209 0.501099 0.553846 1 0.824176 0.602198 0.474725 0.186813 0.123077 0.0659341 1 0.425912 0.134773 0.0349963 0 0 0 0 0 0 
0.487753 0.00769012 0.000617108 0.000664578 0.000237349 1 0.0602867 0.00109181 0.00118675 0.00256337 0.0102156 0.0335794 0.0808446 0.339215 1 0.104648 0.0222396 0.00865145 0.00391026 0.00215064 0.00127721 0.0141025 0.0531105 0.151562 1 0.121441 0.0601352 0.0671598 0.102443 0.17998 
0.0264112 0.0645715 0.00190963 0.000161833 0.00152123 0.00113283 1 0.576062 0.0167659 0.0189992 0.0649228 0.497742 1 0.378886 0.0197968 0.0100489 0.00481746 0.00214528 0.00207 0.00161837 0.0176793 1 0.0108491 0.00475144 0.00287066 0.00203916 0.00199956 0.0016828 0.00102948 0.00154422 
0.233166 1 0.0700751 0.00429031 0.0100107 0.00875938 0.156835 0.0698963 0.00864021 0.082231 1 0.0635022 0.0213801 0.00650179 0.00291185 0.00191464 0.000917431 0.000757878 0.000279218 0.00071799 0.026178 0.0231146 0.0101927 0.0120864 0.0175448 0.427704 1 0.018436 0.00122535 0.000111396 
0.00681157 0.00377276 0.0165074 1 0.00305169 0.000154516 0.00240787 0.000540805 0.000115887 0.000231774 0.035494 0.0651118 1 0.00675544 0.0027915 0.00195405 0.00120035 0.000739748 0.000460598 0.00184239 0.0184951 0.0119753 0.0126354 1 0.0165284 0.00569804 0.00382564 0.00223611 0.00198017 0.00792069 
0.644107 1 0.0372771 0.0131019 0.0335578 0.011524 0.0218647 0.0108478 0.0249923 0.104083 1 0.0307275 0.0156116 0.00814445 0.00655851 0.00773145 0.007368 0.00446045 0.0051543 0.0074506 0.0917556 0.0118482 0.00660504 0.00439201 0.00522615 0.00531127 0.00415369 0.0065029 0.0129547 1 
1 0 0 0 0 0 0 0 0 0 1 0 0 0 0 0 0 0 0 0 0.0143108 1 0.015196 0.00730293 0.00473584 0.00435225 0.00241956 0.000398342 0.000221301 0.000221301 
1 0.349215 0 0 0 0 0 0 0 0 0 0 0 0 0.0101302 0.136035 0.555716 1 0.962373 0.544139 0 0 0.00172712 0.0129534 0.0803109 0.100173 0.14076 0.25734 0.558722 1 
1 0.00862407 0.00627205 0.00823207 0.0156801 0.00156801 0.00117601 0 0 0.154841 1 0.0470107 0.0986203 0.0889116 0.0694941 0.037813 0.0444558 0.0419009 0.0516096 0.0224834 0.867816 0.16954 0.181034 0.137931 0.372126 0.337644 0.337644 0.448276 1 0.533046 
0 0 0 0 0 0 1 0.031746 0 0 0 0.00684932 0.0228311 0.13242 0.520548 1 0.890411 0.0958904 0.0022831 0 0 0 0 0.136865 0.381898 0.812362 1 0.207506 0.0441501 0 
0.0890693 0.00435345 0.00176491 0.00247088 0.446052 1 0.040946 0.00600071 0.00423579 0.0248265 1 0.818542 0.0518255 0.0120334 0 0 0 0 0 0 0 0 0 0 0.000234412 0.00195343 0.0054696 0.0207064 0.047273 1 
1 0.00477068 0.00271061 0.00271061 0.00455383 0.00216849 0.0912935 0.946438 0.00184322 0.0188659 0.0346091 0.012215 0.016592 0.012215 0.00875407 0.019035 0.0360342 0.0335912 0.0987378 1 6.63438e-005 6.63438e-005 0.000331719 0.0053075 0.0440523 0.143701 1 0.0199695 0.0199695 0.0364227 
0.0553296 0.0058048 0.0028002 0.00619315 0.37537 1 0.0397752 0.0117936 0.00572305 0.0252632 0.240464 1 0.348838 0.0316576 0.0166678 0.00991118 0.00686847 0.00366915 0.00317695 0.0018122 0.0292096 0.0489445 0.0302896 0.0671085 0.102209 0.178351 0.837653 1 0.781836 0.594502 
0.0224386 0.0324264 0.000338952 0.000112984 0.000293759 0.00397704 1 0.00881276 0.00472274 0.0180323 0.0252632 0.0149123 0.0152632 0.0147368 0.0315789 0.0380702 0.0496491 0.104211 0.248947 1 0.00149891 0.0144518 0.0311095 0.0492378 0.169886 1 0.00690065 0.0110863 0.0174496 0.064029 
1 0.2584 0.0462826 0.0280664 0.0452031 0.12279 0.657131 0.0705708 0.0310349 0.0914856 0.401733 0.30896 0.347844 0.63694 1 0.453085 0.144125 0.0832629 0.0530431 0.0407861 1 0.397756 0.245618 0.389811 0.573031 0.384669 0.331152 0.328348 0.115448 0.305913 
0.000586816 3.26009e-005 0 0 0 0.000652018 1 0.0113125 0.00319489 0 0.050233 0.207984 1 0.0122902 0.00305192 0.00181466 0.00160845 0.00115478 0.00123727 0.000783602 0.0119721 0.0274087 0.135991 1 0.119502 0.0154366 0.013814 0.0244266 0.0150419 0.00280665 
1 0.201925 0.26089 0.044645 0.00322503 0.00151625 0.00199759 0.00216606 0.00734055 0.0241877 1 0.537103 0.0445232 0.0165614 0.00988548 0.0117855 0.0111436 0.00857598 0.00421096 0.00282442 0.12767 0.370804 1 0.271827 0.0476931 0.0395847 0.0233978 0.0140327 0.0126863 0.0166357 
0.0353821 0.0020062 0.000455955 0.00091191 0.00191501 0.0144082 0.137881 0.437625 1 0.229801 1 0.10864 0.0270695 0.0142598 0.0111782 0.0181269 0.0326888 0.015287 0.00229607 0.000543807 0.0169128 0.0442953 0.0190604 0.0202685 0.0724832 0.209799 0.741342 1 0.582013 0.0322148 
0.0474882 1 0.00922292 0 0 0 0 0 0.000588697 0.0341444 0.0102564 0.0545455 0.0881119 0.0965035 0.0890443 0.101166 0.154312 0.254079 0.475524 1 0 0.000702247 0.011236 0.138343 0.351124 0.486657 0.662219 0.874298 1 0.38132 
0.00484653 0.00107701 0.000269251 0.00955843 0.0179052 1 0.748519 0.0134626 0.00134626 0 1 0.0329465 0.00498481 0.00147987 0.000155775 7.78877e-005 0 0 0 0 0 0 0 0.000322997 0.00282623 0.00581395 0.0130006 1 0.0558786 0 
0.00257188 0.00329728 0.0207729 0.0202453 1 0.785413 0.00382485 6.59457e-005 0 0.000197837 1 0.0338179 0.00620306 0.000523149 3.73678e-005 0 0 0 0 0 0.000488998 0.0261614 0.0331907 0.0212714 0.0453545 0.293154 1 0.282518 0 0 
0 0 0 0 0 0.000118835 0.000118835 0.00106952 0.0266191 1 0.00417537 0.0275083 1 0.0297188 0.000859634 0 0 0 0 0 0.000529474 0.0202965 0.499824 1 0.00600071 0 0 0 0 0 
0.0196353 0.00869565 0.00056101 0 0.00112202 0.0614306 1 0.0518934 0.0199158 0.0179523 0.0707929 0.317961 1 0.274676 0.0133495 0.00566343 0.00566343 0.00404531 0.00283172 0.000404531 0.0052506 0.0162291 0.0152745 0.0052506 0.0052506 0.0147971 0.107876 0.290692 0.549403 1 
0.543789 0.0355865 0.0101764 0.00712347 0.0429721 0.0944246 0.182882 0.716202 0.0191039 1 1 0.372274 0.0492688 0.0820378 0.1392 0.0523381 0.0190074 0.00595799 0.00296897 0.00100303 0.719017 1 0.0408362 0.0438114 0.0747479 0.132935 0.0828046 0.0608199 0.0897422 0.019773 
0.944055 1 0.00101257 0.000337524 0.000253143 0.000168762 0 0 8.43811e-005 0.000337524 0.0113429 0.0471969 0.168449 0.855671 1 0.495567 0.232464 0.108605 0.0569752 0.0161669 0.000778059 0.0994943 0.0262595 0.056312 0.049115 0.108928 0.192278 0.308598 0.401478 1 
0.0801374 0.0266171 0.0057241 0.00171723 0.00171723 0.00343446 0.0108758 0.57241 1 0.279622 1 0.61064 0.914783 0.274482 0.137006 0.109699 0.0856874 0.0428437 0.0216573 0.0108286 0.178692 0.467306 1 0.744645 0.246336 0.191657 0.157272 0.157272 0.135851 0.625141 
0.671233 0.810502 0.206621 0.192922 1 0.692922 0.165525 0.0365297 0.0216895 0.263699 1 0.810845 0.651955 0.461538 0.368222 0.358134 0.310214 0.185372 0.118537 0.0718789 1 0.159716 0.113845 0.0713094 0.0475396 0.0533778 0.00792327 0.00792327 0.00375313 0.0183486 
0 1 0 0 0 0 0 0 0 0 0 0 0.00561798 0.0308989 0.0533708 0.241573 0.460674 0.390449 0.606742 1 0 0 0.00130548 0.0339426 0.037859 0.0574413 0.0548303 0.0561358 0.0848564 1 
1 0.0266101 0.0129837 0.0182543 0.020054 0.0179972 0.00629901 0.00449929 0.0203111 0.319964 0.311907 0.0742019 0.0358067 0.0314927 0.0332183 0.033434 0.0565142 0.253451 1 0.469802 0.0160622 0.0154145 0.0112694 0.0321244 0.034456 0.0420984 0.0479275 0.086658 0.172021 1 
0.164537 0.1563 0.0844773 0.0101613 0.0293477 0.138061 1 0.743444 0.105273 0.242134 1 0.0507478 0.030963 0.0231829 0.00615324 0.000564156 1.31199e-005 0 0 0 0 0.0109676 0.0504224 0.0509744 0.0394067 0.0293751 0.0512144 0.334309 1 0.466737 
0.0143023 0.0199717 0.211828 0.123309 1 0.581368 0.00399433 0 0 0.000257699 1 0.0437755 0.00345232 0.000345232 0 0 0 0 0 0 0.0260932 0.108817 0.0417204 0.0336918 0.0332616 0.481577 1 0.441434 0.00874552 0 
0.176287 0 0 0.00014839 1 0 0 0 0.00430331 0.706633 0 0 0.000745156 0.00726528 0.0244039 0.0871833 0.378167 0.66263 1 0.208644 0 0 0 0.00180288 0.0396635 0.154898 1 0.709285 0.00300481 0.00225361 
0.855294 0.744706 1 0.871765 0.555294 0.125882 0.234118 0.0694118 0.0764706 0.554118 0.857143 0.676339 0.861607 1 0.779018 0.863839 0.765625 0.631696 0.783482 0.669643 1 0.185393 0.0607444 0.0505618 0.0477528 0.0509129 0.0410815 0.0488062 0.0259831 0.00702247 
0.200415 0.00405986 0.0010681 0.0005177 0.00200541 1 0.035002 0.0114984 0.009275 0.0212529 0.0363628 0.117269 1 0.594931 0.157309 0.132335 0.0334914 0.00856117 0.00359817 0.0014889 0.100264 0.290212 0.313761 0.223879 0.19954 0.368006 0.272825 0.519121 0.948197 1 
1 0.0595908 0.0244796 0.0336818 0.0539623 0.267399 0.181274 0.0670955 0.0522648 0.264808 1 0.147188 0.138618 0.13519 0.129941 0.148045 0.147831 0.0938404 0.0820568 0.0589181 1 0.156724 0.10421 0.0990033 0.0936477 0.070961 0.0508033 0.0438857 0.0330259 0.0166617 
1 0.0151299 0.0114188 0.0402512 0.0260729 0.0212675 0.0206014 0.0162718 0.0202208 0.0409649 1 0.012341 0.00586316 0.0037354 0.00321528 0.00529576 0.00591045 0.00444465 0.00520119 0.0250603 1 0.026474 0.0112975 0.0105702 0.0120733 0.0144007 0.0185221 0.0177463 0.0239042 0.100368 
1 0.059933 0.0244562 0.00976207 0.0242351 0.095903 0.095937 0.0272964 0.00539125 0.0941853 0.599051 0.0891477 0.0679032 0.131673 0.0481685 0.0454725 0.183795 1 0.682555 0.15493 1.93986e-005 0.000155189 0.00131911 0.00475267 0.0161397 0.031678 0.0752279 0.186091 0.323802 1 
0.0725941 0.0556288 0.0117784 0.00157766 0.0103088 1 0.0877872 0.00633226 0.0045817 0.0121242 0.556642 1 0.384571 0.0182561 0.0100477 0.00742507 0.00705041 0.00446185 0.00149864 6.81199e-005 0 4.46249e-005 0.00370387 0.0195457 0.0211522 0.0567629 0.175688 0.666518 1 0.663885 
0.00273827 1 0.0495245 0 0 0 1.47219e-005 0 0 0 1 0 0 0 0 0 0 0 0 0 0 0 0 0 4.25098e-005 0.000382588 0.00327325 0.00314572 0.00597971 1 
1 0.0343091 0.0173482 2.76686e-005 0 0 0.0256903 0.00297438 0 0 1 0.02215 0.00401411 0.00115817 0.000223737 9.21271e-005 3.9483e-005 0 1.3161e-005 1.3161e-005 0.00857397 1 0.0104851 0.00187187 0.00100793 0.000287981 0 0 0 0 
1 0.0186939 0 0 0 0 0 0 0 0.00044843 0 0 0.000126151 0.000630756 0.00416299 0.0302763 1 0.466843 0.0164837 0.00487784 0 0.000342449 0.00273959 0.00308204 0.00611516 0.0175138 0.0712783 0.676777 1 0.00107627 
0.285325 1 0.0374532 0.0146408 0.0119169 0.0265577 0.030984 0.0136193 0.0132789 0.0275792 0.148522 0.318673 0.32372 0.576784 1 0.531363 0.151406 0.0302812 0.00793079 0.0036049 0 0 0.18238 1 0.606646 0.527821 0.549459 0.365533 0.0850077 0 
0.000260089 6.50223e-005 4.33482e-005 8.66964e-005 0.0203953 0.201157 1 0.0177944 0.00156054 0.000671897 0.00845842 0.0280359 0.0453499 0.0793821 0.772774 1 0.160789 0.0722341 0.0528552 0.0465412 3.84438e-005 0.0254498 0.0646625 0.0953406 0.179148 0.428187 1 0.0823851 0.0792711 0.248539 
0 0 0 0 0 0 0 0.00685714 0.0708571 1 0.00254453 0.0101781 0.0203562 0.0356234 0.0890585 0.119593 0.320611 0.694656 1 0.0916031 0 0 0 0 0.0155844 0.116883 0.324675 0.428571 1 0.563636 
0.00705165 0.00141578 0 0 2.72264e-005 2.72264e-005 1 0.01443 0.00100738 0.00084402 0.0048868 0.016137 0.0348052 0.209077 1 0.0582197 0.00010547 3.51568e-005 0 3.51568e-005 5.00877e-005 0.00510894 0.0812923 0.747458 1 0.0341598 0.0056599 0.00370649 0.00515903 0.00270473 
1 0.122443 0.0465116 0.0523956 0.0854581 0.454049 0.374615 0.108714 0.139395 0.315074 1 0.353085 0.267479 0.229855 0.195735 0.187814 0.153998 0.131759 0.13313 0.0854532 1 0.584438 0.495782 0.328284 0.216388 0.15717 0.164917 0.163195 0.107592 0.0982957 
1 0.0132813 0.0091709 0.0091709 0.0275953 0.149523 0.0405874 0.00846863 0.00336679 0.00632049 1 0.029838 0.0225027 0.0207733 0.0256833 0.0297386 0.0302554 0.0132392 0.00632144 0.00624192 1 0.150196 0.0359016 0.0217746 0.0212897 0.0222594 0.0227663 0.0268215 0.0271742 0.0242209 
0.284885 0.0181607 0.00307514 0.00365535 0.0310415 0.00789092 0.00185669 0.000870322 0.016188 1 0.00999163 0.025007 0.0368406 0.0394083 0.0554842 0.121574 1 0.0126151 0.00848451 0.00468881 0 5.19265e-005 0.00270018 0.0165126 0.0252882 0.103697 1 0.0292346 0.0167722 0.0297019 
0.0183326 0.000654736 0.000436491 0.0122217 0.346355 0.609341 1 0.0386294 0.0168049 0.0918813 1 0.524537 0.0866507 0.0108099 0.0126973 0.0209334 0.0156143 0.00446122 0.000686342 0.000171585 0.0087963 0.972454 1 0.109028 0.0701389 0.0460648 0.0243056 0.0138889 0.0150463 0.00439815 
0.24845 1 0.326174 0.05093 0.000664305 0.00376439 0.0535872 0.0584588 0.0205934 0.10806 0.0289608 0.107325 0.232822 0.425327 0.71607 0.816581 0.858035 1 0.595116 0.0170358 0 0 0.00836502 0.141445 0.324715 0.406464 0.480608 0.481369 1 0.369202 
1 0.909003 0.0763313 0.0260248 0.0301118 0.0153264 0.049405 0.0271066 0.00631085 0.0870898 1 0.888398 0.35821 0.169995 0.102988 0.0693703 0.0446714 0.0256137 0.021116 0.0345327 0.825018 1 0.310284 0.152735 0.126988 0.0957695 0.0647702 0.0464624 0.0431072 0.0371262 
0.52391 1 0.00840778 0.000525486 0 0.00262743 0 0 0 0 0.0285467 0.0354671 0.0588235 0.147924 0.449827 1 0.749135 0.0527682 0.00519031 0 0 0 0 0 0 0.000431593 0.00258956 0.0388433 0.219249 1 
0.0198087 0.135929 0.507514 1 0.441257 0 0 0 0 0 0 0 0.174658 0.444064 1 0.931507 0.571918 0.257991 0.0707763 0.0365297 0.00946746 0.00828402 0.0698225 0.248521 0.584615 1 0.939645 0.766864 0.0177515 0.00118343 
0.198768 0.00530898 0 0 0 0 0 0.000212359 0.366107 1 0 0.00421348 0.0577598 0.107795 0.205758 0.380618 0.663975 0.949614 1 0.436096 0 0 0 0.000115473 0.00184758 0.0254042 0.182102 0.478753 0.873557 1 
0.00937434 1 0 0 0 0 0 0 0 0 0 9.41531e-005 0.00273044 0.0144996 0.0595048 0.30854 0.865644 1 0.287167 0.0836079 0.0168415 0.136849 0.268309 0.366278 0.814744 1 0.157925 0.00548552 0.000288711 0 
1 0.0314506 0.00256739 0 0 0 0 0 0 0.0346598 0.310976 0.615854 0.466463 0.268293 0.298781 0.384146 0.396341 0.929878 1 0.329268 0 0 0.0514184 0.25 1 0.842199 0.304965 0.382979 0.109929 0.0106383 
0.121056 0 0 0.000206697 0.00241146 0.0742731 0.84732 0.0824032 0.0150889 1 0.204913 0.323691 0.307531 0.369101 0.488203 0.727537 0.541532 0.44861 0.39415 1 0.0318547 0.37139 0.457874 0.564305 1 0.67788 0.476481 0.754391 0.191873 0.103305 
0.0034965 0 0 0 0 1 0.77972 0.0699301 0.13986 0.199301 0.283951 1 0.897119 0.337449 0.0617284 0 0 0 0 0 0 0.0227273 0.185606 0.522727 1 0.579545 0.0643939 0 0 0 
0.788162 0 0 0 0 0 0 0 0.0241433 1 1 0.89689 0.00572831 0.00163666 0 0 0 0 0 0 0 0 0.00249377 0.0074813 0.0174564 0.063591 0.185786 0.660848 0.96384 1 
0.0762125 0.0592764 0.159353 0.167052 0.447267 1 0.151655 0.00846805 0.00923788 0.0230947 1 0.17553 0.00475573 0 0 0 0 0 0 0 0 0 0 0 0 0 0 0 0.000366435 1 
1 0.189478 0.00046836 0.0002602 0.00031224 0 5.204e-005 0.00031224 0.00228976 0.0118651 0.0097786 0.0411439 0.16107 0.399078 0.728413 1 0.858672 0.44262 0.221402 0.111255 0.387321 0.390895 0.436983 0.935478 1 0.727239 0.341422 0.0863431 0.0302859 0.0199398 