1 0.0891807 0.0356086 0.0543059 0.242367 0.295569 0.00577674 0.00147097 0.00145149 0.0277504 0.345964 0.671997 1 0.500778 0.227891 0.299421 0.524228 0.543864 0.459368 0.569353 0.170588 0.496154 0.637069 1 0.671641 0.439417 0.299856 0.26663 0.25668 0.276864 
1 0.0388771 5.64191e-005 2.16996e-005 1.08498e-005 3.68894e-005 0 0 6.94389e-005 0.00251065 0.00354938 0.00633554 0.0480241 1 0.333731 0.155417 0.268175 0.606367 0.908057 0.183864 0 0.0249233 0.180493 0.504396 0.383691 0.458536 0.556461 1 0.862488 0.0327472 
0.704325 1 0.0351023 0.00453192 0.00410287 0.00689174 0.00919793 0.00522914 0.00383471 0.0207825 0.104413 0.606782 1 0.49626 0.450256 0.484665 0.557412 0.402381 0.0595936 0.00579728 5.46986e-005 0.0475878 0.147522 0.173559 0.242041 0.272016 0.290833 0.767039 1 0.718685 
1 0.201457 0.0561635 0.0603686 0.014175 0.0982893 0.0171697 0.0036311 0.00177188 0.0443344 0.344535 1 0.727562 0.855944 0.716729 0.763703 0.71424 0.321671 0.0397824 0.0112018 0.172893 0.611786 1 0.835204 0.763976 0.734051 0.914579 0.625673 0.476352 0.0146042 
1 0.0964672 0.046959 0.0210674 0.0562534 0.322623 0.165166 0.024316 0.0309017 0.169486 1 0.0824223 0.0623981 0.0621117 0.0646018 0.0768437 0.100521 0.105891 0.0937272 0.155822 0.0671809 0.0207878 0.0259682 0.0341844 0.0532316 0.115413 0.15821 0.180565 0.146067 1 
1 0.648321 0.423373 0.114408 0.867349 0.276909 0.00419794 0.000677087 0.000444943 0.00719647 1 0.906122 0.0670783 0.135575 0.275197 0.372386 0.363505 0.277352 0.231372 0.601051 0.000152927 0.0102333 0.0388179 0.0766417 0.106513 0.24727 0.518714 1 0.202462 0.00133811 
1 0.936315 0.227022 0.072868 0.162104 0.305119 0.102585 0.00956551 0.00420883 0.0498682 1 0.180281 0.155792 0.168206 0.202779 0.195322 0.185959 0.198288 0.22121 0.207737 0.0124211 0.0310014 0.140841 0.267105 0.424575 0.696248 1 0.727763 0.162449 0.00215573 
1 0.495555 0.0871843 0.0378378 0.277343 0.274535 0.183963 0.0291622 0.00846156 0.0815684 1 0.135967 0.118452 0.0938703 0.0931636 0.105822 0.0954107 0.0749694 0.0444434 0.0145245 0 0.0428536 0.118729 0.288447 0.557764 0.690364 1 0.896991 0.134944 0.0161773 
1 0.206543 0.00753646 0.00101964 0.000664982 0.000265993 0.000664982 0.000221661 0.00164029 0.024959 0.00352299 0.0184957 0.0762727 0.407257 0.712348 0.899771 1 0.905936 0.459398 0.156773 0.296634 0.423562 0.531557 0.899486 1 0.908135 0.718794 0.443198 0.375409 0.960028 
1 0.39033 0.159096 0.120763 0.120077 0.138832 0.226476 0.308678 0.31531 0.486529 0.881591 0.869661 1 0.817452 0.64352 0.303682 0.182032 0.12489 0.126951 0.133873 0.0495459 0.106749 0.234197 0.292557 0.3474 0.359553 0.298923 0.234286 0.255208 1 
0.52395 0.373926 0.0076564 0.000746965 0.00721289 0.244001 1 0.244211 0.0234594 0.726097 1 0.0484271 0.0492656 0.0299074 0.018132 0.0158598 0.0250295 0.0218648 0.00737542 0.00112705 0.000311962 0.00191246 0.00393343 0.00911471 0.019518 0.0376117 0.108196 0.127945 0.522536 1 
1 0.506931 0.0336612 0.00472968 0.00633978 0.00875494 0.0515233 0.0164532 0.00392463 0.0164281 1 0.734771 0.654983 0.458558 0.436489 0.571001 0.594268 0.684542 0.676952 0.466447 0.161213 0.0791327 0.054104 0.138582 0.174052 0.340161 0.579607 1 0.597392 0.149773 
0.959764 0.0177127 0.00605 0.00532109 0.00225964 0.00976748 1 0.0904585 0.0795976 0.205336 0.421927 0.29222 0.153101 0.125692 0.123339 0.170819 0.439922 1 0.776993 0.402409 0.118983 0.189146 0.208674 0.218211 0.230018 0.430972 1 0.504314 0.312557 0.488306 
1 0.0948007 0.00112652 0.00017331 8.66551e-005 0.000577701 0.0174466 0.398787 0.270682 0.551675 0.108696 0.479243 0.75021 0.753086 0.88885 1 0.766971 0.376438 0.214236 0.114306 0.177459 0.554918 0.549343 0.73628 0.885623 1 0.940502 0.694146 0.471924 0.42947 
0.889497 0.988512 0.12087 1 0.0307132 0.0139233 0.0471582 0.0184279 0.0232127 0.145915 0.814754 0.225569 0.255627 0.305243 0.301889 0.312087 0.358013 0.897045 1 0.524875 0.0280118 0.0645655 0.159264 0.223358 0.287099 0.331311 0.591193 0.982297 0.813019 1 
1 0.940174 0.0269061 0.00229017 0.00329463 0.0127767 0.0042723 0.00145981 0.00788836 0.0031607 1 0.0657453 0.0719858 0.197899 0.213162 0.106503 0.0886919 0.120973 0.0627681 0.0106217 0.001051 0.0300119 0.139592 0.0340779 0.0199584 0.0347042 0.0807784 0.115069 0.131874 1 
1 0.424213 0.0148335 0.000719683 0 0 0 7.99648e-005 0.000439806 0.00307865 0.398325 0.837487 0.606283 0.859895 1 0.987435 0.870995 0.669529 0.562932 0.470785 0.0528307 0.255712 0.261388 0.395285 0.370688 0.458012 0.563819 0.915587 1 0.980643 
0.743105 0.567634 0.185776 0.0625188 0.0506263 0.0960301 1 0.0118389 0.00500794 0.0066272 0.510963 0.462125 0.389313 1 0.808898 0.762031 0.762572 0.211541 0.00598883 0.00110117 0.0174479 0.285155 0.489261 0.637772 1 0.979854 0.630582 0.281347 0.215234 0.167252 
0.449027 1 0.036006 0.00252782 0.00517895 0.0026203 0.0088782 0.0106662 0.00712106 0.0227812 1 0.253763 0.604522 0.036869 0.0815151 0.257795 0.498812 0.476345 0.26838 0.0825232 0.000128036 0.00140839 0.00332892 0.00998677 0.0223635 0.0538176 0.132133 0.236311 0.679228 1 
1 0.0712077 0.00203287 2.8632e-005 8.58959e-005 0.000171792 0.0314093 0.0170074 0.0343297 0.0600126 0.863528 0.917605 0.727397 0.784715 1 0.722108 0.700955 0.712385 0.527806 0.170078 0.0314348 0.14874 0.15356 0.335816 0.716977 0.797152 0.67448 1 0.706462 0.0881709 
1 0.237487 0.00363381 0.000527488 0.00105498 0.00111359 0.0108428 0.0365139 0.0675185 0.106553 1 0.486282 0.586461 0.302113 0.174183 0.0748449 0.0032587 0.000105119 0 0.000525597 0.00940779 0.0211072 0.126282 0.723435 0.113858 0.104933 0.339163 0.220118 0.357014 1 
1 0.480476 0.00561291 0.00208314 0.00418943 0.011897 0.0341404 0.0141422 0.0146861 0.140948 0.541154 0.470153 0.669022 1 0.918869 0.675665 0.671614 0.770695 0.494181 0.447585 0.323378 0.151969 0.0688464 0.0763462 0.335713 0.783395 1 0.706227 0.709319 0.699911 
1 0.0420839 0.00457118 0.00152373 0.00275722 0.0591351 0.193658 0.0995501 0.107241 0.728341 1 0.198747 0.142022 0.121682 0.117089 0.0965106 0.0907247 0.0588727 0.0117507 0.00220698 0 0.00419806 0.045431 0.0502042 0.0547473 0.0887918 0.134165 0.144747 0.252171 1 
0.753791 1 0.0631541 0.0135991 0.00512638 0.00533998 0.00954076 0.00156639 0.000427198 0.00363119 0.692882 0.677734 0.848931 0.719859 0.686657 1 0.638929 0.121602 0.0205437 0.0016601 0 0.000748643 0.0673779 0.405952 0.619128 0.554183 0.747707 0.689875 0.79431 1 
1 0.0502986 0.00413275 0.00229317 0.00710632 0.0151198 0.542323 0.0426883 0.0428647 0.149283 0.828292 0.309691 0.28805 0.805703 0.602164 0.221467 0.362689 0.837059 1 0.416713 0.965248 0.887455 0.279054 0.308627 0.315219 0.550292 0.794877 0.892164 0.943963 1 
0.246691 1 0.036683 0.00343137 0.00226716 0.0563113 0.0557802 0.00798611 0.00265523 0.00651552 0.0672291 0.125165 0.287174 0.408054 0.496902 1 0.688637 0.669655 0.476272 0.248418 0.0204876 0.0603701 0.155091 0.335246 0.520112 0.471966 0.599536 1 0.853445 0.726012 
1 0.162058 0.0178774 0.00181804 0.00155291 0.00358559 0.00739843 0.0119057 0.0702346 0.0719516 0.133094 0.759175 0.490361 0.607955 0.769295 0.914494 1 0.973484 0.736053 0.367066 0.0558427 0.545985 0.790274 0.871964 0.762263 0.434419 0.651779 0.95089 1 0.356396 
0.851807 0.93119 0.192242 0.0939426 0.117641 1 0.52067 0.074389 0.147981 0.347503 1 0.94896 0.287086 0.269114 0.27543 0.362362 0.403748 0.322105 0.1619 0.0910911 0.0456379 0.0742657 0.0683472 0.0912319 0.128979 0.197326 0.342394 0.634809 0.946164 1 
1 0.213783 0.0560039 0.0116941 0.0128209 0.0159272 0.0351128 0.0141913 0.0145872 0.118768 1 0.0858236 0.0584312 0.104233 0.149591 0.298026 0.527659 0.732302 0.71576 0.439879 0.240817 0.2379 0.340644 0.581461 0.650281 0.669944 0.55229 0.523012 0.499892 1 
1 0.174215 0.00723308 5.39782e-005 0.000188924 0.000107956 2.69891e-005 5.39782e-005 0.000269891 0.00199719 0.0253449 0.10169 0.190823 0.359557 0.596419 0.879476 1 0.238103 0.00906836 0.000155015 0 0.0378605 0.153939 0.268165 0.317867 0.339053 0.530288 1 0.779765 0.107379 
1 0.737739 0.0175781 0.00379229 0.00594481 0.00311395 0.0157407 0.00875965 0.00420891 0.0202166 1 0.43198 0.449293 0.382346 0.22751 0.139612 0.108531 0.116031 0.126255 0.0895209 0.0328131 0.0534824 0.0645666 0.0829901 0.0926474 0.120433 0.151067 0.203917 0.246345 1 
0.554829 1 0.111419 0.0722142 0.00552472 0.283814 0.0481512 0.00506855 0.00389011 0.0156872 0.0901259 0.100728 0.119667 0.127751 0.156323 0.230997 0.391108 0.690565 1 0.60037 0.00515191 0.0328374 0.0761231 0.139896 0.211132 0.408421 0.477852 0.660504 0.979007 1 
1 0.931439 0.135838 0.0261063 0.0338954 0.180604 0.0421125 0.0254216 0.0218266 0.123684 1 0.547764 0.309451 0.259654 0.28125 0.0210027 0.0173611 0.00347222 0.0509824 0.0028794 0.000191205 0.000860421 0.00114723 0.00458891 0.0220841 0.124857 0.393117 0.807935 1 0.460899 
1 0.348712 0.0161082 0.00745749 0.0227702 0.0572735 0.0960525 0.0299294 0.0026847 0.0437506 0.687166 0.246363 0.437857 0.413368 0.550359 0.736144 0.718468 0.943841 1 0.24084 0.0233066 0.0935907 0.195679 0.334547 0.387594 0.509226 0.715101 0.574654 1 0.133285 
0.365142 1 0.00185912 0.000392984 0.000408098 0.000869099 0.00651446 0.0276978 0.00546399 0.00866076 0.170516 0.0414733 0.0823616 0.308483 1 0.767652 0.52034 0.243877 0.179309 0.149402 0.000237023 0.00548945 0.0158047 0.0206589 0.0402655 0.195866 0.12602 0.169661 0.203669 1 
1 0.114407 0.0439212 0.0222009 0.0164921 0.0483998 0.211783 0.0312158 0.0177799 0.0507448 1 0.0211355 0.0277404 0.109396 0.181756 0.175714 0.147044 0.116735 0.0811174 0.0451577 0.0583743 0.106996 0.160171 0.188856 0.174191 0.209939 0.228836 0.268816 0.508193 1 
0.691605 1 0.126743 0.0121743 0.0274841 0.572357 0.0182792 0.00453714 0.00108084 0.0102858 1 0.161563 0.256932 0.207817 0.156348 0.216213 0.0717096 0.0504776 0.0198792 0.00124955 0.00281311 0.0129847 0.0257473 0.0365556 0.111562 0.23405 0.297197 0.386861 0.964436 1 
1 0.310187 0.0204601 0.0550748 0.151553 0.0121379 0.00189358 0.00058701 0.000501799 0.0145427 0.377186 0.511893 1 0.0814571 0.0733709 0.0553595 0.0478547 0.0441091 0.0298433 0.0109799 0.000216714 0.000989663 0.00389364 0.00884195 0.0127139 0.0140142 0.0155168 0.0276672 0.111687 1 
1 0.0257416 0.00740273 0.01056 0.00930379 0.0024116 0.00687876 0.00716762 0.0104189 0.0809061 0.176406 0.274901 0.23701 1 0.526146 0.395072 0.320308 0.168669 0.0705996 0.0210466 0.129322 0.260974 0.249083 0.447041 0.485145 0.683891 0.968166 1 0.833019 0.864613 
1 0.3293 0.0338097 0.0119569 0.126373 0.107453 0.0396214 0.024323 0.0470623 0.0607544 1 0.128125 0.0829077 0.0609191 0.0510266 0.0595015 0.0867676 0.0979237 0.0986864 0.0749413 0.00214266 0.00757716 0.0184684 0.0411776 0.0711749 0.111759 0.134884 0.146509 0.208609 1 
1 0.59661 0.0792071 0.0255642 0.00699872 0.00565765 0.0103933 0.00597196 0.0108124 0.0566603 1 0.0629701 0.0976207 0.28551 0.426699 0.388373 0.265734 0.155349 0.0900984 0.0447599 0.0730569 0.128242 0.159244 0.181931 0.20345 0.300616 0.389065 0.372287 0.321552 1 
1 0.576823 0.0786626 0.0181779 0.0591863 0.453473 0.0310539 0.00400346 0.0471759 0.00367886 1 0.359881 0.273116 0.0821365 0.0421365 0.0478338 0.10089 0.193472 0.266944 0.109792 0.000111062 0.000444247 0.0113283 0.0569747 0.135384 0.254554 0.254998 0.26566 0.352843 1 
1 0.560746 0.0798674 0.00780256 0.00642958 0.0021097 0.00786953 0.0101132 0.00994575 0.0330186 1 0.300945 0.586833 0.138217 0.325726 0.429845 0.318366 0.204727 0.093923 0.0324781 0.00038724 0.00527615 0.0165545 0.0440002 0.0767704 0.115204 0.173532 0.217968 0.833487 1 
1 0.670839 0.0395859 0.0395203 0.22479 0.158901 0.0358689 0.00509446 0.00178197 0.00871305 0.100212 0.941778 0.762279 0.501338 0.68407 0.71372 0.783065 0.860301 1 0.486983 0.00935188 0.0295356 0.0385302 0.0304797 0.0441567 0.0948201 0.211304 0.502156 1 0.589742 
1 0.258318 0.0829529 0.121805 0.131838 0.067561 0.0179308 0.00562703 0.00588336 0.104826 0.277472 0.438481 1 0.692372 0.499161 0.449685 0.371931 0.24631 0.191265 0.232658 0.241028 0.305357 0.39248 0.423832 0.381725 0.510156 1 0.403492 0.28148 0.259685 
1 0.257747 0.373478 0.118757 0.092287 0.0722482 0.0439215 0.0190737 0.0481303 0.131756 1 0.136888 0.0642574 0.0438183 0.0416721 0.0440241 0.044077 0.0450884 0.053097 0.0422718 0.196285 0.150235 0.035637 0.0408197 0.0593396 0.0905309 0.121326 0.138411 0.27561 1 
1 0.22663 0.00454496 0.00134531 0.000654474 0.00229066 0.00156347 0.00101807 0.0084718 0.0316693 1 0.491148 0.243601 0.202432 0.21619 0.233362 0.273358 0.302901 0.322952 0.226856 0.00783629 0.0282506 0.0400299 0.0642376 0.0689294 0.0868979 0.11979 0.134814 0.203843 1 
1 0.0517833 0.00140978 0.00054708 0.000652288 0.000841662 0.00452393 0.00715413 0.0102472 0.224787 0.00964387 0.0410736 0.202638 0.974845 0.197641 0.236856 1 0.876373 0.046186 0.00371812 1 0.229309 0.0760044 0.104194 0.223755 0.487132 0.698852 0.0430939 0.00115719 0.000555453 
1 0.415603 0.00450484 0.00248446 0.0033048 0.00566738 0.00377825 0.00142974 0.000979721 0.00229695 0.0204118 0.0247619 0.0691336 1 0.0807184 0.051768 0.0618528 0.0694798 0.186729 0.156631 0.0314389 0.0314822 0.0914367 0.0845348 0.254556 0.228557 0.205179 1 0.668564 0.0612086 
1 0.0101099 0.00404394 0.00906999 0.0229735 0.00256116 0.00349512 0.00344698 0.0034181 0.465506 0.211688 0.0590979 0.548931 0.287606 0.187937 0.301764 0.630695 0.834204 1 0.559936 0.726879 0.348307 0.366311 0.402917 0.459183 0.419265 0.510129 0.547194 0.798718 1 
1 0.414086 0.0168782 0.00335025 0.0118528 0.0243909 0.859467 0.240051 0.100025 0.375584 1 0.647381 0.410495 0.15431 0.0679429 0.0266058 0.0118939 0.00526674 0.00345933 0.00122437 0.329891 0.459924 0.249167 0.458972 0.824988 1 0.79505 0.907092 0.643122 0.0433603 
0.440415 0.118095 0.0420455 0.0239561 0.129098 1 0.103665 0.00931759 0.0148793 0.0446458 1 0.0319229 0.0347518 0.0370415 0.0682322 0.0848659 0.0552594 0.0395974 0.0587871 0.120297 0.054234 0.0230356 0.0219623 0.0365652 0.0511875 0.125282 0.0823923 0.0660989 0.0818074 1 
1 0.284481 0.0136397 0.00161723 0.000427194 9.15416e-005 0.000671305 0.00292933 0.0164165 0.113878 0.782159 1 0.762034 0.601169 0.483546 0.620887 0.670383 0.618303 0.499728 0.205602 0.639012 0.347688 0.435628 0.250158 0.278024 0.321813 0.345969 0.427938 1 0.206007 
1 0.474996 0.0208301 0.0111107 0.144576 0.360891 0.188607 0.0676242 0.0285507 0.0542797 1 0.379916 0.399992 0.676171 0.637816 0.564465 0.285631 0.225989 0.394524 0.116275 1 0.442449 0.0506552 0.0717424 0.209994 0.556404 0.584253 0.695649 0.935669 0.037361 
0.327483 0.624606 0.256757 0.137885 0.229485 1 0.139011 0.0126147 0.00805696 0.0637208 1 0.524846 0.171216 0.127126 0.114817 0.113103 0.122703 0.115921 0.099132 0.079133 1 0.832803 0.460008 0.349049 0.25753 0.245688 0.302476 0.509603 0.93674 0.185951 
0.369785 1 0.140866 0.0952134 0.0394181 0.0215049 0.0117012 0.00293659 0.000609908 0.012153 1 0.573627 0.495499 0.51078 0.348077 0.334241 0.355801 0.278451 0.155757 0.053623 0.0205734 0.0426341 0.0587871 0.116954 0.152152 0.176237 0.282285 0.567504 1 0.681277 
0.661642 1 0.0177346 0.00409044 0.0187432 0.0292774 0.00554731 0.0010086 0.00692012 0.00607962 1 0.584453 0.946326 0.713532 0.384837 0.337743 0.168358 0.0568275 0.0246093 0.0100082 0.0467108 0.0951616 0.283946 0.255437 0.191126 0.302483 0.560329 1 0.459948 0.987419 
0.637744 1 0.0852113 0.0247683 0.0159982 0.0279326 0.0510143 0.0328959 0.0268564 0.120388 1 0.218885 0.220647 0.283661 0.38529 0.565246 0.685087 0.521892 0.544372 0.194055 0.205381 0.11556 0.0860813 0.0889192 0.11369 0.197461 0.256572 0.302594 0.40414 1 
0.909595 1 0.0136311 0.00694798 0.016504 0.0238799 0.148923 0.10367 0.0268547 0.0483302 0.344922 1 0.941779 0.8391 0.62945 0.550783 0.719427 0.397181 0.273051 0.138782 0.741763 0.439691 0.384855 0.398967 0.400578 0.690705 1 0.665259 0.979721 0.565476 
0.469557 1 0.0430196 0.000473089 0.0012458 0.00247583 0.092757 0.07284 0.0522606 0.157728 0.34754 0.656413 0.759963 0.950333 0.985047 0.884724 0.775377 0.600422 0.648706 1 0.0168593 0.0331014 0.163263 0.334016 0.253619 0.194401 0.339262 0.642252 1 0.389475 
0.0736577 0.130777 0.0245101 0.0237081 0.0614903 1 0.00359552 0.000658559 0.000796643 0.00854533 0.213229 1 0.0402149 0.0413269 0.0287186 0.0238114 0.0178696 0.0125364 0.00476891 0.000575368 0 0.00425565 0.0105406 0.020766 0.0358086 0.132142 0.274322 0.837802 1 0.147125 
0.399227 1 0.599465 0.0493631 0.113285 0.392743 0.117323 0.0391833 0.0112034 0.0734759 1 0.264792 0.157022 0.098684 0.0842257 0.0762935 0.0414999 0.0223905 0.0119704 0.0088336 0.3749 0.410714 0.38757 0.439046 0.363927 0.44603 0.82931 1 0.436453 0.215483 
0.360924 0.201604 0.0203962 0.00905956 0.0257335 1 0.05163 0.0231758 0.00901389 0.060135 0.825992 0.552397 0.488826 0.42475 0.385424 0.481917 0.49393 0.734441 1 0.704506 0.205387 0.201948 0.22535 0.389977 0.793525 0.919452 1 0.855186 0.783937 0.878206 
0.519245 1 0.0615593 0.0233161 0.0376264 0.187269 0.097582 0.40908 0.0998026 0.0594621 0.344506 0.462839 0.481492 0.551443 0.770621 1 0.800933 0.670941 0.468959 0.24949 0 0.0179583 0.497306 0.0964222 0.0378505 0.0558088 0.140351 0.345628 0.602431 1 
0.388269 1 0.0529656 0.0171594 0.00568397 0.00127253 0.000192294 0.000180982 0.00036762 0.00902649 0.877634 0.912856 0.311814 0.344186 0.605456 0.810553 1 0.788504 0.314523 0.0770776 0.0387254 0.0622907 0.128246 0.22328 0.320749 0.331671 0.35101 0.476903 1 0.120437 
1 0.812367 0.00506605 0.00421382 0.00677051 0.0302069 0.322665 0.135884 0.143364 0.171914 0.879059 1 0.592723 0.346932 0.26351 0.189167 0.106501 0.0517687 0.0308973 0.014755 0.0380508 0.0720339 0.139153 0.161525 0.274322 0.497203 0.801186 0.830254 0.898136 1 
1 0.19399 0.012698 0.00462775 0.00703395 0.0165753 0.0496367 0.0106015 0.000345444 0.00169148 1 0.0331966 0.0277888 0.0232023 0.032729 0.0473818 0.0512728 0.0285442 0.0184959 0.0114393 1 0.0115147 0.0287611 0.0844106 0.0764372 0.0331082 0.00172521 6.24255e-005 5.67505e-006 0 
1 0.489973 0.270091 0.34751 0.453606 0.651424 0.288764 0.0611921 0.0197515 0.137897 1 0.817074 0.49408 0.252393 0.164555 0.125446 0.071943 0.0394838 0.0311964 0.0197912 0.0248477 0.899719 0.687079 0.729098 1 0.9098 0.611681 0.318318 0.141961 0.149336 
1 0.224795 0.0528061 0.0360487 0.0817187 0.0682417 0.169248 0.0229982 0.0134286 0.143736 1 0.438068 0.751101 0.717361 0.698901 0.834988 0.551686 0.494143 0.464179 0.124858 1 0.291951 0.208895 0.18303 0.182205 0.180753 0.160759 0.149505 0.162051 0.390327 
0.149825 1 0.000508077 1.91727e-005 0 0 0 2.39659e-006 0 7.18976e-006 1.46766e-005 4.40299e-005 0.000117413 0.000289864 0.000443968 0.000979666 0.00252071 0.0108314 0.414402 1 0.0160143 0.0297355 0.0204562 0.0242513 0.0306709 0.0557507 0.180198 0.393622 1 0.815007 
1 0.349576 0.0017524 5.65291e-005 0.000565291 0.00180893 0.0248728 0.0989259 0.0474279 0.0860938 0.061369 0.419355 0.961185 0.71466 0.823236 0.785471 0.982953 1 0.841332 0.509573 0.130707 1 0.44792 0.399391 0.402604 0.413933 0.451471 0.420866 0.347988 0.804193 
1 0.0844384 0.015064 0.00434216 0.0027723 0.0638966 0.591904 0.0972644 0.0835699 0.228632 0.44941 1 0.923776 0.792513 0.79348 0.656703 0.577965 0.400851 0.306636 0.268717 0.0940308 0.316253 0.341873 0.619696 0.932657 1 0.827062 0.542745 0.644516 0.465706 
1 0.134388 0.00154453 0 0 0 0 0 0 3.35768e-006 0.30113 0.184216 0.377595 1 0.501679 0.107602 0.0803735 0.103064 0.192548 0.107418 1.08373e-005 0.000422654 0.00787871 0.0774433 0.261092 0.887379 0.642597 1 0.725177 0.0643627 
0.114447 1 0.192579 0.0665122 0.0556776 0.0646176 0.178806 0.00585935 0.00172431 0.116792 1 0.311912 0.417312 0.153026 0.0757626 0.0851033 0.157586 0.104735 0.0238129 0.00336611 0.0777727 0.197069 0.176416 0.106154 0.0408289 0.0407798 0.0894071 0.208864 0.3576 1 
0.324562 0.67718 0.00324634 0.000163224 0.000290176 0.313589 1 0.00469722 0.00360906 0.0133844 0.0396413 0.528744 0.226114 0.0400704 0.0294521 0.0558583 0.0765799 0.507851 1 0.195096 0.0122931 0.0783201 0.501599 1 0.744125 0.184258 0.331831 0.701544 0.0253372 0.0103185 
0.116554 1 0.00168117 0.000174268 0.000830335 0.000645816 0.050999 0.0999682 0.0227983 0.0294 0.0335978 0.106745 0.212946 0.960163 1 0.783566 0.600954 0.209939 0.0959939 0.0860425 0.271558 0.340423 0.0751257 0.0703583 0.107345 0.272763 0.655464 1 0.472863 0.114889 
0.132478 0.319228 0.0425138 0.0398333 0.100339 1 0.195916 0.00213051 0.00121671 0.00467054 0.115521 0.247491 0.0569979 0.133346 0.217951 1 0.223088 2.75388e-005 0 0 0 0.00698136 0.0195837 0.0913187 1 0.134522 0.1711 0.204294 0.107811 0.139784 
1 0.110321 0.00550222 0.00192246 0.000894939 0.00332564 0.024318 0.0160537 0.0119657 0.0537516 0.138296 0.745407 0.729803 0.191883 0.141749 0.18698 0.240994 0.385898 0.78953 1 0.0606829 0.2193 0.308722 0.344204 0.515015 0.685539 0.778883 0.821968 1 0.580815 
0.773036 1 0.0256743 0.00558539 0.00475221 0.0273098 0.00459791 0.00308585 0.035333 0.00465963 1 0.115665 0.303377 0.349866 0.22539 0.133567 0.0954906 0.0784658 0.0710099 0.0422631 0 0 5.86098e-005 0.00097683 0.00636893 0.0300277 0.0292267 0.046204 0.0799242 1 
1 0.16273 0.0478199 0.0020763 0.017973 0.00824033 0.0190112 0.00279003 0.00240073 0.00869452 1 0.414882 0.139736 0.177158 0.336362 0.33939 0.351071 0.413801 0.602423 0.393251 0 0.000192345 0.0532795 0.176765 0.387959 0.700712 0.562031 0.354299 0.534718 1 
1 0.382371 0.0398785 0.00765237 0.0159301 0.0735796 0.122904 0.0349283 0.0222963 0.112957 1 0.118199 0.0290004 0.0135966 0.0211846 0.0530096 0.124217 0.151092 0.0436702 0.00107821 0.000274344 0.00922973 0.0160883 0.0139818 0.0127472 0.0155201 0.0239121 0.110718 0.302504 1 
1 0.827918 0.0817927 0.0143324 0.0174603 0.0384687 0.035014 0.0281979 0.0297852 0.0827731 1 0.118447 0.124827 0.175312 0.257212 0.417684 0.491886 0.331415 0.170458 0.0594313 0.10643 0.100331 0.125413 0.175237 0.240851 0.244727 0.173811 0.200091 0.26542 1 
0.918288 1 0.053469 0.0231213 0.109225 0.919051 0.135164 0.015928 0.010906 0.0369112 1 0.0849972 0.14107 0.245599 0.225123 0.112443 0.0849599 0.10397 0.190731 0.175026 0.00874171 0.0292891 0.0628884 0.150427 0.229414 0.276082 0.458568 0.670602 1 0.479115 
0.340796 1 0.174627 0.0334328 0.0277612 0.0250746 0.0840796 0.0306468 0.0459701 0.0435821 1 0.254588 0.219765 0.290353 0.281412 0.260078 0.239059 0.176314 0.081098 0.0323137 0 0.0013006 0.103723 0.346123 0.38384 0.349699 0.289709 0.251829 0.224516 1 
1 0.403038 0.0196369 0.00689144 0.00140793 0.00096332 0.00111152 0.00163023 0.00111152 0.122193 0.0016129 0.0932258 0.207742 0.258871 0.333065 0.327581 0.522258 1 0.509032 0.0940323 0.0391223 0.0378804 0.0374664 0.142 0.221486 0.463879 0.894018 0.852826 0.663424 1 
1 0.268549 0.0486721 0.0188742 0.0476365 0.100251 0.00654752 0.0035076 0.00835143 0.261433 0.86985 0.579609 0.424872 0.505518 0.835646 1 0.724511 0.78975 0.0377008 0.00218555 0 0.012987 0.421412 1 0.656427 0.347819 0.456127 0.553114 0.320513 0.627206 
1 0.276615 0.0674307 0.00539777 0.00763993 0.0141173 0.0594586 0.0205115 0.0214665 0.0470437 1 0.53402 0.367921 0.405243 0.420853 0.440764 0.295978 0.140484 0.0415249 0.0090054 0.0132717 0.0540348 0.106885 0.154402 0.45266 0.788956 0.463562 0.559189 0.744045 1 
1 0.516165 0.230825 0.137403 0.154008 0.314383 0.0146851 0.00906102 0.0032584 0.0118135 1 0.436811 0.375183 0.243927 0.14145 0.13367 0.166594 0.211272 0.313555 0.627378 0.00816456 0.0268717 0.0588958 0.111173 0.239923 0.661904 0.487852 0.227775 0.362847 1 
1 0.0258717 0.000106468 0 0 0.00101145 0.000585574 0.000851743 0.00739952 0.0834176 0.150089 0.224753 0.553278 0.233106 0.418122 0.79752 1 0.881549 0.76816 0.216654 0.00195647 0.089753 0.196625 0.292492 0.522133 0.937882 0.810956 0.651993 0.638053 1 
1 0.25 0.0343724 0.00807855 0.00051681 0.000961085 0.0124578 0.0217514 0.0130744 0.086815 0.488621 1 0.669097 0.658068 0.958783 0.62531 0.410346 0.576055 0.845133 0.860881 0.0283932 0.114591 0.208301 0.353387 0.556436 1 0.997072 0.82423 0.638687 0.292271 
1 0.408889 0.0383333 0.0141333 0.00602222 0.108956 0.0237778 0.00637778 0.0056 0.0661333 0.207548 0.338581 0.289548 0.313484 0.442581 0.61 1 0.845613 0.455548 0.279097 6.68539e-005 0.0137719 0.0939965 0.279382 0.725899 0.895909 0.891697 1 0.769956 0.378125 
0.956193 1 0.0648023 0.00779402 0.0322955 0.014363 0.32794 0.0805171 0.013856 0.036879 1 0.123342 0.0990159 0.0988274 0.0892287 0.0819052 0.0564478 0.0328213 0.0187531 0.00951791 0.0283588 0.396143 0.289471 0.129324 0.0897778 0.154993 0.242232 0.602876 1 0.0837188 
1 0.0274485 0.000966837 0.000425408 0.0109639 0.360205 0.835802 0.131703 0.0477811 0.392401 1 0.266599 0.21191 0.130999 0.115399 0.137951 0.171866 0.124588 0.0409289 0.00581537 0.639843 0.29892 0.161401 0.194923 0.265374 0.215718 0.222129 0.179676 0.257035 1 
0.890051 0.933438 0.248824 0.0407737 0.0642969 1 0.67625 0.0946158 0.0691758 0.188883 0.275327 0.978378 1 0.757454 0.578378 0.317175 0.167568 0.082476 0.0353967 0.0101133 0.0254381 0.0991144 0.239307 0.629734 0.517241 0.466365 0.539853 0.568871 0.462785 1 
0.697182 1 0.0350109 0.00607085 0.00886482 0.0221448 0.00814046 0.00469111 0.0127626 0.00603636 1 0.0573601 0.0923358 0.575852 0.45073 0.139781 0.0753041 0.168127 0.238321 0.232482 0.000198807 0.0200298 0.0286779 0.0605865 0.242644 0.345676 1 0.0571571 0.0202286 0.819732 
1 0.51025 0.198649 0.286438 0.183455 0.102902 0.0650374 0.0225902 0.0106922 0.031755 1 0.481997 0.166632 0.0805945 0.0548461 0.0593469 0.0757798 0.126544 0.325309 0.578292 0.254327 1 0.1012 0.0527638 0.108319 0.199609 0.315606 0.369765 0.910944 0.87507 
1 0.319129 0.0233825 0.0176614 0.148432 0.137548 0.0208918 0.00901186 0.00714005 0.0476255 1 0.32359 0.359654 0.188999 0.251514 0.315561 0.275652 0.163848 0.0693481 0.0173825 0.0589762 0.264447 0.490808 0.868062 0.447137 0.643372 1 0.968511 0.236344 0.0650013 
1 0.436676 0.0158151 0.00236906 0.000832373 0.0239467 0.00243309 0.00243309 0.0183122 0.0082597 1 0.144546 0.0555167 0.0400435 0.0449421 0.0515512 0.0598709 0.102558 0.147811 0.106368 0.000806038 0.00820693 0.0241811 0.0360519 0.0579615 0.0954056 0.17088 0.173152 0.162673 1 
0.341364 1 0.465674 0.395506 0.11738 0.0615051 0.00514348 0.000649702 0.000920411 0.00276123 0.711436 0.884788 1 0.858758 0.538938 0.255601 0.139001 0.0681673 0.0462983 0.0264562 0.492858 0.838071 0.68887 0.534295 0.532032 0.759723 1 0.627493 0.392872 0.379013 
1 0.630037 0.31994 0.203978 0.0370136 0.0211835 0.0294727 0.0118869 0.0286668 0.0577941 0.547809 0.700015 1 0.927332 0.451173 0.249962 0.116279 0.0460027 0.0288535 0.0131291 1 0.907317 0.660093 0.711053 0.274209 0.15096 0.266476 0.183809 0.04411 0.0209652 
0.984136 0.01198 0.00342285 0.00236967 0.00230384 0.00157978 0.000658241 0.000789889 0.00329121 1 0.284697 0.221334 0.190234 0.64511 1 0.552972 0.821247 0.722424 0.000871966 0 0 0 0 0.0026051 0.075548 1 0.954186 0.359953 0.0923464 0.259163 
0.0346259 0.0842529 0.119088 0.019989 0.0117849 1 0.00606413 0.00356394 0.00251695 0.00464861 0.00274167 0.0085263 0.013321 0.0172549 0.0265 1 0.0166609 0.0317121 0.051713 0.122355 0.0304328 0.0199775 0.00761351 0.00948826 0.0220601 0.0623926 0.0637457 0.0318707 0.0554111 1 
0.615571 0.0466112 0.0140086 0.00564374 0.0214664 1 0.528949 0.00836483 0.00841522 0.00443437 1 0.13427 0.0998148 0.0591095 0.0282429 0.0349178 0.18111 0.168493 0.00925997 0.00277799 0.0203497 0.0279286 0.0226771 0.0330011 0.0660619 0.146983 0.330369 0.455392 0.565972 1 
0.326106 0.0338657 0.0467581 0.114798 0.116516 0.33352 1 0.25709 0.192144 0.205462 0.714436 0.964962 1 0.432938 0.178811 0.116878 0.05583 0.0223431 0.00169484 0.000199393 0.0589015 1 0.219933 0.131046 0.100198 0.0922201 0.101948 0.0625909 0.042791 0.310585 