0.85831 1 0.00209669 0.000307676 0.00168703 0.00308368 0.0353845 0.00762968 0.00199471 0.00297651 1 0.002552 0.00236986 0.00563386 0.0272048 0.0210763 0.00871158 0.0453441 0.482055 0.652042 0.000551002 0.00968978 0.0292744 0.00715589 0.00222362 0.00261592 0.00346471 0.0108435 0.908157 1 
1 0.0714781 0.00398389 0.00131887 0.00269913 0.00563702 0.00228983 0.000984603 0.00147349 0.0016122 0.252613 0.00301322 0.00228771 0.00219409 0.00855989 0.054747 0.0329933 0.0194163 1 0.0283009 0 2.28716e-005 0.0201531 0.0840301 0.00661315 0.00699216 0.0116547 0.0544702 1 0.384399 
1 0.000327775 0.000275097 0.00108283 0.00496345 0.00065555 0.00142816 0.000597018 0.000579459 0.00853385 1 0.00137693 0.000867171 0.000322259 0.000269526 0.000445304 0.0004746 0.000304682 0.00114256 0.00694322 1 0.0975344 0.0184368 0.00600918 0.020024 0.00531044 0.00447195 0.00569974 0.0143242 0.565063 
1 0.0207186 0.00578378 0.0015945 0.00367429 0.00653647 0.00605118 0.00401101 0.0290477 0.87857 1 0.0585718 0.0301129 0.0279665 0.0666524 0.329133 0.691321 0.270334 0.0191914 0.000315649 0.774264 0.612332 0.0219914 0.0193847 0.0187099 0.0278399 0.0533113 0.0732517 0.012213 1 
0.485742 0.0356447 0.012248 0.00367439 0.0211984 1 0.0352365 0.00474216 0.00901325 0.00986119 1 0.0730448 0.0877382 0.0690546 0.246972 0.850859 0.0785372 0.00647826 0.00215942 0.00103277 0.00255036 0.0333628 0.419091 0.917504 0.0684953 0.0446052 0.0515797 0.0663093 0.0769791 1 
0.895844 0.0652912 0.0284167 0.0503951 0.0440152 0.0201054 1 0.0307872 0.0215979 0.118935 1 0.0546187 0.0548244 0.0626799 0.0718105 0.0784733 0.0838611 0.0551534 0.114831 0.186271 1 0.06752 0.0318251 0.0286047 0.024816 0.0282799 0.0301202 0.0394025 0.0730678 0.780445 
0.461724 0.0286514 0.00732736 0.00012268 0.00748349 0.0312946 1 0.0125468 0.00407075 0.000356888 0.789087 0.257196 1 0.0109606 0.00195249 0.000709996 0.000236665 4.43748e-005 5.91663e-005 1.47916e-005 0.00375517 1 0.119564 0.006215 0.00515518 0.00427854 0.00341498 0.00498508 0.00819072 0.667072 
0.105052 1 0.125508 0.000994109 0.000897539 0.00106228 0.00690196 0.0025222 0.00241427 0.0413095 1 0.013174 0.00614568 0.00540388 0.0048264 0.00494378 0.00555412 0.00519731 0.00621141 0.00777483 0.0004985 0.00644425 0.012816 0.0144384 0.012535 0.0138492 0.0201031 1 0.698154 0.274075 
0.461641 0.0246268 0.00183296 8.86918e-005 0.0116778 0.0112047 1 0.424597 0.00366593 0.00301552 0.736423 1 0.00299219 0.000185357 0.000105918 0 0 0 0 0 0.00176729 1 0.72304 0.0196566 0.0172041 0.0158696 0.0163745 0.0180336 0.0333622 0.524309 
1 0.00568568 0.0033288 0.00967052 0.0100836 0.000899018 0.001142 0.000753232 0.00155506 0.0542084 1 0.00800276 0.00726404 0.00780577 0.00819975 0.00984955 0.00908621 0.00620522 0.00645145 0.00664845 1 0.0363164 0.0181755 0.0156136 0.0146097 0.0113554 0.00830881 0.00692401 0.00810109 0.429842 
0.331838 0.439202 0.0390962 0.00770708 0.00492845 0.180568 1 0.0284151 0.0133153 0.035077 1 0.724053 0.270295 0.0753046 0.0225655 0.00954662 0.00381693 0.00145612 0.000852992 0.000318795 0.0156661 0.100548 0.145081 0.250017 0.325542 0.254472 1 0.280311 0.0042611 0.000223247 
1 0.0211158 0.0160636 0.028284 0.0317817 0.0440237 0.126112 0.132546 0.18607 0.294563 1 0.042008 0.0315382 0.0291136 0.0273869 0.0285625 0.0335586 0.0381874 0.190276 0.0691929 0.310356 0.0257295 0.015645 0.0139297 0.0133454 0.015023 0.0188494 0.0375481 0.191359 1 
0.283693 0.0226108 0.0026732 0.000891067 0.0110641 0.356687 1 0.187644 0.0702829 0.0767803 1 0.601412 0.316489 0.14229 0.089452 0.123125 0.162141 0.0930301 0.0754828 0.00818547 0.751468 0.388245 0.141107 0.120267 0.143235 0.382521 0.838201 1 0.202818 0.00924567 
1 0.0721835 0.00085925 0.000190823 0.000299865 0.000642257 0.0177106 0.144217 0.167458 0.311519 0.00864984 0.0621605 0.353794 1 0.665625 0.329062 0.19278 0.107535 0.0694843 0.0354388 0.129718 0.943646 0.782116 0.221632 0.0788956 0.103376 0.144987 0.174279 0.403764 1 
1 0.00928828 0.00371531 0.00458609 0.010043 0.114188 0.739464 0.148903 0.0361082 0.029142 1 0.106412 0.0211438 0.0120624 0.00991334 0.00901213 0.0128943 0.0205199 0.0435355 0.175459 0.0127317 0.102933 0.0123718 0.00472377 0.0046338 0.0142613 0.0594295 0.127947 0.284866 1 
1 0.165662 0.0307886 0.00228219 0.149512 0.203607 0.0918393 0.00625063 0.00347956 0.0240711 1 0.149701 0.150755 0.218992 0.176324 0.115697 0.107706 0.0980286 0.0468825 0.00782352 0.314878 1 0.26261 0.217263 0.12414 0.0713529 0.0821789 0.113823 0.0750834 0.072208 
0.0387717 0.0286488 0.00126889 0.000563952 0.012266 1 0.171582 0.00155087 0.000479359 0.00107151 0.148125 0.189844 0.806183 1 0.61038 0.864788 0.971319 0.510305 0.20884 0.0699032 0.0498946 0.331735 1 0.358852 0.0185193 0.00801951 0.0109545 0.0114092 0.0104171 0.0417924 
1 0.528685 0.00769997 0.00108583 0.000862714 0.00226586 0.0409194 0.00117508 0.000813133 0.0281324 1 0.192716 0.0335218 0.0262468 0.0692202 0.0900514 0.176829 0.315613 0.442562 0.30365 0.00270266 0.0432575 0.115249 0.72957 1 0.600392 0.412394 0.274127 0.870109 0.779124 
1 0.173309 0.0367079 0.0154608 0.39351 0.268944 0.163774 0.0282368 0.00398093 0.0465676 1 0.151533 0.109564 0.061562 0.0462511 0.0439114 0.0194331 0.00767137 0.00606389 0.00353329 1 0.114727 0.154245 0.149781 0.163811 0.109296 0.0235085 0.0219471 0.0117432 0.275218 
1 0.00660143 0.000121313 0 0.000909845 0.000444813 0.026527 0.306628 0.137437 0.058968 0.120427 0.0560167 1 0.613034 0.411111 0.215145 0.335824 0.11661 0.345575 0.283395 0 0.275264 0.366026 0.0372685 0.0221684 0.0238332 0.0288276 0.0368742 1 0.430954 
1 0.416373 0.20605 0.10005 0.0201106 0.016675 0.0145802 0.0144964 0.0257248 0.083878 1 0.669614 0.657303 0.153553 0.0326805 0.0119754 0.00548405 0.00201455 0.00111919 0.000447678 0.0312459 0.206093 0.152454 0.407759 0.753548 0.11587 0.1906 0.072777 0.0184872 1 
0.752424 0.0677157 0.00498354 0.000573862 0.00135915 0.0102087 1 0.39228 0.295569 0.19318 0.646165 1 0.329577 0.114761 0.0568405 0.0276468 0.0217786 0.00685032 0.0019888 0.000589275 0.011055 0.0560739 0.105087 0.391718 0.443575 0.827753 1 0.0352419 0.00482459 0.000255607 
1 0.308976 0.0849132 0.0328855 0.0446653 0.112645 0.432542 0.439475 0.193938 0.212467 1 0.110625 0.0599783 0.0483813 0.0623339 0.068676 0.0287811 0.012956 0.00697632 0.00389587 0.00768554 0.143972 0.323086 0.196832 0.153241 0.161103 0.121091 0.29516 0.335054 1 
0.604582 0.0698838 0.0156484 0.00610072 0.0067718 0.0272397 1 0.0406003 0.0223897 0.029375 1 0.0261903 0.0100171 0.00827343 0.00781083 0.0104975 0.00030247 0 0 0 0 0 0 0.000165896 0.00818418 0.0108385 0.0176771 0.0226908 0.0418057 1 
0.91117 0.135509 0.0095216 0.000232234 0.00847654 0.0189271 0.0939387 1 0.953321 0.0865072 1 0.0194506 0.0120973 0.0133782 0.039091 0.166516 0.0555529 0.00512358 0.0019925 0.000426965 0.00113309 0.0480532 0.254429 0.0176658 0.0103523 0.0153482 0.0209621 0.0185929 0.0406366 1 
0.338168 0.0147954 0.00581671 0.00413321 0.0644371 1 0.337585 0.0118277 0.00571959 0.0162738 0.924198 0.0563769 0.0989876 0.281904 0.685159 1 0.204711 0.00871404 0.00184072 0.000783285 0.0220691 1 0.0186596 0.0103349 0.00757187 0.00891798 0.0100604 0.0110788 0.0179068 0.369516 
1 0.00190746 0.00114937 0.00132055 0.0249438 0.00956177 0.0822899 0.00149173 0.00119828 0.00716522 1 0.0725655 0.00795818 0.00308439 0.00223677 0.00145979 0.000729893 0.000329629 0.000235449 0.000117725 1 0.0392761 0.0041884 0.00264738 0.00229177 0.00284495 0.00233128 0.0020942 0.00320057 0.768611 
0.597508 0.00458095 0.00260609 0.00206504 0.0191715 0.011281 0.000640251 0.000387758 0.0888686 1 1 0.0264725 0.0283014 0.0217066 0.017141 0.019851 0.0434667 0.599455 0.709337 0.0615422 0.000596481 0.0248447 0.755417 0.60513 0.0386027 0.0166755 0.0138747 0.012941 0.0154307 1 
0.206956 0.0509104 0.0654615 0.0349743 1 0.0789415 0.0212173 0.00662001 0.0246242 0.0194168 1 0.0267021 0.00314328 0.00316858 0.000619802 8.22186e-005 1.2649e-005 1.2649e-005 0 0 0 0.00192507 1 0.614867 0.0131037 0.00808529 0.0121346 0.0150155 0.0264066 0.478479 
0.533251 0.0169359 0.00376354 3.55051e-005 0.00372803 0.0214451 1 0.00028404 0.000958637 0.00134919 0.811268 0.012878 0.00736585 0.00863415 0.311902 1 0.0172195 0.00253659 0.000487805 0.000341463 0.00232474 0.015085 1 0.407191 0.00614765 0.00718086 0.00588934 0.00676758 0.0246422 0.826264 
0.598925 0.0606285 0.0306167 0.0114603 0.030079 0.46288 0.984204 1 0.275819 0.548076 0.976728 0.321647 0.699778 1 0.40493 0.241588 0.240144 0.100343 0.0124253 0.00151118 0.0550346 1 0.242967 0.142329 0.126869 0.140802 0.163148 0.193934 0.243556 0.882509 
0.263861 0.0351428 0.0189076 0.0122822 0.0163911 0.0144869 0.0052447 0.002717 0.00811759 1 0.558604 0.0434772 0.141228 0.594682 1 0.433049 0.12439 0.0356892 0.0248199 0.0116942 0.0679542 0.381003 1 0.302707 0.0720253 0.0507245 0.0350962 0.0221112 0.0310444 0.423547 
0.541427 0.0798603 0.0119269 0.0296132 1 0.125573 0.00707451 0.00217677 0.00716521 0.00916058 0.987219 0.019315 0.0289366 0.0993035 0.446686 1 0.117326 0.0708695 0.077978 0.0150068 0.00488069 0.312147 1 0.0150217 0.0107375 0.00775488 0.00759219 0.00667028 0.00976139 0.794631 
1 0.00977303 0.00340371 0.000185351 0.00743087 0.388191 0.521425 0.000808802 0.00160075 0.00156705 1 0.00800975 0.00517626 0.00354582 0.00352999 0.01393 0.772719 0.0102575 6.33182e-005 0 0 0.000174175 0.0129839 0.779875 0.0136648 0.00356266 0.00278679 0.00250178 0.00220093 1 
1 0.0846868 0.0211767 0.0127878 0.00372168 0.01545 0.00287006 0.0011735 0.0008181 0.0160669 0.00866205 0.0387224 0.0566069 0.0934731 0.0279007 0.0490422 0.0980143 0.118689 0.22303 1 0.134753 0.202836 0.252522 0.854962 1 0.512134 0.404606 0.227516 0.0536009 0.114573 
1 0.946439 0.0116504 0.0535442 0.00318353 0.00265858 0.0260948 0.00809429 0.00670573 0.0160023 1 0.00341962 0.00240844 0.00408148 0.0353545 0.0550265 0.0226688 0.0128512 0.0157008 0.0916679 1 0.0177496 0.0318292 0.00802402 0.00363667 0.00336976 0.0038869 0.02906 0.0234548 0.922529 
0.765813 1 0.261655 0.0331926 0.0825271 0.00622688 0.0576823 0.00612241 0.00635226 0.0214807 1 0.00585408 0.00530975 0.0106041 0.0110303 0.01064 0.00860139 0.00601327 0.0122114 0.0163914 0.0167021 0.0057647 0.0207975 0.0434099 0.0195262 0.0364709 0.00495919 1 0.100193 0.833872 
0.217923 0.354068 0.0292213 0.00231221 0.00692413 0.0309711 1 0.0485439 0.0108736 0.0282965 0.298622 0.906729 1 0.224459 0.0295057 0.0394771 0.0655847 0.00393657 0.000278531 9.28436e-005 0.00907805 1 0.547643 0.18672 0.142114 0.255252 0.274366 0.312028 0.199456 0.0851638 
1 0.011687 0.00519974 0.00132057 0.00143612 0.0149389 0.203169 0.00787389 0.0016177 0.00110598 1 0.0240104 0.148218 0.0236442 0.00428303 0.00127376 0.000493583 0.000636882 0.000366207 0.000175143 0.0156219 0.0208803 0.00139509 0.0017017 0.00236091 0.00325009 0.00818654 0.0277944 0.0781861 1 
0.925348 0.0128113 0.00394933 0.00245629 0.0343881 1 0.599769 0.0520156 0.0500891 0.0788903 1 0.0554881 0.0307786 0.143171 0.28903 0.0871626 0.018496 0.00910352 0.00494191 0.00323681 0.0156279 0.0187961 0.0198928 0.0325961 0.0647048 0.141504 0.202675 0.14979 0.0999817 1 
1 0.0100099 5.16034e-005 3.36544e-006 5.3847e-005 0.00307937 0.278293 0.218042 0.504716 0.740185 1 0.134062 0.020781 0.108445 0.227068 0.221579 0.0367056 0.0157513 0.0182702 0.0044254 0.000127381 0.00160601 0.141121 0.486742 0.208461 0.049067 0.338261 1 0.273321 0.00339953 
0.927521 0.00577768 0.00322791 0.0136983 1 0.062578 0.00347203 0.00211577 0.0159497 0.0170075 1 0.0400616 0.026473 0.0239691 0.093816 0.335463 0.335203 0.0721943 0.0209697 0.00829399 0.0092745 0.0493247 0.144369 0.272461 0.261619 0.161376 0.0422969 0.0154662 0.0195418 1 
0.378806 1 0.783397 0.768811 0.229275 0.0477227 0.0147122 0.00219789 0.000662523 0.00500573 1 0.29466 0.0269061 0.0436755 0.0942324 0.0871181 0.0392185 0.0185585 0.0123176 0.00321836 0.217795 0.103294 0.0177478 0.0326196 0.125688 0.756638 1 0.528444 0.362029 0 
0.5615 0.16252 0.00984202 0.00721748 0.0918589 1 0.146621 0.00625852 0.00827739 0.0146873 1 0.00852036 0.00588631 0.00505308 0.00580567 0.00481118 0.0047843 0.00725709 0.0115576 0.0101062 0.000478054 0.00104574 0.00286833 0.00860498 0.0139831 0.0166721 0.0105172 0.0105172 0.124473 1 
1 0.266784 0.178046 0.0445519 0.0408908 0.542088 0.0497343 0.00640948 0.0074642 0.0195631 1 0.0904097 0.0430608 0.021453 0.0192542 0.0191897 0.0161204 0.02164 0.0178292 0.0480581 0.0339522 0.0150598 0.0131163 0.0134725 0.0168251 0.0577072 0.0686246 0.186509 0.240422 1 
1 0.00579472 0.00307102 0.0029979 0.00530116 0.0048076 0.0138927 0.00648935 0.00323554 0.00733023 1 0.00517011 0.00494774 0.0128975 0.00948781 0.00613372 0.00435475 0.00383589 0.00322437 0.00778297 0.0229515 0.0127798 0.0142143 0.0159531 0.0158226 0.0312106 0.0724625 0.369615 0.948794 1 
1 0.0192 0.0100104 0.0093297 0.0199207 0.029771 0.00626652 0.00540562 0.0254865 0.295087 1 0.0303533 0.0189453 0.0126302 0.0121937 0.0109714 0.02171 0.0860253 0.824981 0.0401024 0.000206941 0.00387276 0.0171761 0.0772778 0.130964 0.26051 0.331816 0.157423 0.118252 1 
0.970913 1 0.361747 0.0531658 0.147546 0.571115 0.680917 0.241223 0.194516 0.326508 0.75582 1 0.602373 0.564655 0.432585 0.333197 0.118341 0.0398075 0.0120131 0.00171616 0.0869919 0.28397 0.423564 0.51427 1 0.600549 0.673806 0.588645 0.748537 0.344966 
0.39686 0.0732387 0.0125065 0.00363967 0.0228448 0.217683 1 0.18723 0.0955608 0.313631 0.889267 1 0.611081 0.26875 0.0944131 0.0416119 0.0368165 0.0633717 0.0804909 0.00750251 0.621528 1 0.129168 0.101785 0.0896466 0.149768 0.470939 0.47151 0.634916 0.614923 
0.630909 1 0.00794616 0.000932458 0.00717587 0.00900024 0.00810833 0.00227033 0.000891916 0.00206762 1 0.0120198 0.00937428 0.00989188 0.00879917 0.0117897 0.0104095 0.430009 0.875719 0 0 0 5.06675e-005 0.000228004 0.000456008 0.000329339 0.000278672 0.00124135 0.040534 1 
1 0.0352424 0.00233438 0.00111053 0.00346758 0.0642069 0.833692 0.0876414 0.00929221 0.002765 1 0.392702 0.01182 0.00381341 0.00265831 0.00382924 0.00485775 0.00382924 0.000443052 0.000110763 0.000567413 0.170442 0.743267 0.0144472 0.00554319 0.00645978 0.00569595 0.0065689 0.01113 1 
0.169383 0.388114 0.136758 0.0134466 0.0201919 1 0.103884 0.0483195 0.0528311 0.0840595 1 0.898549 0.187907 0.139438 0.473812 0.789222 0.526643 0.0983611 0.0158735 0.00666445 0.0362955 0.0714604 0.207003 0.306727 0.301163 0.382441 0.693065 1 0.740963 0.344123 
0.67429 1 0.112417 0.0797271 0.147063 0.513072 0.264751 0.017259 0.00554753 0.0457193 1 0.206428 0.0732393 0.0341077 0.030574 0.0794309 0.25252 0.142008 0.112279 0.0818738 0.159331 0.133137 0.177401 0.204003 0.333846 0.464975 0.28817 0.630455 0.829595 1 
0.450067 0.0647463 0.0261487 0.00394315 0.0267801 0.00599216 0.212454 0.685787 0.74055 1 1 0.0916422 0.0161627 0.0053097 0.00295416 0.00244314 0.00388372 0.0138656 0.176057 0.00156712 0.0246169 0.454805 0.404208 0.0737711 0.0581854 0.0653989 0.156835 0.385566 1 0.443786 
0.170226 0.11728 0.0415563 0.00436545 0.0133009 0.0368619 1 0.0116471 0.00637481 0.00493447 0.557364 0.0447846 0.0827157 1 0.0144054 0.000150392 1.07423e-005 0 0 0 0 0.00138068 0.897425 1 0.0383645 0.0455993 0.0513061 0.196425 0.255831 0.425986 
1 0.0299474 0.00950426 0.00490157 0.259644 0.796924 0.273651 0.00988284 0.00282936 0.00472224 1 0.00567211 0.00236703 0.00211279 0.00184979 0.0029281 0.0082583 0.00325247 0.00420805 0.0117212 0.000495213 0.0187546 0.00702187 0.00551083 0.00504101 0.00589176 0.025713 0.026259 0.42968 1 
1 0.0454135 0.000801156 6.30831e-005 4.41582e-005 6.30831e-006 0.000227099 0.00242239 0.00248548 0.0202181 0.511712 0.33617 0.0546272 0.0546126 0.139815 0.0279339 0.0189145 0.0325457 0.30215 1 0 0.00722526 0.138903 0.202573 0.125291 0.0893111 0.237382 0.307014 0.152808 1 
0.326081 1 0.0215053 0.00106381 0.000908674 0.000687047 0.0178041 0.012293 0.00382678 0.00101949 0.577158 0.0139775 0.0110248 0.0114816 0.0136589 0.0282737 1 0.312657 0.0156345 0.00272966 0.00192747 0.0017792 0.00168036 0.0034991 0.00838201 0.0209254 0.214305 1 0.0842452 0.516611 
0.0703534 0.0880263 0.106144 0.13027 0.228987 1 0.0685726 0.0224969 0.0047169 0.0116542 1 0.727429 0.0946528 0.034229 0.0219807 0.0091786 0.00118731 0.000541365 0.000258379 9.22782e-005 0.00785075 0.0718397 0.0197495 0.0170609 0.17035 1 0.0336571 0.000924882 6.88285e-005 4.30178e-006 
0.94985 0.0161302 0.00916916 0.0101048 0.0293039 0.0370509 0.0605539 1 0.0733533 0.769573 1 0.0285246 0.0187714 0.0154638 0.0127781 0.0128064 0.0120996 0.0150114 0.0686117 0.403302 0 0 0.0011944 0.00846175 0.00928605 0.0123982 0.0293385 0.111063 1 0.156568 
1 0.982724 0.346979 0.152797 0.477232 0.299336 0.384851 0.163335 0.0830566 0.28321 1 0.457859 0.285742 0.162596 0.0845486 0.076147 0.0729853 0.0404981 0.0679408 0.0184906 0.656481 0.728329 0.681492 0.324937 0.0820233 0.0620263 0.0694293 0.102699 0.147412 1 
1 0.306232 0.0519571 0.00126675 0.0037297 0.0319645 0.0354187 0.00286616 0.0263801 0.113716 1 0.0774253 0.0816863 3.7138e-005 3.46621e-005 4.45656e-005 1.98069e-005 0 1.23793e-005 5.94208e-005 0.00961247 0.00183537 0.00113304 0.00111835 0.000907898 0.00173749 0.0176563 0.0437039 0.0683028 1 
0.821808 0.0324486 0.00727191 0.00437944 0.0143809 0.029271 0.0583994 1 0.0850834 0.098181 0.495177 1 0.122098 0.246865 0.0606539 0.0315115 0.0251565 0.00379792 0.000300825 1.88016e-005 0.174874 1 0.0146318 0.0289884 0.120044 0.0715072 0.104567 0.180577 0.0162838 0.365501 
1 0.0303726 0.0112293 0.010596 0.0887057 0.541167 0.730848 0.134064 0.0102821 0.0862274 1 0.265879 0.0146969 0.0040763 0.00192288 0.0018361 0.00330335 0.00809022 0.0010306 0.000583103 1 0.379948 0.00937873 0.0404515 0.131334 0.259149 0.283606 0.0814674 0 0 
1 0.208765 0.0455009 0.0155012 0.0247888 0.0117862 0.0535063 0.0492817 0.0771608 0.27917 1 0.231001 0.234436 0.136663 0.0978321 0.0915191 0.0845906 0.0459382 0.049591 0.0313865 1 0.559694 0.0107164 0.0159311 0.0234661 0.0235379 0.0205956 0.0204043 0.0222461 0.872479 
0.358327 5.63299e-005 0 0 0 0.000356756 0.0336853 0.140587 0.389715 1 0.476518 0.950563 0.802861 1 0.993947 0.352547 0.063342 0.0625873 0.192177 0.0225912 1 0.173925 0.0740193 0.106241 0.107719 0.195397 0.227121 0.133923 0.0119157 0.00561988 
0.604738 1 0.0186492 0.00205949 0.00723096 0.0119359 0.942147 0.577754 0.073675 0.257248 0.698056 1 0.671311 0.338077 0.101543 0.0468976 0.00470841 0.0018181 0.000937019 0.000298354 0.621908 1 0.216557 0.184811 0.270631 0.132258 0.223029 0.141858 0.369612 0.164317 
0.287143 1 0.0399957 0.0229866 0.0469514 0.434627 0.498587 0.14944 0.0300511 0.0478752 1 0.143479 0.0965419 0.0884968 0.102987 0.157881 0.174816 0.123389 0.0834741 0.0461819 0.465104 0.148005 0.129138 0.181498 0.249657 0.235947 0.225044 0.18326 1 0.255141 
0.233511 1 0.0330507 0.0127413 0.0111606 0.0184413 0.257412 0.658811 0.0220817 0.0183934 1 0.0424976 0.0271051 0.0465733 0.0698401 0.129471 0.201448 0.237456 0.06893 0.0104463 0.374733 0.0774024 0.113629 0.167756 0.304539 0.359888 0.157187 0.100373 1 0.23404 
1 0.0947613 0.00694493 0.00676867 0.0165691 0.0805894 0.129028 0.140556 0.582669 0.0749489 1 0.0262108 0.0637831 0.0857872 0.10869 0.516988 0.0792435 0.061518 0.0540754 0.0636393 1 0.0391085 0.0244872 0.0223224 0.0196962 0.0202285 0.0200866 0.018809 0.0286039 0.953723 
1 0.00358122 0.00216739 0.00348792 0.00589215 0.00342333 0.00378935 0.00207409 0.00241858 0.0094949 1 0.00287979 0.00134723 0.00108349 0.00135436 0.0011619 0.00168225 0.00243071 0.0042484 0.00558138 0.0223727 0.0028902 0.00155552 0.00166115 0.00137309 0.00371597 0.00953478 0.0396466 0.303778 1 
1 0.00339389 0.000212527 0.00109533 0.000871359 0.503646 0.751561 0.057701 0.0274928 0.0572122 0.407625 1 0.126069 0.0105829 0.0346494 0.190887 0.180947 0.146456 0.0631285 0.00594814 0.447235 0.0202751 0.212458 0.568295 0.11718 0.115775 0.643492 1 0.000429441 0 
1 0.0644745 0.0167634 0.00106631 0.00674503 0.0910331 0.974483 0.0592174 0.00582751 0.0122006 1 0.179049 0.299533 0.358675 0.0764946 0.00394852 0.0019209 0.000853734 0.000234777 4.26867e-005 0.0139522 0.531439 0.0638545 0.211259 0.149707 0.0629941 0.0217887 0.0165566 0.0212771 1 
0.872822 0.0453297 0.0101514 0.00219727 0.00582277 0.0333765 1 0.092615 0.0180835 0.00700929 1 0.0140426 0.00302273 0.00134476 0.00113055 0.000892538 0.00141616 0.00310603 0.0102463 0.0854338 0.00183167 0.00508963 0.0176711 0.113518 0.0148185 0.00632075 0.0209441 0.14284 0.103264 1 
0.294889 1 0.209329 0.122265 0.152873 0.0235928 0.023551 0.016327 0.008769 0.0408385 1 0.490958 0.255795 0.178125 0.133275 0.137417 0.171433 0.590377 0.403171 0.0637298 0.622532 0.467862 0.554044 0.556933 0.763601 1 0.833534 0.289841 0.07896 0.287675 
1 0.178829 0.0342637 0.0053432 0.0343758 0.0230542 0.754362 0.307701 0.00239136 0.0230169 1 0.496999 0.234545 0.154907 0.0486187 0.0243251 0.0115026 0.0048713 0.0031742 0.0014771 1 0.0174479 0.00590038 0.00486211 0.0047355 0.00597635 0.00668541 0.00757173 0.012054 0.536479 
0.0903817 1 0 0 0 0 0 0 0 0.00240398 0 0 1 0.337515 0.0704236 0.0142609 0.0115007 0.012662 0.0212735 0.0362693 0.00423357 0.025019 0.0351381 0.0164297 0.0113515 0.0138428 0.0163287 0.129589 0.221001 1 
0.835386 0.0172181 0.00396234 0.00302951 0.0122968 0.203317 1 0.208618 0.0146593 0.00655595 0.228979 0.0805663 0.0452441 0.185095 0.696731 0.895166 1 0.935957 0.768942 0.244241 1 0.221951 0.008188 0.0547071 0.165771 0.193654 0.294559 0.0951615 0.01461 0.0738566 
0.699111 0.00270814 0.00211185 0.00130438 1 0.0465602 0.00775175 0.0030684 0.0131432 0.018075 1 0.0330035 0.0161351 0.0100089 0.0104979 0.0155598 0.0322845 0.149185 0.77362 0.0329604 0.00270999 0.0112003 0.448791 0.565941 0.0116184 0.00893719 0.00838943 0.010076 0.0138382 1 
1 0.699022 0.0258515 0.0042004 0.00908813 0.0401329 0.0211929 0.011112 0.0206201 0.0303192 1 0.714689 0.808584 0.0326313 0.0160491 0.0121568 0.00826446 0.00426553 0.00149294 0.00058651 0.00063674 0.00841406 0.0162823 0.0161004 0.0167372 0.0436622 0.275299 1 0.0427071 0.79738 
0.673861 0.0954326 0.0147775 0.00756718 0.0321267 1 0.381866 0.197657 0.518001 0.555923 1 0.0586859 0.428107 0.0881674 0.067659 0.0350674 0.0216477 0.0130132 0.0116152 0.00686075 0.020712 0.0296324 0.0255354 0.0543847 0.0616481 0.107158 0.4351 0.78447 0.688604 1 
1 0.672332 0.0161874 0.0057508 0.0144409 0.0236848 0.00945687 0.0057508 0.0161874 0.0935037 1 0.0493008 0.257499 0.293879 0.0557864 0.233077 0.295602 0.00800567 0.00466153 0.00374949 0.00988983 0.0209582 0.290648 0.125339 0.0936715 0.452063 0.171099 0.0540097 0.0165001 1 
0.174915 0.674407 0.325426 0.0332566 1 0.0091075 0.0164141 0.00256248 0.000579135 0.00529948 1 0.0183606 0.00592412 0.00790655 0.0619277 0.159331 0.053331 0.00150072 0.000514134 0.000152851 0 0.000424213 0.0229538 0.202087 1 0.581202 0.155586 0.194189 0.0214574 0.00178169 
1 0.11261 0.0143527 0.00221213 0.00998063 0.00516163 0.332914 0.138694 0.0104499 0.117347 1 0.007237 0.014253 0.0381968 0.017959 0.0001243 4.60369e-006 4.60369e-006 0 0 0 3.13097e-005 0.000135675 0.0297129 0.034378 0.0939499 0.0388866 0.39685 0.84938 1 
1 0.0455987 0.0444793 0.208711 0.0462243 0.0192052 0.0445671 0.0809802 0.782037 0.072497 1 0.0781932 0.0864615 0.153358 0.259458 0.0991618 0.00402393 0.00470139 0.0120636 0.0343299 0.000695773 0.00447034 0.0443961 0.00524729 0.00539804 0.0109584 0.0145301 0.0347655 0.118102 1 
1 0.429623 0.370908 0.0120219 0.28573 0.219822 0.0168028 0.0111691 0.0114151 0.161697 0.181035 0.255061 0.581728 1 0.314437 0.111139 0.0731552 0.0721467 0.127945 0.416595 0.0762703 0.186967 0.750852 0.809185 1 0.844314 0.748321 0.0707399 0.00493058 0.00299931 
0.467842 0.212807 0.067085 0.0487601 0.0839857 0.212658 1 0.0835873 0.0558211 0.177253 1 0.36294 0.152721 0.164196 0.672055 0.143529 0.00629766 0.00681641 0.00186751 1.03751e-005 0.00168284 0.0638801 0.0376685 0.0681297 0.206531 1 0.890819 0.445308 0.610073 0.788982 
0.438983 1 0.0298746 0.00824369 0.0221946 0.0124947 0.0992766 0.291653 0.727418 0.880408 0.136573 0.373116 0.662195 1 0.771606 0.465931 0.148365 0.0806585 0.105568 0.16771 0.886003 1 0.0558331 0.0470455 0.043142 0.0861916 0.57807 0.029045 0.031191 0.00871351 
1 0.16269 0.0542275 0.1137 0.0882187 0.107444 0.256888 0.269434 0.356388 0.729986 1 0.156559 0.0354317 0.029685 0.0300401 0.0195941 0.00893028 0.00781138 0.00651346 0.0154736 0.000283389 0.0380604 0.0716605 0.0857314 0.0326144 0.0608978 0.227223 0.807412 1 0.412029 
0.0829585 1 0.000514214 0.00022674 0.000356306 0.00252653 0.813737 0.0313346 0.005296 0.00653497 0.0124928 0.0253643 0.0365842 0.368767 1 0.265999 0.0216513 0.0813335 0.408387 0.625086 0.0614844 0.654638 0.330939 0.08484 0.0245205 0.0943708 0.323693 1 0.0842297 0.00414963 
1 0.310528 0.0185247 0.00243551 0.0041699 0.00583047 0.935791 0.0500018 0.0751319 0.171482 1 0.0592712 0.025409 0.0267229 0.0202281 0.0137333 0.00803173 0.00589985 0.00818047 0.534259 2.58639e-005 0.00165529 0.0152079 0.0316315 0.031528 0.0448479 1 0.0835402 0.0289158 0.566651 
0.657815 0.0843232 0.118324 0.24821 1 0.0363194 0.00695544 0.00381987 0.00441226 0.00660818 1 0.445108 0.737337 0.430565 0.135929 0.0468752 0.015767 0.00467022 0.0026611 0.000997911 0.0217686 1 0.533582 0.0298545 0.0349156 0.035249 0.0368924 0.0185057 0.00908615 0.8065 
0 0 2.09965e-005 2.09965e-005 0.0989985 1 0.00100783 2.09965e-005 0 0.000146975 0.0983447 0.813623 0.272993 1 0.101531 0.0191644 0.00486855 0.00243427 0.00177038 0.000663893 0.0105875 0.0520815 0.110696 0.134709 0.173815 0.271806 0.544918 1 0.0609119 0.00126149 
0.157245 0.460946 0.0422248 0.000578005 0.0121124 1 0.23126 0.0151007 0.0054501 0.0108721 0.269848 0.692642 1 0.0729537 0.0228249 0.00912643 0.00398732 0.00159091 0.000838116 0.000326213 1 0.0300282 0.0150055 0.0293466 0.0333673 0.414177 0.872514 0.0566139 0.254553 0.142044 
0.602691 0.00923004 0.00587161 0.00629987 0.027059 0.0254587 0.00543209 0.00500383 0.0257968 1 1 0.0147571 0.00851558 0.00628992 0.00475776 0.00429005 0.00501581 0.00572544 0.0157087 0.828963 0.000638968 0.00129352 0.00216626 0.0048468 0.0247171 0.100552 0.317021 0.483418 0.433953 1 
1 0.0105288 0.00623087 0.00665106 0.0199052 0.0208416 0.00427397 0.00515037 0.0241431 0.766589 1 0.0148286 0.00991184 0.00753175 0.00620077 0.00699936 0.00793887 0.0135603 0.845278 0.51147 0.000438454 0.000350764 0.0002226 0.000161891 0.00100507 0.00318385 0.00503211 0.011076 0.0260172 1 
0.453049 0.0361584 0.0157547 0.00409549 0.0116961 0.0276722 1 0.0904697 0.0152013 0.0154595 0.691672 0.0802178 0.711436 1 0.101083 0.0836444 0.0706113 0.0134614 0.00391605 0.00226397 0.116449 1 0.316096 0.0223738 0.0167446 0.0313424 0.0682187 0.0388799 0.0146455 0.533918 
0.145341 0.0196497 0.00729148 0.00702142 0.194414 1 0.189913 0.0294488 0.0256295 0.0157661 0.766196 1 0.264868 0.113124 0.058737 0.0536108 0.0483416 0.0425823 0.0555306 0.0094355 0.211143 0.110147 0.0676958 0.0684541 0.132678 0.136588 0.122112 0.127707 0.165406 1 
1 0.0208283 0.00623053 0.00461299 0.0102245 0.441449 0.00744868 0.00515217 0.0057912 0.00846713 1 0.0151535 0.0107432 0.0129483 0.0265375 0.316999 0.0399947 0.00273291 0.000226172 1.88477e-005 0 0 0 9.04486e-005 0.00168234 0.00573444 0.00864689 0.0131151 0.338766 1 
1 0.049358 0.0173873 0.00964251 0.0222256 0.0917748 0.0437503 0.0147886 0.0129422 0.0310646 1 0.0133091 0.0207965 0.0298487 0.0407349 0.0555584 0.0536402 0.0447899 0.0118621 0.00146383 0 0.000917141 0.0206673 0.0251739 0.0241777 0.0222802 0.0209361 0.029475 0.0522138 1 
1 0.670229 0.0358148 0.210384 0.227394 0.00803576 0.0122707 0.00339027 0.00167754 0.0303716 1 0.189291 0.277301 0.0327833 0.0522145 0.179277 0.540884 0.254193 0.0127551 0.00198111 0.28132 0.86935 0.557629 0.612776 0.408557 0.02959 0.0492531 0.66222 1 0.0036033 
1 0.161789 0.0526546 0.00636664 0.0175151 0.111567 0.267973 0.081728 0.0215318 0.106348 1 0.233039 0.120776 0.263185 0.21163 0.156138 0.0665323 0.0199693 0.0220174 0.00681644 1 0.616972 0.601807 0.446756 0.122566 0.361067 0.664374 0.423386 0.916301 0.389161 
1 0.0727439 0.00288164 0.00400619 0.140498 0.35887 0.50998 0.22041 0.171704 0.330264 1 0.462929 0.598071 0.427378 0.173655 0.119113 0.199711 0.0484655 0.0079763 0.00106351 0.00129716 0.0758837 0.410334 0.910929 0.801427 1 0.64112 0.319533 0.116852 0.0464815 
1 0.0195916 0.00324762 0.000995467 0.00261928 0.00442665 0.653923 0.00426427 0.00174383 0.00360063 1 0.0097071 0.0370417 0.108931 0.0430489 0.199481 0.261381 0.0151445 0.00157565 0.00667539 0.000209311 0.0142331 0.0821719 0.456053 0.104943 0.00620956 0.00239835 0.00886955 0.41802 1 
0.366976 1 0.604571 0.0101811 0.0125924 0.0140124 0.358992 0.0930768 0 0.00718037 1 0.376696 0.163374 0.033759 0.0155335 0.0338681 0.0324493 0.00307396 0.00965841 0.00112772 1 0.00818958 0.00969571 0.0167792 0.0197915 0.0285223 0.0569035 0.0924858 0.222295 0.712753 
1 0.22508 0.0590351 0.0118749 0.0375925 0.0351496 0.282826 0.233494 0.15322 0.308679 1 0.0586022 0.0312374 0.0259033 0.0382522 0.0447189 0.014066 0.0122758 0.0145044 0.0139564 0.00513094 0.0431132 0.0510428 0.0418471 0.0391151 0.0664357 0.13627 0.399147 0.522623 1 
0.866818 0.0380449 0.0118829 0.00919338 0.0221277 0.0459669 0.0289005 0.00569696 0.0276535 1 1 0.0691123 0.236208 0.0988407 0.0585676 0.614737 0.566397 0.0183262 0.00505002 0.00190567 0.000337382 0.00106405 0.00573549 0.0151303 0.0237984 0.0628049 0.349813 0.631761 0.0921572 1 
0.0622636 0.412184 0.00059843 3.06887e-005 0.000448823 0.0417022 1 0.0717733 0.0196983 0.0293116 0.00545143 0.0282483 0.214506 0.181384 0.314072 1 0.0691923 0.0176127 0.00691664 0.00195217 0.0193899 1 0.0338956 0.0328234 0.019008 0.00816031 0.0102205 0.0193899 0.260454 0.0927731 
1 0.000759838 0.000594912 0.00174939 0.00742756 0.000683265 0.000930654 0.000671485 0.000977776 0.0111031 1 0.00157907 0.000898945 0.000461301 0.000449473 0.00101131 0.00120648 0.00172101 0.00380869 0.00483183 1 0.102244 0.0203101 0.00728592 0.0208327 0.00593928 0.00473334 0.00685379 0.0166923 0.563729 
1 0.483478 0.00642697 0.00241853 0.0041297 0.0283689 0.0111158 0.00560507 0.00512002 0.0162897 1 0.00391137 0.00185229 0.00126713 0.00103394 0.00113073 0.00114393 0.0017379 0.00242426 0.00473412 0.00326483 0.00367723 0.00141762 0.00134889 0.00219946 0.00488006 0.0129219 1 0.651205 0.31235 
1 0.00489506 0.00449589 0.0272695 0.0170382 0.016576 0.843295 0.149205 0.00636568 0.0191391 1 0.400552 0.462278 0.0733013 0.0281136 0.019834 0.0128519 0.00694087 0.00667312 0.00440755 1 0.0289639 0.00347775 0.00159181 0.000865112 0.00103813 0.000934321 0.00211087 0.0053983 0.675462 
0.837182 0.018212 0.00471698 0.000935679 0.00565266 0.0188293 0.00133117 0.000723463 0.0175368 1 1 0.0651266 0.0361056 0.0343724 0.0485161 0.216621 0.967842 0.0975255 0.0173064 0.00689472 0.861075 0.521926 0.0251604 0.0203585 0.0201601 0.0289966 0.052768 0.066552 0.0156095 1 
0.100572 1 0.11176 0.00302266 0.000768282 0.00125056 0.00637057 0.00306191 0.0025572 0.0408255 1 0.0130965 0.00639563 0.0054283 0.00502446 0.00459715 0.00550813 0.00529682 0.00634397 0.00765879 0.000607148 0.0061621 0.0128679 0.0140641 0.0129676 0.0134479 0.0193381 1 0.708288 0.26478 
0.302907 0.161444 0.717763 0.10138 0.0393939 0.0802168 0.0328899 0.00465632 0.0258684 1 0.312721 0.532057 0.854761 0.765544 0.405961 0.194912 0.117519 0.436298 1 0.22268 0.117919 0.242515 0.418973 0.484273 0.341704 0.25885 0.226347 0.389451 0.724226 1 
0.463433 1 0.205028 0.0520061 0.0679533 0.0561706 0.303657 0.0893855 0.0592179 0.115541 1 0.922265 0.227481 0.247809 0.259195 0.0878092 0.0367809 0.0112072 0.0071535 0.00405365 0.186186 0.211808 0.14586 0.164352 0.307538 0.620795 1 0.383736 0.187449 0.319941 
1 0.140903 0.331478 0.434425 0.0870971 0.0545483 0.0300573 0.00710348 0.0207273 0.0141009 1 0.0498425 0.068651 0.057695 0.0402502 0.057695 0.106456 0.214276 0.0587295 0.117976 0.78783 0.0763956 0.0215371 0.0146289 0.0130035 0.0119368 0.0206227 0.0389089 0.0469345 1 
1 0.0884148 0.0265917 0.0151349 0.0692418 0.380674 0.69785 0.057159 0.0467351 0.39163 1 0.064281 0.047387 0.0585147 0.0891473 0.262541 0.685799 0.208313 0.0318752 0.0106111 0.0384402 0.111544 0.106539 0.0731169 0.0209038 0.0731566 0.330802 0.351297 0.234154 1 
0.612734 1 0.207717 0.0469107 0.0262576 0.101204 0.0970957 0.0110917 0.00304695 0.0116432 1 0.127558 0.0216828 0.0273709 0.0272063 0.0387235 0.0630681 0.0795976 0.0957627 0.0739331 0.522183 0.199394 0.0128151 0.00653412 0.00788624 0.0241782 0.0395511 0.0797615 0.153855 1 
1 0.0122136 0.00405161 0.00252923 0.0121583 0.118081 0.0269219 0.00322122 0.000986087 0.511413 1 0.165783 0.227621 0.108948 0.0497671 0.020837 0.0109309 0.00326153 0.00477898 0.00301191 1 0.0519553 0.0056818 0.0231387 0.0275579 0.0291602 0.0329161 0.0550799 0.0892106 0.63877 
1 0.294716 0.0438043 0.0176341 0.0450289 0.021207 0.164109 0.233371 0.0857285 0.554357 1 0.975355 0.787326 0.443085 0.188689 0.0709794 0.00367748 6.09527e-005 0 0 0.0007594 1 0.318432 0.0593171 0.00882331 0.00728772 0.00820656 0.0038893 0.00267678 0.023382 
1 0.301183 0.0455606 0.0514242 0.415502 0.555265 0.758373 0.0440198 0.0104432 0.0973057 1 0.454621 0.343433 0.249923 0.118612 0.0584633 0.0253341 0.0148787 0.0187144 0.0427339 0.416592 0.873041 0.862472 1 0.500712 0.338999 0.109399 0.125932 0.210317 0.639168 
1 0.0943366 0.0328127 0.0103351 0.0164527 0.0239144 0.208857 0.294318 0.114288 0.29024 1 0.0105307 0.00280216 0.00135589 0.000723139 0.000553654 0.000158187 3.38972e-005 3.38972e-005 0.000282476 0.00240087 0.00148766 0.00864608 0.00817475 0.0206063 0.0336417 0.0345549 0.0498291 0.166294 1 
1 0.0021077 0.00111734 0.00474868 0.00245476 0.000821074 0.00219235 0.00126124 0.00191302 0.0143815 1 0.00340065 0.00212 0.00192098 0.00178253 0.00281225 0.00389388 0.00288147 0.00345257 0.00486302 1 0.0133534 0.00534957 0.0040498 0.00314681 0.00331099 0.00253113 0.0029279 0.00430976 0.627459 
0.377825 0.0568236 0.00641856 0.00240465 0.00906367 0.163978 1 0.173449 0.0867707 0.34294 0.920291 1 0.566201 0.225745 0.0785495 0.0385313 0.0430926 0.0742402 0.0646389 0.00995413 0.628315 1 0.137858 0.111123 0.0911354 0.155248 0.482772 0.478695 0.630155 0.614172 
0.0646494 0.412136 0.00133084 0.000238473 0.000938508 0.0419483 1 0.0718036 0.0200433 0.0293015 0.00620804 0.0342939 0.211108 0.192379 0.326129 1 0.0725415 0.0236214 0.00875289 0.003082 0.0259561 1 0.0348057 0.0321205 0.0193894 0.00865202 0.0103457 0.0202257 0.260753 0.0944453 
1 0.145726 0.0520256 0.00594579 0.0127024 0.113673 0.25848 0.090484 0.019486 0.108997 1 0.224292 0.113019 0.270281 0.207312 0.149867 0.0707757 0.019741 0.0238035 0.00637933 1 0.626831 0.611265 0.450582 0.125785 0.364884 0.668759 0.429743 0.921751 0.397523 
0.55597 0.0156989 0.0081857 0.00932969 0.0243793 0.0142767 0.00962341 0.00813932 0.0144158 1 0.712606 0.0188457 0.0108196 0.00928537 0.00830096 0.00693521 0.011068 0.124071 1 0.00227922 0 0.000106674 0.00124008 0.0114141 0.0586972 0.784652 0.913488 0.0439363 0.0501233 1 
0.266996 0.669827 0.842001 0.245661 1 0.13427 0.0583481 0.00546074 0.00668345 0.0295419 1 0.00725981 0.00282924 0.00192092 0.00202857 0.00351889 0.00462905 0.0057224 0.00850118 0.0142471 0.00676947 0.00824832 0.00982206 0.016291 0.110621 0.679225 1 0.454607 0.155389 0.0461447 
0.0125063 0.0163789 0.0649759 0.118382 0.361113 1 0.0609923 0.0612938 0.161075 0.0478035 1 0.433019 0.309932 0.217548 0.256274 0.519394 0.474689 0.185296 0.103848 0.106388 0.35517 0.596281 1 0.394888 0.237766 0.363223 0.230802 0.236598 0.416323 0.83712 
1 0.0460423 0.00747866 0.00185539 0.00904861 0.00899152 0.0282305 0.0121885 0.00345389 0.0244912 1 0.0925443 0.0580573 0.0442253 0.0655006 0.169582 0.95348 0.016065 0.0151966 0.00793946 1 0.204894 0.065739 0.0331094 0.0256118 0.0286108 0.0654391 0.0966291 0.367802 0.511396 
1 0.00496893 0.00936891 0.447955 0.335293 0.00134275 0.000288274 0.000159309 0.00029586 0.530796 0.122314 0.665882 0.004106 0.00379528 0.00744999 0.155703 1 0.31108 0.00238222 1.47964e-005 0.000222974 0.0122636 1 0.703299 0.234927 0.0072612 0.0212989 0.627119 0.371688 7.75562e-005 
0.541379 1 0.0134303 0.00236159 0.0131428 0.0179686 0.0274561 0.00486693 0.00486693 0.00636603 0.535714 1 0.0178275 0.00648273 0.00227291 0.000770812 0.000474346 0.000197644 0.000533639 0.00067199 0.0138889 0.00319972 0.00485232 0.0472222 0.0386779 0.0477145 0.111076 0.818671 1 0.70879 
0.289218 0.00591982 0.00189985 0.00119314 0.019384 1 0.201861 0.00190903 0.00237711 0.00602996 0.79055 0.0478161 0.0904268 0.218309 0.576112 1 0.0471154 0.0059061 0.00241917 0.000617305 0.0225085 1 0.0182494 0.0102537 0.00760614 0.00928853 0.00994377 0.011272 0.0187453 0.368026 
0.408222 0.24162 0.166328 0.0135834 0.494534 0.0585685 0.118549 0.056912 0.0287225 1 1 0.128992 0.04475 0.0274995 0.0168849 0.0102631 0.00722636 0.00790119 0.0113105 0.00679053 1 0.432142 0.0444404 0.0518219 0.0619165 0.0778162 0.0687068 0.0341488 0.826786 0.124424 
1 0.0659558 0.0153112 0.0108229 0.00226007 0.0014006 0.597103 0.0475569 0.0176986 0.060035 0.0594434 0.0992561 0.0692244 0.0859623 1 0.234605 0.0569638 0.0461496 0.0328558 0.11806 1 0.0189942 0.0114132 0.44703 0.0916109 0.00821971 0.00552609 0.00297131 0.000333232 0 
0.244897 0.320888 0.128929 0.0441363 0.121752 1 0.0167252 0.00226056 0.00160504 0.00822766 1 0.776836 0.0663295 0.0766564 0.104989 0.155051 0.235864 0.251506 0.317808 0.30554 1 0.278167 0.359208 0.424763 0.468053 0.377287 0.457032 0.582477 0.248693 0.00258107 
0.00232032 0.0824639 0.00873904 0.107756 1 0.0776425 0.0116815 0.000260616 0.000100884 0.000344686 1 0.0316653 0.0830597 0.0201476 0.00590268 0.00321285 0.00176707 0.000978799 0.000463248 0.000168114 0.00880687 0.0344225 0.0116391 0.0103274 0.0317989 0.189219 1 0.542448 0.00307078 0 
1 0.00648106 0.0103543 9.57382e-005 3.74628e-005 0.000137364 0.00011447 3.1219e-005 0.00256828 0 1 0.0013508 0 0 0 0 0 0 0 0 0 0 0 0 0 0 0.0012472 0.0300674 0.0859248 1 
0.536639 1 0.203689 0.305633 0.265145 0.193767 0.426622 0.0353644 0.0175447 0.0826752 0.871015 1 0.473823 0.49818 0.314642 0.255729 0.264968 0.287925 0.288525 0.261569 1 0.586451 0.298151 0.189373 0.154278 0.153854 0.309991 0.598356 0.332985 0.379301 
1 0.10724 0.0677011 0.0141642 0.132199 0.386364 0.255621 0.0181992 0.0139562 0.041203 1 0.0275578 0.0115988 0.00853818 0.00565974 0.00761514 0.00961912 0.0113802 0.0204163 0.045375 0.0713557 0.0548697 0.0140208 0.00828149 0.00858964 0.02028 0.100283 0.229378 0.378811 1 
0.186997 1 0.0830779 0.131044 0.125029 0.129664 0.450502 0.0501494 0.0142901 0.0237721 0.862258 1 0.567469 0.433625 0.55154 0.453309 0.3033 0.259034 0.300019 0.259699 1 0.480889 0.169312 0.151228 0.196083 0.223604 0.298389 0.464345 0.87657 0.663113 
1 0.144811 0.00782826 0.00217385 0.0163972 0.0192756 0.0917171 0.0553398 0.0245868 0.0925421 1 0.00817811 0.00284511 0.00400187 0.00532874 0.00378498 0.0025942 0.000327464 0.00010632 8.08029e-005 0.000663871 0.00135347 0.00171371 0.00444639 0.0158557 0.0173121 0.0204102 0.0363997 0.145033 1 
1 0.110756 0.0311688 0.002294 0.01406 0.00605321 0.307293 0.135546 0.018463 0.106797 1 0.00916323 0.0167677 0.0366944 0.0165141 0.000470382 1.38348e-005 0 4.61159e-006 0 0 5.2111e-005 0.00080251 0.0288591 0.0378847 0.0898707 0.0388331 0.397294 0.846366 1 
0.614347 0.0336421 0.0132788 0.00220682 0.0173514 0.238715 1 0.0102764 0.00527552 0.0026425 1 0.179566 0.00267651 0.00260623 0.00359015 0.003637 0.0038947 0.00107177 0.000486105 0.000240124 0.000105488 0.00046151 0.00139112 0.00258446 0.00362615 0.00566339 0.0221393 0.0647433 0.248147 1 
0.0955124 0.245698 1 0.0792647 0.00850963 0.0235417 0.0715491 0.0190827 0.0377169 0.448516 0.26407 0.206999 0.293935 0.640652 1 0.743032 0.366935 0.38316 0.292248 0.0919412 0.143445 1 0.933766 0.575359 0.374095 0.35484 0.228966 0.171688 0.190551 0.816213 
0.0315653 0.0338725 0.00608723 0.00728995 0.0431997 1 0.616995 0.0294298 0.0116099 0.0437643 1 0.101287 0.0934261 0.312655 0.206784 0.0315506 0.0345085 0.0389586 0.0320036 0.0310976 0.0652356 0.0266719 0.0246216 0.0359072 0.0406853 0.00754159 0.00499207 0.00422543 0.114871 1 
0.423261 0.0112678 0.00063275 0.00020686 0.00187391 1 0.494372 0.0256872 0.132914 0.168518 0.500382 1 0.751392 0.0455006 0.0135614 0.00626775 0.00342787 0.00137615 0.000287741 5.00419e-005 0.00111817 0.0340356 0.0583608 0.325487 0.944778 1 0.896128 0.372214 0.00547316 0.00382533 
0.519584 0.413275 0.00344856 0.000892645 0.00830995 1 0.0233501 0.00165043 0.000250454 0.00204859 1 0.994796 0.65299 0.0396888 0.0023568 0.000639577 0.000315408 0.000210272 9.63746e-005 4.38066e-005 0.00107756 0.0138104 0.0709982 0.896697 0.652178 0.091197 0.62657 1 0.0251468 0.000153938 
0.25329 1 0.0242714 0.000750663 0.00198509 0.00230203 0.0110598 0.00312776 0.00404524 0.00306938 1 0.756 0.110508 0.215079 0.175663 0.128728 0.0632717 0.0185842 0.00522383 0.000965618 0 0.000369065 0.00563778 0.0323759 0.1982 0.239039 0.0686206 0.0581341 0.387136 1 
0.740237 0.386935 0.047555 0.00237879 0.0138797 0.0508233 1 0.183353 0.0103632 0.048672 1 0.0633191 0.16857 0.300893 0.165658 0.116129 0.0482832 0.0181589 0.0335807 0.14806 0.731658 0.69911 0.180895 0.287989 0.17164 0.217325 0.187208 0.67715 0.556488 1 
1 0.0160527 0.00795729 0.0363624 0.0529351 0.0261408 0.248038 0.0703224 0.121269 0.431001 0.838169 1 0.299362 0.105939 0.13495 0.170865 0.119576 0.0446294 0.0120757 0.00225521 0.00565654 0.235421 0.402337 0.26854 0.210022 0.871971 1 0.18759 0.0729537 0.000514231 
0.209584 0.0693593 0.00278204 0.000958184 0.00855757 0.0455368 1 0.0187209 0.0128793 0.0404816 0.162205 0.0658374 0.0931304 0.115959 0.205866 0.138867 1 0.845079 0.121846 0.0165246 0.0475263 0.116256 0.144958 0.411033 0.560662 0.733942 1 0.23065 0.345647 0.0845544 
0.0966441 1 0.487453 0.00939896 0.0314425 0.00063856 0.00560982 0.00121379 0.000369415 0.0107869 1 0.00404333 0.0029738 0.00149342 0.000929313 0.00144777 0.00138908 0.0018358 0.000606499 0.000326075 0.00155306 0.00791118 0.00743067 0.00429881 0.00911244 0.140102 0.706806 1 0.64283 0.152217 
0.146509 0.0400037 0.00354521 0.000994945 0.00296196 0.00691887 1 0.0683653 0.0127513 0.0642712 0.652551 0.0356423 0.0206551 0.0158228 0.0151144 0.075481 1 0.258815 0.0572238 0.00721202 0 0.0136809 0.453948 0.957503 0.831735 0.950232 1 0.681299 0.756867 0.695626 
0.647187 0.262576 0.0764501 0.0481928 0.126196 0.566638 1 0.165756 0.0633462 0.0718544 1 0.525614 0.63779 0.375084 0.283626 0.178021 0.137723 0.0488802 0.0315811 0.0130079 0.269904 0.713269 0.570186 0.519932 0.419424 0.669904 0.594466 0.449915 0.299492 1 
0.16753 0.0139293 0.0061618 0.00693202 0.204828 1 0.19535 0.0234853 0.0231198 0.017911 0.7026 1 0.25581 0.109024 0.0572742 0.0525194 0.0458707 0.0414513 0.0482776 0.00968709 0.208039 0.109516 0.0686956 0.0684768 0.133166 0.137576 0.125962 0.124379 0.163668 1 
1 0.222157 0.015434 0.002916 0.006561 0.0260357 0.00958114 0.0121847 0.165587 0.414113 1 0.00842576 0.00415785 0.0047693 0.00947746 0.0132562 0.0463111 0.00986878 0.00141856 0.000843799 0.000565509 0.00784001 0.00694034 0.0117729 0.0116701 0.0333907 0.0661132 0.775287 0.399866 1 
1 0.0363678 0.0214714 0.00891482 0.0116955 0.00670259 0.0242232 0.0966911 0.357318 0.110294 1 0.0111991 0.00797845 0.00591141 0.00538422 0.00615414 0.00586183 0.00227844 0.00158943 0.00193915 1 0.0246045 0.0134248 0.0140152 0.0146638 0.0207172 0.0440245 0.167692 0.304031 0.0859329 
0.198583 0.0786465 0.138823 0.14306 1 0.413178 0.080415 0.0132496 0.00536226 0.031975 1 0.102036 0.0871197 0.061938 0.0410227 0.0289889 0.0177385 0.00875298 0.00473762 0.00171999 0.121369 0.134715 0.0189898 0.00928356 0.0128798 0.0218668 0.0303421 0.0428883 0.256759 1 
0.0069446 1 0.245934 0.0151752 0.0048208 0.0896478 0.219177 0.241077 0.0201283 0.00263821 0.0313002 0.504196 1 0.253766 0.144715 0.217678 0.161884 0.0597837 0.0112954 0.00387407 0.140947 0.285226 0.22546 0.0621079 0.030621 0.0598652 0.153105 0.374946 1 0.455984 
0.35643 0.0149171 0.00143226 0.000743153 0.00309422 1 0.0840573 0.00926914 0.0138767 0.0295099 0.0343902 0.0850423 1 0.911668 0.159282 0.212478 0.132848 0.0579548 0.00695271 0.00310305 0.00920722 0.0640438 0.636185 1 0.152363 0.107769 0.0779286 0.0134041 0.00380861 0.00599024 
1 0.442605 0.0593062 0.0217224 0.0390246 0.0958277 0.292318 0.340281 0.150018 0.230936 0.368886 1 0.598018 0.984146 0.646492 0.508264 0.144352 0.0527348 0.0203329 0.00648038 0.452934 1 0.39462 0.53693 0.957417 0.555298 0.586003 0.440826 0.0788828 0.0151345 
1 0.107024 0.0310538 0.0143682 0.0129777 0.0323179 0.0907597 0.159398 0.066279 0.171238 1 0.175207 0.14041 0.130016 0.0542146 0.0038072 0.00239854 0.00038072 0.000609153 0.00769055 0.121412 0.443337 0.315846 0.0487025 0.0663157 0.105303 0.130438 0.142159 0.133697 1 
1 0.0502696 0.0112887 0.004742 0.00415747 0.106173 0.485767 0.0951615 0.0840847 0.155112 0.491356 0.989509 1 0.691557 0.37016 0.155007 0.0773903 0.0423622 0.0293789 0.0154328 0.0628058 0.679616 1 0.790485 0.821093 0.578661 0.470588 0.270542 0.434599 0.680336 
1 0.21887 0.159523 0.130188 0.456111 0.630778 0.190649 0.0371483 0.0144331 0.061833 1 0.0763828 0.0735129 0.0538295 0.0349297 0.0493359 0.0631284 0.0531215 0.0624109 0.0726632 0.987097 0.127489 0.0922303 0.0754596 0.135241 0.213805 0.157874 0.229691 1 0.0959244 
1 0.75283 0.0616133 0.0158085 0.0153037 0.0194484 0.0162867 0.00874117 0.010787 0.0254264 1 0.021756 0.0107063 0.00766015 0.00725698 0.00488278 0.00689861 0.00651038 0.00785426 0.00710766 0.002283 0.00955728 0.016563 0.0173016 0.0339317 0.0378486 0.0313129 0.0466001 0.427324 1 
0.0744833 1 0.0467584 0.0117346 0.00305468 0.00230415 0.0106501 0.00173749 0.00135472 0.000746784 0.168298 0.26491 1 0.409061 0.128838 0.0789127 0.0848295 0.0618828 0.0264328 0.00746698 0.000681663 0.339431 0.442805 0.177675 0.194182 0.903259 0.948654 0.954789 1 0.698171 
0.386381 0.604092 0.339713 0.0118606 0.117769 0.0259079 1 0.0166862 0.00254841 0.00988851 1 0.0348724 0.00892456 0.00495513 0.00328439 0.00232153 0.00198281 0.00159843 0.00620343 0.296836 0.00600723 0.00858056 0.0171401 0.174306 0.32235 0.280661 1 0.0584267 0.000835387 2.09896e-005 
1 0.68034 0.136957 0.00473789 0.186662 0.0081597 0.0800914 0.0213942 0.0130029 0.0268586 1 0.0128212 0.0244529 0.094818 0.189213 0.193141 0.0821724 0.028237 0.00947621 0.00162062 0.0151238 0.368959 0.346609 0.285011 0.0456539 0.0177072 0.0171421 0.0801803 0.581741 1 
0.208377 1 0.0968015 0.0524077 0.03405 0.102062 0.0468121 0.00506602 0.00746664 0.0717892 1 0.39951 0.0574026 0.0309037 0.0191871 0.0158395 0.0210899 0.0264108 0.022429 0.0176366 0.0156434 0.0350283 0.0388412 0.0410149 0.0697716 0.159783 0.238998 0.80444 0.876599 1 
0.0492855 1 0.496443 0.611181 0.763904 0.438393 0.465222 0.0274679 0.00715567 0.00748562 1 0.500618 0.0944375 0.1387 0.224477 0.0691953 0.0165045 0.00770062 0.00552724 0.00264778 0.036951 0.17742 0.301711 0.25642 0.0240676 0.0424824 0.133412 0.485044 1 0.793692 
0.117963 0.0934242 0.361852 0.585488 0.862457 0.0850788 1 0.0280076 0.00727886 0.0392003 1 0.0354419 0.0167677 0.0239919 0.163398 0.299185 0.0420967 0.0121605 0.00587129 0.00197451 0.330813 0.747189 0.125149 0.0945213 0.755341 1 0.388169 0.0460783 0.00517286 0.00010232 
1 0.232254 0.0245556 0.00193329 0.00222184 0.00594414 0.0634522 0.159193 0.0586046 0.131204 0.479455 0.165093 0.367595 0.789035 1 0.986753 0.821783 0.665522 0.659634 0.482399 0.441288 1 0.873462 0.766672 0.440377 0.210163 0.154945 0.19406 0.204694 0.134817 
0.526271 1 0.112561 0.0268707 0.349434 0.614311 0.286489 0.0360577 0.0688777 0.0622709 1 0.0854347 0.0157799 0.0407187 0.0135318 6.15923e-006 0 0 0 0 0 0 0 0.00985014 0.0931494 0.249212 0.128533 0.233637 1 0.54189 
0.177166 0.317979 1 0.760693 0.689697 0.0537398 0.293155 0.00382155 0.00167802 0.0277901 1 0.0292118 0.0212506 0.0264512 0.0556476 0.0434972 0.00535511 0.00176831 0.00110423 0.000447868 0.0503342 0.183942 0.0666415 0.115208 0.764606 1 0.134129 0.00543827 3.02126e-005 0 
1 0.122174 0.0222048 0.0148759 0.0474022 0.0236618 0.0337041 0.0134188 0.0114383 0.106094 1 0.0958039 0.0734141 0.0756425 0.0662973 0.0381648 0.0169024 0.0101732 0.00833231 0.00656191 0.39047 0.085966 0.0595387 0.0633944 0.0737515 0.0954646 0.124678 0.161969 0.194672 1 
0.0264023 1 0.0508521 0.00639447 0.00907375 0.0611624 0.0486284 0.0076636 0.000319995 0.00561347 1 0.128175 0.0194355 0.00759959 0.0021595 0.00056829 0.000175653 7.23279e-005 8.26604e-005 2.06651e-005 0.00107997 0.0188995 0.0432853 0.0257033 0.0362223 0.0613316 0.313203 1 0.113213 0.808618 
1 0.21344 0.0988123 0.0152671 0.061936 0.356967 0.357535 0.107498 0.0442158 0.237323 1 0.300331 0.297115 0.12893 0.0591361 0.0559279 0.0461104 0.0162339 0.00819792 0.00480461 0.413158 0.814065 0.0730199 0.0506515 0.0764435 0.146461 0.232524 0.24001 0.14733 1 
0.730098 1 0.00866939 0.00295828 0.00616308 0.780327 0.0125521 0.00213653 0.00137642 0.00312262 1 0.566135 0.0687021 0.0522403 0.535825 0.0732996 0.00226165 0.000166843 5.56143e-005 3.70762e-005 0.000729395 0.00689609 0.00242026 0.00619985 0.0694251 0.52044 0.0293581 0.0211359 0.398962 1 
0.30864 0.075531 0.00943404 0.00363106 0.011346 1 0.734077 0.0499962 0.0433966 0.057468 1 0.709236 0.53741 0.457872 0.275117 0.288179 0.152377 0.00829391 0.00220836 0.000589734 0.016948 0.788464 1 0.491817 0.599038 0.628075 0.677431 0.854187 0.588669 0.713768 
0.157368 1 0.0189447 0.0181147 0.0550845 0.0663122 0.00720102 0.00483433 0.00482312 0.0133028 0.116736 0.222969 1 0.257401 0.0538463 0.027236 0.0226917 0.0186838 0.0172684 0.0309162 0.0213365 0.0245199 0.0452937 0.0269038 0.0536447 0.290611 1 0.130921 0.0573908 0.126183 
1 0.24759 0.0281537 0.0160106 0.0157097 0.00164087 0.00537572 0.0144054 0.017713 0.11368 1 0.148787 0.0828939 0.0746481 0.0788378 0.164957 0.308401 0.286246 0.0842839 0.00184011 0.00251909 0.0549146 0.252375 0.613782 0.507427 0.2376 0.178871 0.235468 0.480096 1 
0.272681 0.132751 0.0967585 0.0656819 0.205612 1 0.800083 0.0441205 0.0300058 0.257982 0.435726 1 0.376841 0.0634573 0.0288056 0.0230576 0.010451 0.00377217 0.00275972 0.0012084 0.0632248 0.253508 0.526291 0.458936 0.24027 0.201589 0.283294 0.077363 0.0567646 1 
1 0.337754 0.0815075 0.0337015 0.0431648 0.822978 0.391158 0.0987764 0.100502 0.52616 0.98656 1 0.862805 0.730403 0.276897 0.0888893 0.0400644 0.0165271 0.00777539 0.000826795 0 0.610728 0.856662 0.452765 0.311315 0.284183 0.289736 0.346533 0.378314 1 
0.363726 0.133977 0.00152343 0.000903155 0.00130872 0.0276297 1 0.00569839 0.00116558 0.00283897 0.503734 0.34948 1 0.483249 0.00835341 0.00274283 0.00122309 0.000395551 0.000260231 8.32739e-005 0.00570808 0.920158 1 0.0187496 0.018522 0.0837944 0.285515 0.492507 0.0982141 0.0121378 
0.475253 1 0.187367 0.0129793 0.00307764 0 0.00468128 0.00336425 0.000736995 0.0105772 1 0.161555 0.217114 0.42784 0.349465 0.487657 0.652923 0.433479 0.397198 0.927063 1 0.0434762 0.0414597 0.00103005 8.72928e-005 0 4.36464e-006 4.36464e-006 0 0 
0.210065 0.0215024 0.0127137 0.0172927 0.295632 0.0568158 0.0166807 0.0091686 0.0218717 1 0.350996 0.151396 0.215159 0.0368503 0.0338668 0.0250025 0.0598185 1 0.06025 0.00570816 0.000701084 0.00389326 0.0120229 0.0308477 0.0431689 0.0518355 0.114545 0.286684 1 0.80568 
0.459523 1 0.266964 0.245993 0.0969595 0.0261136 0.0562583 0.0154506 0.00205693 0.047203 1 0.498813 0.840462 0.938055 0.80843 0.61938 0.644728 0.404872 0.482158 0.252091 0.6452 1 0.683664 0.469177 0.338864 0.362272 0.31207 0.2067 0.122345 0.0921198 
0.929432 0.33464 0.03189 0.00708016 0.0389702 0.867876 1 0.119895 0.0209479 0.0196606 1 0.0555356 0.0788421 0.0982604 0.0460512 0.0128332 0.00233739 0.000247224 0.000112375 0 0.00490781 0.0149986 0.0278873 0.0793047 0.166086 0.174388 0.193927 0.387258 0.593202 1 
1 0.0199463 0.00341292 0.00235054 0.003891 0.00826007 0.0441821 0.0502775 0.0488699 0.412393 0.0443642 0.169364 0.235954 0.174855 0.212861 0.252688 0.326618 0.59211 0.412168 1 0.28629 0.504848 0.598951 0.693475 0.504005 0.634175 0.94084 1 0.29889 0.159399 
1 0.355937 0.106552 0.0149535 0.0829393 0.0676902 0.736476 0.029947 0.0059191 0.0343244 0.735186 1 0.676495 0.406161 0.312939 0.141452 0.082924 0.165611 0.820648 0.164572 0.363307 0.142762 0.177997 0.560517 0.196138 0.163476 0.185715 0.3518 0.488976 1 
0.818953 0.0413683 0.0222485 0.00180769 0.354655 1 0.410693 0.0440798 0.0159911 0.0712647 1 0.0200021 0.00688215 0.00206207 0.000953707 0.000231983 0.000154655 5.15517e-005 5.15517e-005 0.000283534 0.014348 0.0477063 0.00879749 0.00532845 0.00505093 0.00430161 0.00435712 0.0047179 0.0154858 1 
0.569344 0.0380643 0.0144235 0.00678501 0.0238542 0.0185201 0.00320048 0.00563284 0.0270974 1 0.806087 0.0476451 0.0723418 0.133373 1 0.103978 0.0124577 0.00273194 0.00262266 0.00125669 0.00891242 1 0.0797706 0.0155747 0.0108096 0.00988308 0.0116479 0.0106773 0.0125745 0.604986 
0.64051 0.659222 0.203199 0.303699 0.572562 1 0.538501 0.0602311 0.0300509 0.0723894 1 0.618156 0.243009 0.129969 0.0971017 0.150461 0.16889 0.10862 0.0164202 0.00190185 0.00339869 0.478235 0.370327 0.470131 0.489935 0.616144 0.930719 0.867451 0.959281 1 
0.390918 1 0.0199207 0.00271322 0.00403413 0.00767556 0.0182071 0.0141373 0.00778266 0.00546214 0.64627 0.0773875 1 0.153098 0.0149983 0.0109732 0.00910441 0.00685227 0.00594183 0.00809814 0.0363917 0.00997182 0.00899631 0.0081292 0.00883373 0.00875244 0.0101073 0.0102157 0.0150119 1 
1 0.058903 0.0135538 0.00705715 0.0297317 0.578227 0.0726606 0.032152 0.0412728 0.0374768 1 0.128926 0.369046 0.0212704 0.000310366 0 0 0 0 0 0 0 0.00130225 0.0351422 0.0588618 0.0943761 0.0454672 0.0430302 0.0880695 1 
0.968944 1 0.0199971 0.00437312 0.00445926 0.00796438 0.00196128 0.00172274 0.00981964 0.0917825 1 0.056484 0.0230339 0.0199501 0.0364653 0.112574 0.257373 0.205832 0.919668 0.0840407 6.9147e-005 0.000387991 0.00119086 0.0028235 0.00785587 0.0263527 0.0505465 0.0587942 0.0758811 1 
1 0.00790629 0.000291029 0 0.00720297 0.00213421 0.349186 0.223486 0.00194019 0.0025465 1 0.158969 0.285284 0.0181711 0.00767125 0.0059967 0.00396008 0.0015614 0.00108619 0.000135774 1 0.0221211 0.00632032 0.00460403 0.00553028 0.00760073 0.0103522 0.0114964 0.0123137 0.710982 
0.236576 0.203867 0.213028 0.0430043 0.145053 1 0.018662 0.00687212 0.00654638 0.0519182 0.0931985 0.353132 0.601382 0.65335 1 0.601489 0.176192 0.107018 0.0580241 0.0250156 0.249385 1 0.790946 0.491006 0.461208 0.400817 0.388425 0.272329 0.246326 0.392336 
1 0.0796871 0.0143273 0.0060493 0.00941508 0.0239243 0.0896025 0.305604 0.0106431 0.013736 1 0.0337695 0.0210057 0.0131807 0.00699121 0.00343147 0.00333526 0.0020204 0.00192419 0.00125072 0.0133733 0.00950015 0.00668664 0.00504239 0.00610202 0.00865975 0.0130444 0.0344563 0.150723 1 
0.277884 1 0.0428213 0.00134222 0.00138552 0.00991514 0.349671 0.281261 0.0135088 0.454191 1 0.00817935 0.00355972 0.00187985 0.00223982 0.0207583 0.0805336 0.00449964 0.00145988 0.00011999 0.000770925 0.00228524 0.106828 0.0418778 0.00407489 0.0139593 0.0317181 0.0459526 0.299036 1 
0.663074 0.452053 0.262864 0.266237 0.154255 1 0.59603 0.153867 0.058156 0.169044 0.710307 1 0.457837 0.32637 0.284138 0.191166 0.103339 0.0501535 0.0368914 0.01692 1 0.78007 0.592534 0.497531 0.406755 0.473801 0.920524 0.794886 0.845861 0.621997 
0.373361 0.636829 0.130712 0.0142475 0.0897639 0.997064 1 0.0156195 0.0118489 0.0463307 0.765153 1 0.41381 0.297507 0.108305 0.0411752 0.0189867 0.0154214 0.00480275 0.00156225 0.0590696 0.311265 0.633127 0.631604 0.525759 0.636281 0.335828 0.258169 0.227552 1 
1 0.00315746 0.000795392 0.00178361 0.0174263 0.521512 0.0355034 0.183615 0.000530261 0 1 0 0 0 0 0 0 0 0 0 0 0 0 0.00011967 0.000259284 0.000438789 0.00867605 0.0456739 0.404803 1 
1 0 0 0 0 0 0 0 0 0 1 0 0 0 0 0 0 0 0 0 0.0663411 1 0.200543 0.0334314 0.0104153 0.0103253 0.0129516 0.0960219 0.367466 0.529766 
0.354596 0.0980466 0.0829422 0.209002 0.222252 0.223387 1 0.066702 0.00336917 0.0110539 1 0.873052 0.35938 0.276581 0.249236 0.335243 0.392988 0.364574 0.435151 0.0166514 1 0.218497 0.298876 0.160797 0.0713469 0.0621968 0.0973378 0.0929994 0.099507 0.264839 
1 0.187811 0.020805 0.00357076 0.082616 0.011705 0.0361462 0.122414 0.0269153 0.106699 1 0.202408 0.0779307 0.0767279 0.0492326 0.0367267 0.0169407 0.00708847 0.00528265 0.00100757 0.158192 1 0.102894 0.0315852 0.0417198 0.0282262 0.0468269 0.0639494 0.0805895 0.28475 
1 0.0126577 0.00875454 0.0113872 0.0129609 0.0193187 0.00577539 0.00875454 0.0344695 0.957806 1 0.0135366 0.00736367 0.00523628 0.00438931 0.00402063 0.00384127 0.0087836 0.0270284 0.208141 0.0158694 0.0100158 0.00790572 0.00512258 0.00407134 0.0045352 0.00622928 0.0126325 0.0188694 1 
0.291961 1 0.000128797 0 0 0 0 0 0 0 0.273989 0.726838 1 0.497173 0.0751631 0.0289256 0.0113528 0.00326229 0.00113093 0.000217486 0 0.000246827 0.00250353 0.0069464 0.017842 0.0340268 0.0568759 0.122849 1 0.881135 
1 0.0214756 0.00724325 0.00274481 0.0409434 0.0358096 0.00673495 0.00383765 0.0111826 0.222101 0.215545 0.50904 1 0.157251 0.0624203 0.0220572 0.00971566 0.00600195 0.00375122 0.00191312 0.760697 0.572401 0.292521 0.0998939 0.392504 1 0.906471 0.662924 0.0155587 0 
1 0.00339878 0.00271903 0.00318963 0.00233993 0.0201312 0.0290073 0.00947737 0.00639232 0.0078172 1 0.016497 0.0142154 0.00739611 0.00292255 0.00144846 0.00132028 0.000756275 0.00108955 0.00369165 0.489439 0.00585109 0.00744336 0.0135822 0.0145798 0.0153279 0.0150018 0.0108389 0.0194333 1 
1 0.146853 0.0137108 0.00462777 0.0108652 0.0226789 0.00626617 0.00566255 0.0127048 0.056338 1 0.0325106 0.0289083 0.0558516 0.105898 0.0646343 0.0123255 0.00946738 0.00696657 0.00229242 0.0172362 0.0297512 0.0173486 0.0171987 0.0216951 0.0303882 0.108251 0.163482 0.262852 1 
1 0.469428 0.0610095 0.144547 0.894284 0.318656 0.0493681 0.00894662 0.00304508 0.0688512 1 0.144323 0.131534 0.160857 0.163195 0.165152 0.333596 0.129387 0.282729 0.0369336 1 0.100119 0.0557961 0.0807447 0.107182 0.149664 0.225998 0.476323 0.752029 0.0827741 
0.222329 0.764274 1 0.592829 0.00387668 0.00163506 0.000975764 0.00143727 0.00138453 0.00626335 1 0.0248012 0.0398647 0.086884 0.132176 0.211601 0.319644 0.328917 0.276905 0.129782 0.658144 0.866789 0.153515 0.0208808 0.011446 0.0153796 0.0258052 0.0614001 0.0969359 1 
0.670499 1 0.00998184 0.00159926 0.00290493 0.00920153 0.00493684 0.00375478 0.00802719 0.00308263 0.757449 0.034242 1 0.0398286 0.0199653 0.00287405 0.00550151 0.0126781 0.00641135 0.00266998 0.000369982 0.0179828 0.0156511 0.00679734 0.0306654 0.0208136 0.0412486 1 0.0186195 0.756698 
0.86992 0.000511841 0.000137803 0 0 0 1 0.000209986 0 0 1 0.0013714 0.00130442 0.000387799 0.000387799 0.000267934 0.000274985 0 0 0 0.0402054 0.00745712 0.00825026 0.00605745 0.00916004 0.0103575 0.00725105 0.00841744 0.0112634 1 
1 0 0 0 0 0 0 0 0.0002369 0.0105377 1 0.000112978 0.000165121 6.95247e-005 6.95247e-005 6.08341e-005 0.000139049 0 0 0.000451911 0.965136 0.0175377 0.0265883 0.00373292 0.00262361 0.00272926 0.00299338 0.00288773 0.00422595 1 
0.110032 0.10826 0.720211 0.082368 0.0575263 1 0.0871919 0.00439734 0.00269091 0.00301907 0.465334 0.945588 1 0.800905 0.0715707 0.0103949 0.00318313 0.000397891 4.97364e-005 4.97364e-005 0.00373349 0.14376 0.667679 0.349348 0.158653 0.0955116 0.0797981 0.0869369 0.134693 1 
1 0.745268 0.0410788 0.0137646 0.0366483 0.110848 0.065425 0.0132915 0.0188833 0.0224966 1 0.127778 0.0614576 0.0613923 0.108065 0.143836 0.0494141 0.0094977 0.00381866 0.00176246 0.00188151 0.0659327 0.0961169 0.0830665 0.0931946 0.131986 0.121817 0.103163 0.227182 1 
1 0.0566375 0.00173638 9.5981e-005 0.00256531 0.000532258 0.00437586 0.0048165 0.00518734 0.102002 1 0.339846 0.0399385 0.0153745 0.00562382 0.00179837 0.000665294 9.87547e-005 1.03952e-005 0 0 0.000560065 0.0133495 0.0474598 0.0786393 0.130135 0.426624 1 0.245961 0.128746 
0.474879 0.370029 0.174588 0.0345296 0.153928 1 0.153831 0.117847 0.111154 0.706984 0.564519 1 0.604568 0.317945 0.1146 0.0723491 0.0442088 0.023491 0.0154976 0.00522023 0.262708 0.304117 0.388303 0.301216 0.122372 0.071699 0.0749215 0.0760493 0.137678 1 
0.473742 0.155285 0.00556337 0.00354588 0.0239041 1 0.588494 0.051721 0.124778 0.476921 0.178773 0.954887 1 0.504816 0.169453 0.0994842 0.0297024 0.0072081 0.00316908 0.00161561 0.051767 1 0.416171 0.549017 0.507121 0.347449 0.347826 0.297039 0.0525205 0.0103233 
0.677573 0.0551776 0.0258431 0.0466832 1 0.047655 0.0626642 0.0275348 0.0236835 0.0281467 1 0.0355477 0.0505059 0.0428069 0.0422789 0.04967 0.0532336 0.0549494 0.106379 0.714386 0.216445 0.0290308 0.0189251 0.023243 0.0844281 0.670602 0.444786 0.0281121 0.0304088 1 
0.366658 1 0.00259911 0 0.00256251 0 0.00128125 0.0139474 0.00428305 0.0635868 1 0.00655945 0 0 0 0 0 0 0 0 0 0 4.33764e-005 0.0243775 0.0211677 0.0229895 0.0338336 0.151557 1 0.469984 
0.0965812 0.0109628 0.0160924 1 0.00881087 0.0127223 0.224711 0.0161736 0.00369488 0.0048453 0.06095 0.334491 0.46818 0.609744 0.797926 1 0.755613 0.42122 0.195079 0.119943 0.0152162 0.151335 0.163408 0.213787 0.0704575 0.0450531 0.347061 1 0.859052 0.543085 
1 0.0169318 0.00923744 0.00110516 0.00298184 0.010572 0.111475 0.0132619 0.0025648 0.0020852 1 0.0134761 0.00432499 0.00263583 0.00326694 0.0048076 0.00840866 0.00406512 0.0006868 3.71243e-005 0 0.000853166 0.0097216 0.0169735 0.00669062 0.0105074 0.0213516 0.0359003 0.157993 1 
0.0707362 0.013311 0.00590382 0.0018009 0.00510516 0.0183222 1 0.0999734 0.0119799 0.0582395 1 0.0562743 0.0528595 0.0441144 0.0332315 0.0252637 0.0313159 0.133898 0.896641 0.0047196 0 0 0 0 0.000142833 0.000766104 0.00389545 0.0174516 0.0435381 1 
1 0 0 0 0 0 0 0 0 0 1 0 0 0 0 0 0 0 0 0 1 0.0162106 0.0116148 0.0122415 0.0131606 0.0131606 0.0139127 0.565657 0.0652183 0.0268644 
1 0.00741814 0.00259726 0.00369084 0.0017953 0.0205411 0.0448369 0.00513984 0.00156747 0.002898 1 0.00498959 0.0045079 0.00693454 0.0130238 0.0110335 0.00690727 0.00408074 0.00428069 0.0052986 1 0.0137909 0.00930544 0.0118599 0.0140798 0.0199641 0.0213022 0.0167711 0.00973118 0.702621 
1 0.0287623 0.0052786 0.00331712 0.0314316 0.0200587 0.0607878 0.00695215 0.00629832 0.0277966 1 0.0196818 0.031563 0.0543177 0.0246333 0.0148546 0.0262009 0.243559 0.967454 0.0766867 0.0327586 0.0911743 0.0190137 0.056583 0.161166 0.223324 0.565555 0.725484 0.156447 1 
1 0.41121 0.846396 0.104001 0.0737163 0.0696095 0.0483642 0.128 0.0247557 0.158354 1 0.970549 0.462964 0.348973 0.290123 0.136211 0.039999 0.009582 0.000913814 0.000182763 0.00155892 0.223776 0.299691 0.234995 0.231901 0.314453 0.223138 0.273614 1 0.145783 
0.0918804 0.0965566 1 0.0508148 0.219612 0.395976 0.0261017 0.00280572 0.000198385 0.00354258 1 0.0634992 0.0243902 0.0236768 0.0363872 0.0734086 0.124224 0.134662 0.121925 0.0491504 0.541246 0.194275 0.00608567 0.00451329 0.00375622 0.00372711 0.00529948 0.0131613 0.167196 1 
0.22763 1 0.153407 0.166359 0.0991673 0.00269266 0.0135755 0.00709317 0.00122167 0.00428831 1 0.327881 0.381881 0.335923 0.836116 0.120448 0.0228992 0.00761035 0.00445262 0.00327131 0.0440088 0.133801 0.0982225 0.144283 0.323341 0.80239 1 0.356923 0.329636 0.494412 
0.403633 1 0.0408379 0.0229122 0.126074 0.156105 0.0362753 0.0180953 0.00769861 0.0868884 0.927805 0.357229 0.48862 1 0.388446 0.0571422 0.0137479 0.00589543 0.00263361 0.00142553 0.00482027 0.0611256 0.131823 0.201809 0.280746 0.500849 1 0.530414 0.252858 0.12053 
1 0.0231282 0.00812 0.000888256 0.019726 0.435731 0.728965 0.0656974 0.0921523 0.199858 1 0.0836807 0.0731719 0.115706 0.0591704 0.0459842 0.0982177 0.226976 0.163552 0.00220276 0.0163469 0.0681243 0.236184 0.745704 0.781075 0.888544 1 0.562651 0.185981 0.0354305 
0.00688453 1 0.259237 0.0266963 0.0690256 0.61618 0.00583231 0.000210444 6.01269e-005 6.01269e-005 1 0.260276 0.0146319 0.018773 0.0289877 0.0839877 0.256656 0.194755 0.121595 0.020184 0.651838 0.0819677 0.00435016 0.00435016 0.00440975 0.0047375 0.00518443 0.00798522 0.201686 1 
5.51022e-005 1.65307e-005 9.36737e-005 0.000154286 0.000462858 1 0.395865 0.0329897 0.0384668 0.019655 0.0672957 0.112701 0.08018 0.588492 1 0.207827 0.0128996 5.36526e-005 7.66466e-006 0 0 1.00237e-005 0.0196263 0.0350427 0.0980614 0.384708 0.716952 1 0.392356 0.0596307 
0.277656 1 0.000204666 0 0 0 0 0 0 0 0.201925 1 0.0501434 0.0175387 0.0138793 0.0224508 0.0475719 0.0701546 0.111759 0.0661985 0.0665805 0.230726 0.0851993 0.0110036 0.0184441 0.0306703 1 0.299298 0.00289936 0 
0.829946 0.0543495 0.0197075 0.0293303 0.589684 0.974827 0.706466 0.371978 1 0.435104 1 0.684699 0.450965 0.178491 0.0979943 0.05383 0.0121872 0.00305635 0.00164279 0.000764088 0.700084 1 0.336763 0.179029 0.127108 0.172329 0.212406 0.261275 0.290406 0.614487 
0.177936 0.0674127 0.00696064 0.000562668 0.00136558 0.00727675 1 0.288832 0.10324 0.351788 1 0.81579 0.0198929 0.00470096 0.00294233 0.00257031 0.00221182 0.00234034 0.0050324 0.122083 0.00304005 0.00845115 0.0299578 0.108005 1 0.821601 0.788839 0.332576 0.0281967 5.90301e-005 
1 0.0385202 0.00881842 0.00407701 0.00575311 0.0166553 0.00909022 0.00436391 0.00607022 0.00744432 1 0.017215 0.0129304 0.0147156 0.0166029 0.0185157 0.0400918 0.518261 0.197603 0.0134149 0.00143142 0.00418126 0.00698761 0.00749614 0.00753381 0.0110935 0.0333183 0.0777301 0.223264 1 
0.97303 0.0221 0.00146635 0 0.011469 0.00539408 1 0.0809112 0.000418958 0 1 0.283263 0.405039 0.0905564 0.0155644 0.00940253 0.00588799 0.00324068 0.0010498 4.56433e-005 0.849555 0.277656 0.0099967 0.00829397 0.00736021 0.0071405 0.00790948 0.0108206 0.0183456 1 
0.139938 0.485626 0.739713 0.073788 0.04969 0.134414 1 0.017531 0.0266347 0.158202 0.14529 0.573238 1 0.366243 0.273685 0.175334 0.091426 0.037077 0.0178918 0.00811058 0.0526819 0.346706 0.642005 0.779769 0.68799 0.77792 0.820524 0.964539 1 0.321768 
1 0.396385 0.0755083 0.0109093 0.0106839 0.00635622 0.755218 0.968625 0.112969 0.0701438 1 0.926792 0.247038 0.064096 0.0730124 0.10156 0.1156 0.132611 0.137773 0.101717 0.0268929 1 0.126943 0.0481889 0.0493401 0.0578942 0.0484271 0.0206212 0.0132381 0.108366 
0.542904 0.456188 0.0786504 0.0342321 0.109664 1 0.061345 0.0113981 0.00605877 0.0552105 1 0.444287 0.281709 0.110279 0.134215 0.144871 0.291601 0.401006 0.382261 0.169845 0.0383451 0.0567328 0.0525844 0.144131 0.541597 1 0.577083 0.155567 0.467373 0.453975 
0.692921 1 0.0393439 0.0156091 0.00808799 0.05586 0.41056 0.0610378 0.0363203 0.0582788 0.504488 0.426277 1 0.349581 0.0689316 0.0207552 0.00795364 0.00280271 0.00132561 0.000416619 0.00121051 0.164811 0.275572 0.379252 0.345963 0.666263 1 0.358915 0.178489 0.43778 
0.614009 0.0133513 0.00378659 0.00384911 0.128932 1 0.199377 0.0144409 0.0116009 0.0394199 0.116909 0.778969 1 0.303276 0.0486626 0.00567483 0.000238105 1.98421e-005 0 0 0 0 0.0262899 1 0.863469 0.299476 0.269511 0.487216 0.595892 0.45296 
1 0.0204795 0.0155949 0.00461573 0.0488909 0.499933 0.798387 0.0461573 0.0316379 0.0998432 1 0.0146043 0.0101891 0.0130194 0.0172837 0.0128684 0.0109249 0.00133967 0 0 0 0 0 0.000200255 0.000400511 0.012541 0.031365 0.0277604 0.36081 1 
1 0.034066 0.0161374 0.00998536 0.0289435 0.0236934 0.137344 0.0217704 0.0246805 0.115608 1 0.0374642 0.0308902 0.0112171 0.00820433 0.0110067 0.0507887 0.0125582 0.0113749 0.0463034 0.00332236 0.0632841 0.0579091 0.014422 0.0281892 0.0343119 0.156107 0.0580905 0.0528216 1 
0.362015 0.107961 0.0343969 0.00535832 0.00936841 0.196771 1 0.0959311 0.0429357 0.100529 1 0.424429 0.304521 0.26546 0.345259 0.318985 0.110684 0.0662427 0.181958 0.569212 0.379974 1 0.396279 0.372587 0.552853 0.510626 0.24946 0.160616 0.215873 0.10292 
0.331496 0.0808678 0.165836 0.0279554 0.445566 0.510119 0.541691 0.0259271 0.0320561 1 1 0.0225103 0.0132156 0.0144841 0.0186125 0.0341805 0.0489875 0.0721666 0.168389 0.187555 0.202156 1 0.0405547 0.0359483 0.0307722 0.027543 0.0396524 0.212366 0.96087 0.855019 
1 0.0934914 0.0382929 0.00533146 0.0114509 0.0459885 0.0345252 0.0174842 0.0180753 0.0598281 1 0.0290964 0.0211372 0.00591755 0.00652895 0.0142152 0.0216613 0.0400581 0.0285069 0.0049786 0.00300381 0.0096302 0.00987771 0.0132528 0.0152441 0.0253918 0.0293181 0.0307132 0.0737341 1 
0.68792 1 0.469523 0.0722191 0.0857775 0.892837 0.854653 0.0271958 0.0156534 0.183256 0.263963 0.487813 0.482337 1 0.731562 0.309741 0.0617353 0.0291937 0.014018 0.00563222 0.0746308 1 0.493436 0.398963 0.879233 0.495263 0.334813 0.188386 0.109839 0.0722811 
0.153242 1 0.858529 0.0501187 0.0149217 0.00417655 0.00932131 0.00732795 0.00440437 0.0323303 0.112003 1 0.122238 0.045176 0.0326236 0.0350035 0.0530949 0.0460184 0.672669 0.210168 0.0459004 1 0.0550529 0.0147061 0.0126992 0.0186508 0.0296545 0.0333743 0.599128 0.135989 
1 0.955281 0.00555929 0.00702548 0.0168611 0.719714 0.760889 0.125359 0.0640846 0.15731 0.0530868 0.163953 1 0.516699 0.10648 0.0558162 0.00864845 0.00717637 0.00122673 0.000337351 0.000235018 0.0165452 0.11215 0.138754 0.364512 0.362726 0.512667 0.148813 0.276616 1 
0.775177 0.00951748 0.00479485 0.00323508 0.0252163 0.0241909 0.00184862 0.00105429 0.0698286 1 0.85181 1 0.146664 0.00438073 0 0 0 0 0 0 0 0 0 0 1.43935e-005 0.00128102 0.030327 0.447781 0.428983 1 
1 0.325463 0.0532879 0.0143196 0.0196193 0.0400698 0.02415 0.00916535 0.0219677 0.0541816 1 0.0439593 0.0252449 0.0255994 0.0384737 0.084131 0.0912212 0.0428212 0.0235843 0.0118668 0.0213306 0.0227854 0.0241812 0.0300004 0.041049 0.0527268 0.058605 0.0864821 0.140605 1 
0.418978 0.0549469 0.0324417 0.00937716 0.00783075 0.0196427 0.00684368 1 0.109104 0.0322772 1 0.051498 0.0644618 0.177206 0.962436 0.352013 0.0148522 0.001327 0 0 0 0 0 0.000441735 0.00949731 0.114984 1 0.229746 0.0338811 0.882322 
0.0207683 0.0146512 0.0114612 0.119827 0.206212 1 0.329394 0.0119635 0.00738055 0.0140784 0.385661 0.887463 1 0.715774 0.0781833 0.0473684 0.160124 0.278396 0.019234 0.002794 0.0408256 0.208609 0.339378 0.59958 0.705694 1 0.924942 0.452161 0.222922 0.202886 
1 0.12652 0.0136179 0.00601834 0.0114728 0.0540179 0.10822 0.132121 0.0734703 0.300782 0.651576 1 0.883485 0.512033 0.317149 0.18588 0.181813 0.13054 0.10681 0.0760967 0.757074 0.753968 1 0.613043 0.423741 0.269496 0.279745 0.17726 0.262491 0.604382 
1 0.206335 0.402286 0.564706 0.107359 0.0522029 0.00385806 0.000333413 0.000523934 0.00352465 0.152733 1 0.725007 0.883806 0.70228 0.0646741 0.0414353 0.00993861 0.00453084 0.00197311 0.284239 1 0.0952826 0.059837 0.529919 0.462556 0.0784161 0.0140121 0.0049302 0.021641 
0.464868 1 0.429911 0.0121342 0.721833 0.0196688 0.262747 0.00911162 0.00569476 0.0539688 1 0.27565 0.0220928 0.00507614 0.00244193 0.00101907 0.000596062 0.000288417 7.69112e-005 0.00017305 0.617533 0.0337142 0.00563769 0.00664576 0.00884857 0.0239695 0.341249 0.114397 1 0.387806 
0.698439 0.0039687 0.00205307 0.00290351 1 0.0737645 0.0383555 0.000824664 0.000558366 0.00610767 1 0.0287349 0.00282918 0.00123198 0.000574601 0.000340865 0.000209388 7.7912e-005 0.000107129 0.000608687 0.0131385 0.789328 0.881015 0.0159999 0.0114592 0.065437 0.0277681 0.0234961 0.0295011 1 
1 0.0213753 0.0163948 0.00289279 0.0076096 0.011279 0.0406273 0.511325 0.301014 0.262118 1 0.104706 0.104176 0.155665 0.196705 0.168217 0.169916 0.129847 0.130156 0.0534382 0.462344 0.271553 0.0574858 0.0425643 0.0338713 0.0331605 0.0416571 0.0543851 0.0692998 1 
0.161332 1 0.0291858 0.00729644 0.00345435 0.0371167 0.782905 0.0553049 0.0140289 0.160169 0.824178 0.290135 0.574194 0.765236 0.100282 1 0.251488 0.11306 0.0720952 0.00156593 0.00173755 0.00575045 0.00719841 0.00695019 0.0129489 0.221744 0.825087 0.280862 0.279414 1 
1 0.181011 0.023948 0.0217276 0.926359 0.0387503 0.00142736 0.0146966 0.0124233 0.0105731 0.904966 1 0.000225734 0 0 0 0 0 0 0 0 0 0.00581498 0.0773568 0.257327 0.649398 0.437004 0.0403524 1 0.0114537 
1 0.707343 0.0557992 0.00960492 0.0309006 0.00206939 0.0081951 0.00405633 0.00250635 0.014766 1 0.528663 0.236862 0.12465 0.05434 0.0127372 0.00210524 0.00110107 0.000273065 0 0.00945325 0.218107 0.377937 0.237206 0.211226 0.177245 0.149567 0.377024 1 0.105221 
1 0.546544 0.193561 0.0109848 0.00435606 0.00852273 0.101752 0.386932 0.0275568 0.0493371 1 0.10324 0.134763 0.0277785 0.0180877 0.020125 0.0191339 0.016133 0.00481788 0.00104617 0.497245 0.0939263 0.0435446 0.070229 0.108331 0.202987 0.221905 0.407434 0.620246 1 
0.0062383 0.021231 0.00542732 0.00607195 0.108214 1 0.00141402 0.000103972 4.15887e-005 0.00014556 1 0.0661322 0.0134219 0.00953293 0.00612261 0.00339037 0.00155558 0.000837621 0.000418811 0.00029915 0.000349956 0.00860892 0.0134033 0.0129834 0.0144882 0.0128084 0.0137533 0.270271 0.586842 1 
0.400242 0.00922942 0.0117043 0.0250329 0.00873959 0.0103638 0.0453479 0.0356544 0.0196447 1 0.0566014 0.000763165 0.0021623 0.00703807 0.0261172 0.183923 0.704443 1 0.0558806 0.106843 1 0.121886 0.0123347 0.0530715 0.299034 0.438935 0.924207 0.982959 0.932727 0.164002 
0.906058 0.0254069 0.00265145 0.00308777 0.0108407 0.0092633 0.00607484 0.0727639 0.249337 1 1 0.00591065 0.00316642 0.00227681 0.00164352 0.00134196 0.00138719 0.00208079 0.00405603 0.00381478 0 0 0.000160885 0.00172951 0.00725993 0.00713927 0.0174962 0.0506586 0.285008 1 
1 0.131656 0.0403861 0.0149973 0.0259369 0.207907 0.908341 0.22024 0.0248559 0.0132844 1 0.0831642 0.0622633 0.0440036 0.0380215 0.0312979 0.0225025 0.0120138 0.00107027 0.000775949 0.00908548 0.00431175 0.00630988 0.00893524 0.0231137 0.0425692 0.0471438 0.0533899 0.0817656 1 
0.10774 1 0.00965462 0.0032425 0.0019036 0.000555596 0.0104652 0.00594761 0.000619353 0.0100463 0.078616 1 0.643172 0.0609398 0.046696 0.0510095 0.0631975 0.0112518 0.0194383 0.142511 0.641051 0.0146792 0.00903918 0.0185064 0.0425521 0.0300131 0.111718 0.551667 1 0.760348 
0.215323 0.275396 0.0386704 0.00211503 0.0462466 0.741208 1 0.112791 0.0300524 0.0572953 1 0.448287 0.148182 0.00778627 0.0050358 0.00252801 0.00113255 0.000364034 0.000242689 0.000121344 0.00829353 1 0.0616886 0.0178765 0.0120447 0.0518712 0.28872 0.58251 0.276295 0.039299 
0.380461 1 0.591384 0.327782 0.1191 0.0527829 0.225063 0.0715184 0.053757 0.0835296 1 0.713722 0.363139 0.257004 0.196238 0.17512 0.160179 0.182172 0.347526 0.391918 0.171203 0.783657 0.956942 1 0.931506 0.692796 0.582382 0.428651 0.531167 0.515669 
1 0.280747 0.0667459 0.0482732 0.105363 0.105897 0.0138651 0.00745863 0.0178108 0.120492 0.955884 1 0.758123 0.699084 0.775514 0.479849 0.00347814 0 0 0 0 0.00155002 0.555591 0.557062 0.791745 0.928147 1 0.581284 0.461433 0.592922 
0.523321 0.025073 0.00649001 0.000134741 0.0232315 0.0762969 1 0.041545 0.128677 0.288311 1 0.0514042 0.0657461 0.00911236 0.0027422 0.00189285 0.00249953 0.00595762 0.00231146 5.46014e-005 0.000493527 0.084254 0.0989332 0.039963 0.0444048 0.0302064 0.289447 1 0.0953393 0.69843 
0.30095 0.213392 0.157923 0.0351602 0.0131934 0.00464088 0.00176796 0.00260773 0.0776575 1 0.880544 0.0531686 0.0248533 0.0361138 0.0780584 0.0322146 0.0335265 0.0611858 1 0.37608 0 0 0 0 2.00928e-005 0.000683156 0.0138239 0.525387 0.103277 1 
1 0.178244 0.185545 0.0401233 0.0419988 0.81412 0.238797 0.0296738 0.020698 0.0631656 0.110644 0.192848 0.333614 1 0.69634 0.348422 0.159445 0.136559 0.105175 0.0450989 0.308058 0.162269 0.21009 0.277323 0.309675 0.390557 1 0.32474 0.196643 0.763623 
0.854445 0.00759354 0.000610536 0.00175529 0.0203957 1 0.110202 0.0136226 0.024555 0.134222 0.102969 0.0849431 1 0.0636682 0.0189263 0.0136026 0.0209422 0.0123892 0.00929677 0.0869199 0.0129399 1 0.0118183 0.00962367 0.0183532 0.139657 0.612794 0.00440543 0.0068276 0.0302853 
1 0.823296 0.0988423 0.028587 0.0409579 0.0985498 0.0278347 0.0886028 0.0145024 0.354996 1 0.0922038 0.029616 0.0339996 0.0416343 0.0550999 0.0289867 0.00478218 0.00255889 0.000880928 0.0601498 0.0483813 0.0391092 0.0900265 0.315291 1 0.866941 0.0225066 3.96244e-005 0 
1 0.0987474 0.0131221 0.00506992 0.0112333 0.95722 0.0491086 0.00251839 0.0112333 0.00646166 0.994172 0.0380133 0.0650187 0.26674 1 0.0816257 0.0174069 0.00674183 0.00304715 0.00167594 0.000818275 0.0091374 0.0346744 0.0979543 0.836277 0.0796795 0.039209 0.046403 0.0728606 1 
0.0368577 1 0.00152222 0.000124772 0.00117286 0.000873406 0.775085 0.445013 0.0129763 0.0146982 0.0362922 0.29458 1 0.539953 0.0143713 0.00846471 0.00771599 0.00178861 0.00116468 0.000894306 0.0177071 1 0.0108057 0.00538313 0.00554088 0.0143944 0.276354 0.46502 0.0114367 0.00153804 
0.24027 1 0.0465628 0.00290784 0.00805249 0.00682225 0.115717 0.0490978 0.00600209 0.0530495 1 0.0692833 0.0461888 0.10785 0.217937 0.108267 0.00212363 0.000720516 0.000265453 0.000682594 0.0259669 0.0229282 0.0104972 0.263646 0.439006 0.483536 1 0.0182873 0.00121547 0.000110497 
0.349632 0.0175224 0.0407186 1 0.00602332 0.0161127 0.00426409 0.00266797 0.0272506 0.00377477 0.551678 0.0653384 1 0.00628204 0.00259589 0.00181712 0.00111623 0.00068791 0.000428321 0.00171328 0.0211899 0.0123806 0.0124433 1 0.019185 0.0061026 0.00701737 0.0048871 0.00927295 0.486429 
1 0.687803 0.0262289 0.00990826 0.0250121 0.0088846 0.0171318 0.00770642 0.0178658 0.0721777 1 0.0206641 0.0104987 0.00547711 0.00441057 0.00519936 0.00495495 0.00299963 0.00346624 0.0050105 0.0611035 0.00789017 0.00439854 0.00292481 0.00348029 0.00353697 0.00276609 0.00433053 0.00875174 1 
1 0 0 0 0 0 0 0 0 0 1 0 0 0 0 0 0 0 0 0 0.0141815 1 0.0153897 0.00878795 0.010068 0.0164397 0.0130309 0.0116645 0.0155479 0.593913 
0.512979 1 1.64813e-005 0 0 0 0 0 0 6.5925e-005 0.00259785 0.0554969 0.333095 0.301265 0.593051 1 0.203289 0.0636615 0.0294613 0.017614 3.86339e-005 0.00316798 0.018042 0.0749884 0.356398 0.77716 1 0.780791 0.412996 0.123204 
1 0.0133192 0.00992947 0.0115387 0.0599192 0.0117099 0.0164007 0.0119838 0.0176676 0.217113 1 0.0433363 0.0289686 0.017773 0.0117087 0.00797686 0.010076 0.0112889 0.0327005 0.12777 0.039669 0.0077499 0.00880074 0.0115592 0.060817 0.27013 0.812163 0.338566 1 0.0776304 
1 0.551438 0.256542 0.153665 0.272631 0.923452 0.887941 0.0737039 0.039818 0.180156 0.986526 0.749166 1 0.552365 0.171827 0.0907111 0.0543722 0.0127935 0.00523988 0.00285811 0.0514256 0.724768 1 0.217859 0.253892 0.319223 0.359542 0.325695 0.571978 0.845898 
0.682489 0.785501 0.541284 0.141504 0.454727 1 0.480554 0.136418 0.105106 0.359294 0.824504 1 0.582607 0.52021 0.385763 0.225336 0.0700102 0.0301389 0.0198572 0.00996782 0.0172877 0.407415 0.439429 0.336087 0.203035 0.175567 0.15226 0.132795 0.145473 1 
1 0.0625445 0.0411177 0.0341462 0.0894915 0.214097 0.107532 0.31847 0.025069 0.0975728 1 0.0847931 0.0449711 0.0396776 0.0292348 0.0316651 0.0142445 0.00957652 0.0251684 0.23768 0.00513111 0.00453137 0.00206577 0.00419818 0.0397494 1 0.554926 0.0444807 0.0794989 0.595609 
1 0.0965751 0.00285572 0.00609086 0.36697 0.978352 0.0388617 0.0115227 0.00565152 0.903325 0.244845 1 0.380026 0.0694564 0.0537532 0.0987705 0.223533 0.366588 0.863352 0.367105 0.00990083 0.0179026 0.0221876 0.0610281 0.10219 0.178036 0.36586 0.421272 0.593303 1 
1 0.0431266 0.0091892 0.00271499 0.00253827 0.0113981 0.369046 0.00950247 0.0129243 0.0110768 1 0.00438491 0.00306569 0.00158906 0.00185141 0.00231613 0.00323059 0.00460978 0.0107037 0.0438266 0.0239083 0.00471516 0.00906762 0.0142513 0.0473934 0.268485 0.00394442 0.00584106 0.00667981 1 
0.22079 0.0805754 0.0131652 0.00802757 0.0205078 1 0.221518 0.0210429 0.012994 0.0336088 1 0.530231 0.105194 0.15194 0.273505 0.0814707 0.0229063 0.0130143 0.00840385 0.00630289 0.147427 0.0648993 0.0416894 0.0662946 0.113599 0.130649 0.182004 0.173666 0.674653 1 
0.599219 0.0349524 0.00771513 6.24707e-005 0.00234265 0.0181477 1 0.0208652 0.0112135 0 1 0.208042 0.997901 0.0122644 0.00304552 0.00181085 0.00160507 0.00115236 0.00123467 0.000781957 0.0119721 0.0274087 0.135991 1 0.119546 0.0178485 0.0205236 0.0317941 0.0244266 0.989563 
1 0.0538107 0.066849 0.0113019 0.000816421 0.00038384 0.000505694 0.000548342 0.00185827 0.00630594 1 0.129019 0.0106951 0.00397826 0.00237462 0.00283104 0.00267685 0.00206006 0.00101153 0.000678464 0.0362812 0.105375 0.284179 0.077324 0.0145482 0.0161722 0.0190462 0.0164188 0.0249216 1 
0.877589 0.0261197 0.0199787 0.00876116 0.0246459 0.0380742 0.567756 0.549988 1 0.25129 1 0.186668 0.0329254 0.0280576 0.0285647 0.0322831 0.0329592 0.0154148 0.00584815 0.0031438 1 0.045266 0.0414002 0.0528572 0.12645 0.278485 0.489351 0.532438 0.304843 0.0168693 
1 0.0434049 0.00377635 0.00599734 0.00305139 0.00206941 0.00704522 0.0038093 0.00511421 0.0131744 1 0.00640289 0.00393415 0.00318824 0.00271298 0.00312884 0.00425099 0.00561738 0.0108651 0.0207797 1 0.0187317 0.00892357 0.0153951 0.0196722 0.0253936 0.0252032 0.0250465 0.0281591 0.680912 
0.040058 0.0102352 0.00252202 0.00367794 0.00891112 1 0.136462 0.00611589 0.00121897 0.00540132 0.41155 0.0239025 0.0177815 0.0118266 0.00988783 0.0115496 0.0129622 0.0202465 0.0488575 1 0.12215 0.0147842 0.0168962 0.108813 1 0.00373221 0.00703044 0.361359 0.0227983 0.0144659 
0.264374 0.894334 0.0529223 0.031599 1 0.833868 0.0548824 0.0226301 0.00136612 0.00392017 1 0.181033 0.316036 0.0295551 0.0311902 0.0458444 0.0248041 0.00811378 0.00302339 0.000678719 0.206259 0.119538 0.3244 0.687451 0.203889 0.410574 1 0.280948 0 0 
0.966298 0.053028 0.00641329 0.00120518 0.0306891 0.033659 0.00159256 0.00292687 0.0562992 1 1 0.062996 0.834778 0.0945347 0.0159118 0.00997029 0.00541244 0.00378464 0.00264518 0.00118016 0.00176947 0.0138677 0.301387 0.682359 0.017777 0.00921773 0.00925888 0.00909428 0.0127978 1 
1 0.00300092 6.31772e-005 0 0.000126354 0.00704426 0.117036 0.00672837 0.00445399 0.0271662 0.0191375 0.0876342 0.341271 0.290959 0.217354 0.238483 0.232161 0.56486 1 0.107724 0.0100646 0.0536473 0.067867 0.12807 0.181256 0.300462 0.518467 1 0.738227 0.409141 
0.744222 0.0854727 0.0195491 0.0121829 0.0674609 0.239213 0.278465 0.608148 0.0198437 1 1 0.232006 0.0312095 0.0504531 0.0849536 0.0335326 0.012825 0.00372651 0.00179066 0.000604953 0.723645 1 0.0412202 0.0444506 0.100102 0.330326 0.447749 0.34833 0.0957165 0.020052 
1 0.47393 0.0135155 0.00245468 0.0077485 0.0257889 0.00733446 0.00487978 0.00721616 0.00597403 1 0.0530475 0.0975121 0.2652 0.291326 0.144812 0.0699486 0.0322898 0.0169389 0.00476407 0.000206366 0.0290461 0.00711964 0.0150905 0.0134138 0.0300521 0.053062 0.0865707 0.116391 1 
1 0.505721 0.00841455 0.00357164 0.00678007 0.00771838 0.0151946 0.0819965 0.159967 0.162934 1 0.336118 0.044782 0.014048 0.00729879 0.00543012 0.00415503 0.00202256 0.00107723 0.000527623 0.0126761 0.032601 0.0689565 0.0528233 0.0211516 0.0302963 0.109327 0.420616 0.649232 1 
1 0.0166001 0.00479297 0.00373529 0.0244492 0.0116512 0.00157539 0.000478741 0.00219887 0.0046705 1 0.00871549 0.00642928 0.00471194 0.00296241 0.00313414 0.00272627 0.0013202 0.000568868 0.000381034 0.0179991 0.00399283 0.0154344 0.00531805 0.00358726 0.00344445 0.00780857 0.0168967 0.0236314 1 
1 0.0260069 0.00486921 0.00198543 0.00100404 0.00160042 0.00856075 0.00440116 0.00190239 0.00126826 1 0.00168798 0.0011054 0.00102324 0.00143403 0.00248715 0.00392119 0.00306226 0.0040855 0.00491456 0.640735 0.127814 0.0461861 0.0168368 0.010001 0.0108927 0.0137013 0.0278038 0.176081 1 
1 0.0223996 0.00459008 0.0131035 0.00642611 0.00523752 0.0030826 0.00266708 0.0118376 0.114414 1 0.00662128 0.00567852 0.00559082 0.00629241 0.0101621 0.0206751 0.0196227 0.0690302 0.0675173 0.932173 0.014814 0.00776205 0.00710145 0.00647388 0.0072666 0.00865386 0.0138726 0.0249707 1 
1 0.544568 0.369904 0.196423 0.518788 0.230776 0.995772 0.758019 0.168544 0.751574 1 0.298886 0.204564 0.182229 0.123769 0.0970301 0.0327648 0.0133377 0.00916571 0.00318166 0.166548 0.34944 0.446793 0.219755 0.198003 0.33962 0.807192 0.451869 1 0.461429 
0.318593 1 0.140975 0.0730412 0.403064 0.209639 0.00599895 0.000770135 8.10668e-005 0.00421548 1 0.815881 0.337685 0.105652 0.11487 0.0728523 0.0254071 0.0112764 0.00369643 0.000795433 0.114747 0.0776146 0.0906248 0.448266 1 0.633145 0.428444 0.173767 0.00374114 0.000223351 
1 0.0574224 0.00504052 0.00484285 0.154195 0.0243413 0.187361 0.0543162 0.0306667 0.311651 1 0.0702391 0.0578155 0.0236795 0.0136544 0.0386278 0.0441611 0.0396272 0.0575841 0.0162738 0.163839 0.210172 0.0714529 0.028522 0.0430049 0.097386 0.134429 0.115493 0.0529461 1 
1 0.772266 0.0852504 0.0299671 0.0392971 0.0241742 0.192976 0.514566 0.0383223 0.170668 1 0.112865 0.00984178 0.00913143 0.00763053 0.00724098 0.00580882 0.00512139 0.00536199 0.0045829 0.0890139 0.0199641 0.0123082 0.0157239 0.0228203 0.0764701 0.455464 0.707665 1 0.632284 
0.576708 0.257705 0.0705979 0.0201562 0.0101251 1 0.0342091 0.0131383 0.0140743 0.0368547 0.347312 0.320968 1 0.568237 0.262179 0.216098 0.127195 0.0185663 0.00465214 0.00167743 0.0500613 0.151216 0.191436 0.170439 0.335385 0.54914 0.493761 0.505295 0.748997 1 
1 0.0255719 0.0121682 0.0164738 0.0268449 0.115429 0.0781385 0.0287169 0.0220525 0.111573 1 0.0543556 0.0511908 0.0499248 0.0479864 0.054672 0.0545929 0.0346546 0.030303 0.021758 0.851911 0.133705 0.088841 0.0843419 0.0798429 0.0623535 0.0475889 0.0418858 0.041569 1 
1 0.0131029 0.0088826 0.0327021 0.0203283 0.0159533 0.0237974 0.0150695 0.0148043 0.765163 1 0.0145817 0.0133055 0.01746 0.0208814 0.0438265 0.987292 0.0513753 0.0127895 0.0294349 1 0.0278103 0.0121717 0.0134188 0.0297309 0.827551 0.157035 0.0108997 0.013344 0.0638266 
1 0.11395 0.354904 0.146212 0.0808235 0.144996 0.501693 0.207563 0.0395842 0.29013 0.523764 0.42182 1 0.700967 0.349102 0.286303 0.310736 0.739801 0.521312 0.170159 0.259547 0.535801 0.711456 0.283432 0.273315 0.223906 0.185915 0.246206 0.371331 1 
0.67754 0.0628463 0.0100594 0.00131926 0.00849274 1 0.103809 0.0167546 0.00893799 0.0269624 0.476598 1 0.33467 0.0403985 0.0233899 0.0351323 0.0633614 0.126604 0.264453 0.230008 0.196767 0.537402 0.388382 0.243382 0.154674 0.233875 0.494136 1 0.995728 0.623723 
0.00186937 1 0.0405303 0 0 0 8.1632e-006 0 0 0 1 1.56624e-005 0 0 0 0 0 0 0 0 0 0 0 0 8.11754e-005 0.00219985 0.00845848 0.0122331 0.013605 1 
1 0.634463 0.0208705 6.60458e-005 0 0 0.0280431 0.0033155 0 0 1 0.0160399 0.00335997 0.00135999 0.000359997 0.000151999 9.59992e-005 3.19997e-005 3.99997e-005 3.19997e-005 0.032021 1 0.0135013 0.00249647 0.00179593 0.00149024 0.00671244 0.0104826 0.0123932 0.54558 
1 0.0276685 0.000950276 0.000132597 0.000287293 0.000530387 0.00119337 0.00335912 0.0100994 0.236663 0.110643 0.603082 0.0708974 0.0293753 0.0212775 0.0486283 1 0.467485 0.0210296 0.00851099 0.000342449 0.043491 0.686512 0.299105 0.0316032 0.0247542 0.0717675 0.676826 1 0.00107627 
0.883375 0.346595 0.0336512 0.0302497 0.242908 1 0.38055 0.49511 0.410253 0.384195 1 0.360879 0.327889 0.148498 0.129478 0.0560855 0.0187838 0.0031897 0.000354411 0.000147671 0.0947141 0.419598 0.559245 0.846466 0.323967 0.333202 1 0.781752 0.156874 0.0206327 
0.784719 1 0.15774 0.0151084 0.0136802 0.143718 0.473102 0.0269022 0.018342 0.120328 0.326454 0.801476 0.936291 0.988642 1 0.806177 0.250911 0.123756 0.0700136 0.0392858 0.233652 0.866535 1 0.653724 0.527147 0.637579 0.912834 0.361101 0.309175 0.446948 
1 0.0235091 0.00729176 0.00499228 0.0666546 0.0699525 0.424253 0.0079574 0.0233578 0.0539772 1 0.00549564 0.00247585 0.00191316 0.00166932 0.00208197 0.00461409 0.00920942 0.0126418 0.00221326 0.000320288 0.000160144 0.000140126 0.00050045 0.0014413 0.00426384 0.0159544 0.0332699 0.0567511 1 
0.0193321 0.0707003 0.0559251 0.00444179 0.00540839 0.00842328 1 0.022255 0.00266967 0.00299188 0.283528 0.0265371 0.0357863 0.209038 1 0.0527018 9.31128e-005 3.10376e-005 0 3.10376e-005 4.27862e-005 0.0043642 0.0734212 0.685436 1 0.0418449 0.0109533 0.0598152 0.0691853 0.271265 
1 0.0685254 0.0167871 0.0119681 0.0227977 0.997882 0.14473 0.0227447 0.0333625 0.064236 1 0.717569 0.127928 0.044055 0.0323561 0.030652 0.0254704 0.0237892 0.0251249 0.0151763 0.0869559 0.0508802 0.0444584 0.0328873 0.02425 0.023786 0.0241153 0.0249835 0.0349081 1 
1 0.00708626 0.00489316 0.00489316 0.0147235 0.0797783 0.0216555 0.00451845 0.00179636 0.00337231 1 0.0162043 0.0122207 0.0112814 0.013948 0.0161503 0.016431 0.0071899 0.00343301 0.00338983 1 0.162478 0.0588948 0.0260555 0.0249543 0.0307689 0.0491157 0.0518248 0.0389402 0.840715 
1 0.0398112 0.018339 0.0241457 0.0614922 0.0215557 0.0221823 0.016125 0.030579 0.78766 1 0.0490615 0.0330668 0.029296 0.0411884 0.0902499 0.742344 0.00936477 0.00629843 0.00348071 0 5.17572e-005 0.00269137 0.0164588 0.0252057 0.103359 1 0.99115 0.314735 0.0513949 
0.501254 0.0475167 0.0159384 0.017968 0.269162 0.662667 1 0.105361 0.0245344 0.0478152 1 0.392284 0.0442785 0.0140172 0.00992336 0.00766359 0.0046833 0.00180127 0.000556756 0.000163752 0.0132025 1 0.91429 0.17488 0.152711 0.0792149 0.0522451 0.0509037 0.0552104 0.691471 
1 0.140347 0.221485 0.0539743 0.154044 0.112129 0.0368519 0.0206848 0.0052071 0.032873 1 0.0264236 0.0206437 0.019658 0.0200236 0.0212777 0.0200838 0.0121243 0.00495615 0.000138828 0 8.98752e-005 0.0025649 0.00703101 0.0132186 0.0222407 0.0274949 0.0637561 0.57469 1 
1 0.425615 0.0350191 0.0118371 0.01848 0.00945872 0.0264079 0.0147622 0.00568617 0.0458174 1 0.339322 0.136818 0.0649294 0.0393361 0.0264959 0.0170622 0.00978308 0.00806522 0.0131897 0.528774 0.640924 0.198915 0.0980786 0.0822776 0.0634846 0.0449254 0.0332383 0.033659 1 
0.992142 0.0196455 0.00397478 0.00301535 0.013432 0.00799525 0.163743 0.789108 1 0.764711 0.388465 0.617486 0.725359 1 0.512969 0.330027 0.380633 0.186451 0.0306174 0.00330587 0.862236 1 0.440304 0.225967 0.230097 0.280228 0.256207 0.252504 0.173083 0.183954 
0.807222 0.0709411 0.013648 0.00881433 0.0790446 0.0601365 0.0581461 0.216946 0.45735 1 0.633083 1 0.673148 0.33024 0.176167 0.0571513 0.00250405 0 0 0 0.0348341 1 0.500474 0.635782 0.447393 0.43981 0.354976 0.289337 0.245972 0.672275 
0.17134 0.827984 0.409228 0.18282 0.181085 1 0.0160089 0.00219405 0.00131388 0.00497487 0.579884 1 0.394607 0.61929 0.826527 0.824408 0.349532 0.295074 0.246478 0.163566 0.256736 0.211083 0.169021 0.146257 0.193327 1 0.479109 0.314226 0.197801 0.107715 
1 0.539781 0.0176525 0.0045385 0.0175021 0.0695319 0.0223916 0.0078985 0.0014794 0.01176 0.985947 1 0.862528 0.43149 0.0667537 0.0182192 0.0100883 0.00552098 0.00321221 0.00155591 0.00352594 0.00317652 0.00806836 0.0115625 0.0157555 0.0414218 0.493631 1 0.33166 0.235348 
0.262228 1 0.123419 0.0731373 0.0774036 0.267408 0.584946 0.130276 0.0556148 0.0658236 0.943841 1 0.812907 0.640707 0.635123 0.582066 0.406764 0.166615 0.0778778 0.035681 0.648448 0.737854 0.729757 1 0.935897 0.737517 0.444669 0.258435 0.225708 0.127868 
1 0.0130071 0.00485219 0.0319266 0.0638124 0.0129256 0.301121 0.126687 0.0248726 0.035474 1 0.0329154 0.00842345 0.00756165 0.00831225 0.0231297 0.00633844 0.00269662 0.00227961 0.00147341 0.0879427 0.0681788 0.107043 0.126321 0.135827 0.111642 0.0804704 0.0256886 0.00778176 1 
1 0.186505 0.0242021 0.0058913 0.0164532 0.439866 0.357246 0.0215307 0.0134456 0.0578515 0.626802 1 0.590773 0.487965 0.574837 0.284808 0.074852 0.00239794 0 0 0 0 0.0195122 1 0.609785 0.63284 0.37288 0.254617 0.220993 0.373693 
0.184432 0.0661668 0.00809686 0.00402598 0.00752814 1 0.0118235 0.0145773 0.0136644 0.025892 0.0188879 0.050504 1 0.118337 0.0670763 0.0216575 0.0256985 0.0211884 0.0139843 0.00326906 0.00141418 0.00658028 0.00806661 0.0130018 0.0143006 0.027389 0.0532771 0.0645185 0.0998009 1 