0.756425 0.301519 0.338244 0.0570274 0.00223996 0.000264723 0.00193451 0.00899039 0.319052 1 1 0.201731 0.116365 0.108342 0.103362 0.0855036 0.0594039 0.0289303 0.00428018 0.000724819 0.0125329 0.0496891 0.152565 0.110551 0.0931711 0.146142 0.237024 0.422557 1 0.729263 
0.569013 1 0.0163839 0.00410916 0.00518913 0.0162786 0.0109051 0.0091139 0.0167264 0.00647982 1 0.217051 0.183108 0.259912 0.27988 0.201777 0.100527 0.0221348 0.00303315 0.000216653 0 0 0.00951812 0.131397 0.141346 0.180048 0.179916 0.178954 0.261533 1 
0.879942 1 0.00259552 0.00380179 0.00869465 0.00264973 0.0137298 0.00988059 0.00697334 0.0538147 0.50287 3.03656e-005 0.00122981 0.0211193 0.0728623 0.228106 0.639424 1 0.875744 0.535421 0.836491 0.173773 0.161251 0.199339 0.318937 0.764877 1 0.366905 0.178167 0.494077 
0.36339 1 0.178892 0.116481 0.151296 0.000191445 0 0 0 0.0522372 1 0.634428 0.768401 0.596744 0.240406 0.155591 0.104777 0.0869496 0.0311716 0.0131305 0 0 0 0.000709361 0.00729223 0.153165 1 0.714184 0.0563232 0.000624237 
0.00569357 0.00588165 0.00482158 0.0105323 0.174663 1 0.0937302 0.00102587 0.00086344 0.00307761 0.191752 0.337338 0.568035 0.770451 0.779124 0.552848 0.371625 0.211663 0.123009 1 0.0191611 0.0281312 0.0349375 0.0494193 0.06379 0.229174 1 0.7586 0.440704 0.189206 
0.501209 1 0.182786 0.147781 0.0976044 0.416308 0.0226063 0.0140271 0.00692447 0.105598 0.883818 1 0.609279 0.391 0.369872 0.33092 0.266582 0.0236741 0.00879322 0.0037401 0.0330514 0.0871912 0.405854 0.78767 1 0.863287 0.735088 0.454763 0.394725 0.691298 
1 0.102465 0.010911 0.00291234 0.00721933 0.00566061 0.021699 0.0118545 0.00697321 0.0608721 0.643393 1 0.83625 0.837857 0.781964 0.621964 0.334107 0.136071 0.0523214 0.0292857 1 0.644243 0.820026 0.681738 0.597045 0.530216 0.573225 0.554918 0.716365 0.498897 
1 0.930608 0.182974 0.00870158 0.00565402 0.00707755 0.103858 0.562696 0.383912 0.301367 1 0.228174 0.24658 0.213218 0.171215 0.138666 0.110187 0.106778 0.120961 0.0781296 0.000389656 0.374601 0.178215 0.0856417 0.0981344 0.0844492 0.0709411 0.0677884 0.0933286 1 
0.281511 0.0776926 0.00741914 0.00216739 0.003001 0.00958653 0.640297 1 0.504085 0.335195 1 0.620717 0.139304 0.0139668 0.00404984 0.00186916 0.00109034 0.000415369 5.19211e-005 5.19211e-005 0.0979819 0.917153 1 0.35316 0.227562 0.547132 0.399761 0.325279 0.646707 0.0418216 
1 0.409969 0.0627372 0.00675374 0.0126702 0.0514624 0.0845055 0.0265126 0.0159634 0.0435365 1 0.17116 0.0680801 0.0410308 0.0276432 0.0178196 0.0174541 0.0143928 0.0113314 0.00388376 0.292237 0.0931162 0.0758317 0.111 0.135978 0.213808 0.363573 0.558697 0.223998 1 
1 0.386385 0.0768864 0.0611911 0.147708 0.578363 0.422387 0.13358 0.127743 0.407191 0.406149 0.888894 1 0.9367 0.808926 0.893 0.768404 0.635399 0.499511 0.238195 0.291447 0.536056 0.59609 0.79941 0.827592 0.840521 0.65344 0.450344 0.586025 1 
0.168385 0.117495 0.0092387 0.0716091 0.360295 1 0.242119 0.00287931 0.00131877 0.00243239 0.0359175 0.0750733 0.0998227 0.10151 0.0886793 0.126419 0.436464 0.912392 1 0.307718 0.0253139 0.744428 1 0.591428 0.234726 0.250959 0.507955 0.862494 0.406032 0.235411 
0.402206 0.175982 0.0120498 0.00626319 0.0188576 1 0.130846 0.0159303 0.00755668 0.214174 0.151832 0.304762 0.459524 0.470147 0.421795 0.482967 0.627839 0.936996 1 0.302198 0.0130386 0.0290575 0.0730163 0.163914 0.319012 0.537067 0.88824 1 0.450391 0.144915 
1 0.0280632 0.00393684 0.00122105 0.00246316 0.00101053 0.00696842 0.0207158 0.0637263 0.292947 0.239845 0.92835 1 0.784157 0.49869 0.32978 0.182013 0.0379988 0.00899345 0.00375223 0.228413 0.809109 0.980561 1 0.813856 0.866637 0.902464 0.814534 0.717111 0.496157 
0.604205 0.670183 0.510761 0.0454354 0.0252385 1 0.129398 0.0635554 0.0125816 0.0389038 0.412217 0.833269 1 0.937238 0.790748 0.151546 0.0221 0.00883596 0.00404392 0.00147603 0.0861443 0.126414 0.129291 0.187842 0.272266 0.341701 0.432945 0.2912 0.186537 1 
1 0.521107 0.236928 0.676489 0.282699 0.180669 0.0481333 0.00815203 0.0132406 0.312192 1 0.761696 0.250768 0.181656 0.135627 0.0217622 0.000130313 1.86161e-005 0 0 0.000285608 0.615314 0.997001 0.0725302 0.0123097 0.0298889 0.108945 0.302616 0.469026 1 
1 0.169834 0.0361583 0.0119553 0.0989793 0.195937 0.0251119 0.00663548 0.00697234 0.0175929 1 0.21998 0.118474 0.0894424 0.0819641 0.105288 0.1295 0.0897855 0.0618689 0.0192141 0.00890584 0.0196139 0.0397369 0.0991522 0.168136 0.219971 0.103815 0.145419 0.190482 1 
0.848346 1 0.52755 0.059686 0.077893 0.0195932 0.00487831 5.33149e-005 0 0.00111961 1 0.0471764 0.0760554 0.0992592 0.058317 0.0278865 0.0116718 0.00500419 0.00406765 0.00118815 0.000492026 0.00214176 0.0531678 0.488872 1 0.640445 0.122225 0.182571 0.252873 0.0140083 
0.249193 0.534442 0.0601424 0.0483792 0.0679403 1 0.0234968 0.00860862 0.0113946 0.300859 1 0.93096 0.637752 0.670604 0.460867 0.249353 0.165446 0.425241 0.239473 0.0430134 0.0876462 0.0221374 0.0334823 0.306486 0.953843 1 0.663144 0.510567 0.237287 0.109206 
1 0.280319 0.0020555 0.00188421 0.00162727 0.000513875 0.0171292 0.171634 0.0859884 0.83693 0.574973 0.748628 1 0.973216 0.389682 0.239517 0.648518 0.61449 0.458178 0.227881 0.235414 1 0.298081 0.127749 0.132579 0.436888 0.910894 0.381086 0.0273293 0.00915215 
1 0.176406 0.00243086 0.00146827 0.00405438 0.00267483 0.0106017 0.00723047 0.00417415 0.0940404 1 0.011359 0.012823 0.0147897 0.02584 0.0454714 0.148002 0.503034 0.398615 0.214358 1 0.0436034 0.0420128 0.0250479 0.0266673 0.0744742 0.232391 0.433091 0.168181 0.0689176 
1 0.959595 0.628293 0.0965107 0.0372693 0.0968142 0.65158 0.0792667 0.011909 0.00690265 1 0.286847 0.244338 0.34687 0.411197 0.429275 0.389082 0.260546 0.368599 0.183186 0.690774 0.553492 0.432001 0.282076 0.202547 0.231317 0.240204 0.330177 0.347341 1 
1 0.133034 0.00644882 0.00141182 0.00520551 0.00718661 0.0233815 0.0376637 0.053681 0.0867494 0.184952 0.601421 0.336612 0.258655 0.292867 0.40852 0.545925 1 0.826286 0.0233961 0.818219 0.533997 0.891768 0.917972 1 0.540729 0.154458 0.17652 0.221136 0.584168 
0.833093 0.334638 0.0898413 0.0346178 0.141356 0.560066 1 0.0480115 0.00947867 0.163404 1 0.536973 0.224145 0.163655 0.0219146 0.00205049 0.0011534 0.000256312 0.000384468 0.0111496 0.0751145 0 0 0.0764885 0.0661069 0.910687 1 0.202595 0.010687 0.04 
0.608397 0.315665 0.102402 0.0291025 0.324978 1 0.0673237 0.00915758 0.0103217 0.0694579 1 0.109438 0.157153 0.24364 0.227693 0.245496 0.176054 0.13762 0.190904 0.196937 0.0381842 0.161954 0.273434 0.490313 0.513888 1 0.923882 0.335946 0.153677 0.207787 
1 0.0506762 0.00962171 0.00542763 0.00997807 0.0293677 0.0265716 0.0147021 0.0178088 0.186723 0.514637 0.565331 1 0.984316 0.59029 0.135803 0.0208769 0.00467664 0.001912 0.00113686 7.86658e-005 0.0103446 0.0450559 0.423812 1 0.453666 0.336375 0.368254 0.250846 0.0190568 
0.189021 0.0110091 0.00228809 0.00185673 0.00805521 1 0.227046 0.0437926 0.0445803 0.189115 0.16527 1 0.732755 0.228164 0.167438 0.128218 0.0366774 0.0267022 0.0223954 0.0106698 0.0436579 0.05176 0.156792 0.136605 0.386823 1 0.151038 0.144412 0.128441 0.0512805 
1 0.242715 0.214897 0.476563 0.303359 0.236178 0.960811 0.00827596 0.00747618 0.129529 0.239793 0.244859 0.834357 1 0.793706 0.683853 0.658878 0.363533 0.369077 0.643142 0.146558 0.187526 0.291004 0.485335 0.59374 0.538036 1 0.478389 0.535455 0.575156 
1 0.0465044 0 0 0 0 0 0 0 0.0831791 0.0510065 1 0.390136 0.17985 0.1489 0.133432 0.120823 0.0699488 0.0280763 0.00675884 7.77524e-005 0.0193863 0.0449409 0.0710657 0.0764566 0.0801757 0.102154 1 0.302444 0.185764 
1 0.0222495 0.00240194 0.00236746 0.00422925 0.0919058 0.273235 0.0103778 0.00341328 0.00974567 1 0.0692948 0.0942889 0.201179 0.298338 0.343735 0.297216 0.192361 0.228991 0.388009 1 0.187036 0.23254 0.426471 0.284801 0.373136 0.274938 0.0405945 0.00132423 4.56631e-005 
0.970091 0.0660354 0.055998 0.0596148 0.544782 1 0.0227162 0.00572984 0.00369798 0.0192214 0.486247 1 0.345592 0.302369 0.337466 0.0712624 0.0246824 0.00846908 0.00247969 0.000572235 0.00711764 0.0362715 0.0440155 0.0826785 0.27588 0.650325 0.84643 0.698895 1 0.208746 
0.625182 0.549517 1 0.291251 0.236335 0.256099 0.0305813 0.00575369 0.00256158 0.0440985 1 0.426733 0.548413 0.744478 0.531068 0.667442 0.453089 0.139408 0.0153425 0.00521232 0.220264 0.141757 0.337283 0.483988 0.58027 0.659428 1 0.510087 0.366198 0.273382 
1 0.646794 0.27733 0.0397533 0.00974721 0.00118495 0.0466337 0.00747923 0.000496917 0.00340197 1 0.320348 0.0660839 0.0708624 0.111724 0.0714393 0.0827397 0.0865775 0.0433703 0.0681784 1 0.0434497 0.0671878 0.14513 0.131675 0.15011 0.151448 0.144758 0.0939986 0.0489011 
1 0.556832 0.269421 0.224952 0.0251937 0.0226627 0.010241 0.0128889 0.027608 0.116467 0.361958 0.549055 0.830478 0.92525 1 0.903671 0.752948 0.621802 0.281646 0.08198 0.63981 0.446974 0.242104 0.217639 0.134132 0.107125 0.0959376 0.119216 0.285383 1 
1 0.18649 0.0143388 0.00312268 0.0161657 0.0205204 0.0191184 0.00554434 0.00599044 0.0606267 1 0.130807 0.169486 0.181952 0.11389 0.0423192 0.00319489 0.000261876 5.23752e-005 0 0 0 0 0.000231891 0.0171309 0.0929302 0.114438 0.297835 0.294878 1 
1 0.649415 0.0737227 0.0117047 0.0448771 0.111056 0.469573 0.0455983 0.0142009 0.284129 1 0.270796 0.293318 0.296452 0.275683 0.215287 0.128705 0.0848826 0.0209285 0.00254967 0.0323669 0.133486 0.435912 0.293598 0.194201 0.467705 1 0.868595 0.0676762 0.00509545 
1 0.58668 0.334864 0.28665 0.404276 0.281128 0.0583581 0.0172208 0.0317442 0.112781 1 0.575387 0.334707 0.269718 0.178953 0.160743 0.109014 0.0669414 0.0437325 0.0497178 0.541441 0.395196 0.32346 0.193286 0.19042 0.219685 0.305367 0.326972 0.391551 1 
0.343726 0.171284 0.0218519 0.0474009 1 0.511698 0.0496082 0.0357576 0.0190376 0.117261 0.0813694 1 0.84263 0.408869 0.201018 0.111212 0.0898062 0.0729326 0.0584298 0.0264259 0.049462 0.0445158 0.0459042 0.0657758 0.173811 0.829313 0.980128 1 0.264839 0.190819 
1 0.313072 0.0918198 0.0364452 0.0893 0.174605 0.07498 0.0419151 0.0580173 0.130293 1 0.207318 0.143733 0.0780161 0.0213578 0.00190933 0.000133209 4.4403e-005 0 0 0 0.000729262 0.00847767 0.0409298 0.0978122 0.361987 0.905287 0.431358 0.135369 1 
0.952777 1 0.239496 0.159664 0.202229 0.325813 0.156284 0.192181 0.261966 0.784344 1 0.567367 0.515155 0.42573 0.240477 0.108943 0.0536555 0.0198933 0.00370254 0.000941324 0.00116822 0.0254673 0.112967 0.172371 0.281016 0.480841 1 0.458995 0.156659 0.0441589 
0.880985 1 0.490786 0.617323 0.474986 0.0111483 0.00216584 0.000715501 0.000483447 0.00222386 0.914201 1 0.730003 0.429245 0.342205 0.298778 0.152033 0.0327091 0.00756249 0.00338408 0.076597 0.170871 0.30077 0.451916 0.597031 0.852797 0.869495 1 0.31332 0.00554024 
1 0.194596 0.00593488 0.00999085 0.00666288 0.00809806 0.0374397 0.00917966 0.00269011 0.0143033 1 0.15786 0.16831 0.169175 0.180332 0.192381 0.196873 0.13045 0.056732 0.0360665 1 0.019576 0.013516 0.0199165 0.0384144 0.0697814 0.140743 0.239996 0.417894 0.149833 
0.791068 1 0.0593106 0.00316135 0.0196523 0.00469484 0.00762026 0.00594522 0.00568571 0.0987567 1 0.146975 0.0931009 0.0699475 0.0757576 0.0510733 0.0251713 0.00612323 0.00180914 0.000643635 0.00248074 0.00948387 0.0149064 0.0146649 0.0216022 0.0537859 0.131764 1 0.561261 0.0473096 
0.308068 0.549389 0.165281 0.094295 0.635045 1 0.187286 0.0317033 0.0193969 0.099022 0.454846 0.864785 1 0.946838 0.982995 0.582136 0.299158 0.626713 0.287931 0.073964 0.530748 0.207467 0.211736 0.251521 0.190844 0.16214 0.291307 0.335089 0.262512 1 
0.100938 0.120935 0.131178 0.0699879 0.0657907 1 0.0133495 0.00206906 0.00245062 0.0125809 0.563768 0.342808 0.181631 0.139477 0.127609 0.124932 0.140155 0.206834 0.611189 1 0.00456208 0.0395416 0.0909296 0.198365 0.306779 0.622929 1 0.676124 0.0981386 0.00437917 
1 0.385684 0.0219972 0.00299699 0.0101335 0.0134202 0.0347054 0.0748833 0.0281568 0.0827566 1 0.0974775 0.0862924 0.0980786 0.183802 0.260927 0.211614 0.11828 0.0640833 0.0202125 0.00526043 0.0144986 0.00785628 0.0167051 0.025447 0.0459848 0.0867932 0.108644 0.214807 1 
1 0.627049 0.452453 0.0827748 0.00231285 0.000597879 0.000928286 0.000708015 0.0408603 0.583593 0.0771217 0.757628 0.749204 0.397894 0.186637 0.186737 0.140755 0.151686 0.31463 1 0.243988 0.393564 0.267318 0.28177 0.381698 0.683034 0.770809 1 0.875593 0.199425 
0.243354 1 0.0737713 0.0215166 0.229914 0.674569 0.679049 0.0404173 0.0030738 0.0106929 0.101663 0.306462 0.527819 0.632148 0.883744 0.894899 0.733951 0.509366 0.407283 1 0.271805 0.185116 0.139971 0.24956 0.345901 0.520548 0.320712 0.235739 0.452586 1 
1 0.107604 0.0254844 0.00838926 0.052235 0.0200393 0.0271622 0.0140876 0.0120615 0.176523 1 0.318339 0.209149 0.238725 0.290527 0.248545 0.158347 0.0726172 0.0788499 0.033104 0.573341 0.41252 0.311711 0.145278 0.152509 0.277064 0.91851 0.654182 0.476632 1 
1 0.458297 0.0185058 0.0030843 0.0011241 0.00527675 0.139769 0.081288 0.0361848 0.130535 0.400614 1 0.688089 0.143563 0.114828 0.0560787 0.0352946 0.0265486 0.0158521 0.0116033 0.00562482 0.0174994 0.035063 0.0893882 0.582161 1 0.249928 0.308388 0.396574 0.548091 
1 0.0623471 0.0109264 0.00240492 0.010551 0.300934 0.5687 0.187653 0.0784725 0.083477 1 0.0553206 0.0035837 0.000421612 7.02687e-005 2.55522e-005 0 1.27761e-005 0 0 0.000834961 0.00323547 0.00617275 0.0161326 0.0306699 0.0936051 0.367666 0.56995 0.3845 1 
0.985314 0.431999 0.221274 0.058279 0.149447 1 0.354328 0.0370773 0.105905 0.297704 1 0.120205 0.0850044 0.0639276 0.0593287 0.0717524 0.0431343 0.02585 0.0277899 0.0253269 0.00450308 0.00424633 0.0200071 0.0290133 0.0232659 0.0193553 0.0259717 0.0561108 0.208267 1 
1 0.391844 0.00860995 0.00157544 0.00428666 0.0208104 0.00806038 0.00435993 0.0119074 0.014069 1 0.237328 0.235974 0.253482 0.170923 0.0362739 0.000628748 0 0 0 0 0 0.000346947 0.020222 0.265315 0.216594 0.360676 0.0908505 0.0285488 1 
0.0520368 0.00447039 0.000832497 0.000239485 0.00214396 0.343548 1 0.0125901 0.00464146 0.0129892 0.209452 1 0.0148794 0.000360536 0.000155907 0 0 0 0 0 0 0.00367883 0.125045 0.224016 0.360919 0.667262 0.931674 1 0.963605 0.213408 
0.127374 0.0736432 0.240302 1 0.0647106 0.0101701 0.00416254 0.00220502 0.00243002 0.0662182 1 0.0370949 0.0257111 0.0218569 0.020686 0.0181002 0.0109447 0.00591957 0.0046023 0.00232554 0.0110063 0.0258047 0.0395548 0.0628314 0.0641263 0.138118 0.760051 1 0.0755334 0.00326797 
0.322987 1 0.353781 0.114284 0.0738799 0.110299 0.349596 0.0436842 0.0146993 0.0070048 1 0.149677 0.420889 0.427372 0.445865 0.540452 0.680151 0.390804 0.268075 0.11774 0.544367 0.252901 0.147621 0.165886 0.191366 0.193263 0.190318 0.171697 0.225069 1 
0.951618 1 0.00907788 0.00103101 0.000880127 0.00046521 8.80127e-005 2.51465e-005 0.000138306 0.00111902 0.0410253 0.294144 0.769418 1 0.631703 0.662718 0.459704 0.068845 0.00231412 0.000100614 0 2.90487e-005 0.454263 0.90228 1 0.571097 0.212956 0.182803 0.3374 0.877734 
0.304192 1 0.00829747 0.000976742 0.000222426 9.67071e-006 6.7695e-005 0.000106378 2.90121e-005 0.000348146 0.00956806 1 0.956571 0.19344 0.16897 0.165284 0.0857597 0.0310178 0.0216458 0.0212144 0 0.00461467 0.0320384 0.101584 0.143908 0.234169 0.697628 1 0.338111 0.210648 
0.737912 1 0.120461 0.0183026 0.00204459 0.000578124 0.000197408 9.87042e-005 0.00022561 0.0427953 1 0.83972 0.469604 0.318494 0.261955 0.194251 0.103219 0.0375817 0.00914598 0.00220929 0.00202988 0.0244537 0.0993688 0.269561 0.462622 0.605189 0.613499 0.499382 0.748486 1 
0.49287 1 0.644992 0.267934 0.593689 0.304709 2.45002e-005 0 9.80008e-005 0.0142346 0.560919 1 0.644568 0.389624 0.223538 0.140495 0.0765317 0.0423393 0.116236 0.637754 0.00164579 0.0273927 0.122179 0.333622 1 0.607995 0.45661 0.324249 0.382158 0.522497 
1 0.0474069 0.00030991 0 6.47573e-005 9.25104e-006 8.78848e-005 5.08807e-005 0.000568939 0.0170358 1 0.505765 0.0412152 0.0104407 0.00715459 0.00445776 0.00404179 0.00310587 0.00342478 0.00840942 0 0.00850447 0.0317983 0.0378379 0.0591341 0.399395 0.861779 1 0.27379 0.0188197 
1 0.0190425 0 0 0 0 0 0 0 8.99078e-005 0.285833 1 0.294238 0.0812307 0.0283583 0.0165665 0.00976294 0.00485096 0.00321109 0.00230344 0 0.000654991 0.0116286 0.0611459 0.195197 0.667295 1 0.202483 0.137427 0.0086358 
0.422757 0.474355 0.00603125 0.00140096 0.00180463 0.376906 1 0.0114689 0.0082158 0.0563708 0.205713 0.288535 0.244288 0.189541 0.0797881 0.0212364 0.0312245 0.253296 1 0.0043873 0.00219484 0.011474 0.0303801 0.0532629 0.171567 1 0.072734 0.227133 0.490297 0.100159 
1 0.171568 0.00188261 0.000167343 0.000125507 0.305359 0.562147 0.209597 0.187592 0.410576 0.345208 0.602772 0.940975 0.972351 1 0.71106 0.298554 0.148159 0.0527649 0.00298107 6.63834e-005 0.0236989 0.645181 0.665228 0.472517 0.571362 0.561405 0.274628 0.306625 1 
0.42855 0.237291 0.00672073 0.00480589 0.00810993 1 0.17733 0.022828 0.0234662 0.0426898 0.691093 0.882452 0.296753 0.178584 0.126419 1 0.483588 0.0693754 0.416962 0.454312 0.00249158 0.0108418 0.0253199 0.112593 0.467071 0.194411 0.887744 1 0.685185 0.114949 
1 0.0387606 0.00517071 0.00146043 0.00142096 0.00138149 0.00193408 0.00706532 0.00473653 0.438958 0.0615277 0.256202 0.604345 0.863069 0.722355 0.541275 0.492502 0.615978 1 0.0815697 0.139661 0.673881 1 0.951009 0.321878 0.352296 0.359608 0.436092 0.798918 0.527493 
1 0.720453 0.0345082 0.013839 0.0235263 0.0185264 0.0703109 0.0280574 0.00787929 0.028169 1 0.210184 0.340762 0.242229 0.152146 0.114423 0.0827246 0.0490269 0.0190083 0.0165822 1 0.0392635 0.0561542 0.0965422 0.0883194 0.115518 0.113902 0.174882 0.305955 0.0511175 
1 0.725162 0.0167962 0.00267456 0.0169745 0.00499251 0.0278154 0.0359104 0.0205406 0.431424 0.552363 0.377296 1 0.647366 0.53778 0.457073 0.306598 0.197155 0.167131 0.096004 1 0.0643155 0.0217242 0.0232427 0.0352192 0.0392603 0.0455302 0.05976 0.0899339 0.188489 
1 0.0375144 0.0136228 0.00799449 0.0180795 0.0152309 0.0083161 0.00624856 0.0326212 0.113301 1 0.162503 0.157369 0.072864 0.0308588 0.0229519 0.0227597 0.022293 0.00551834 0.000219635 0 0 0.000509107 0.0115115 0.0345627 0.0629313 0.12145 0.182176 0.129455 1 
0.333491 0.193905 0.000120317 1.85103e-005 1.85103e-005 4.62757e-005 1 0.0531801 0.0183622 0.0260625 0.0721857 0.118079 0.147209 0.231723 0.387859 0.730539 1 0.385679 0.160646 0.0501034 0.00291397 0.0192183 0.0665356 0.211378 0.708233 1 0.605458 0.486193 0.425254 0.53587 
8.08024e-005 0.000630259 0.0185468 0.565692 1 0.0685097 0.00134671 1.61605e-005 0 1.07737e-005 0.00446998 0.0374819 0.14024 0.444286 1 0.502865 0.0961705 0.0174696 0.00485103 0.00165609 0.000100284 0.0625439 0.379893 0.644175 0.775748 0.924519 1 0.721193 0.462744 0.16363 
0.881249 0.167139 0.0240615 0.00781682 0.00710201 0.0301259 1 0.0347837 0.0376199 0.116272 1 0.141222 0.283942 0.291355 0.260165 0.571379 0.884399 0.246893 0.0938406 0.0415042 0.00183296 0.0131336 0.0822601 0.163532 0.22818 0.428164 0.710902 0.354431 0.20577 1 
0.732773 0.246225 0.290725 0.167367 0.839785 1 0.50929 0.0961517 0.133462 0.567601 1 0.445393 0.336581 0.270141 0.390261 0.104007 0.0770554 0.0566965 0.0202472 0.00362035 0.117986 1 0.576498 0.573602 0.327541 0.100544 0.0673796 0.067316 0.710971 0.313314 
0.593083 1 0.0201551 0.000953868 0.0109137 0.00620633 0.0150265 0.0164759 0.00614439 0.0480031 1 0.181583 0.242556 0.170847 0.0615904 0.025884 0.0156169 0.00812968 0.0036077 0.000901925 0.000603422 0.00333319 0.0172981 0.0611612 0.105613 0.13452 0.154907 0.169576 0.344281 1 
1 0.0298662 0.00125343 8.64435e-005 6.48326e-005 0.000129665 0.0019882 0.00112377 0.00121021 0.0145657 0.0263096 0.101446 0.4459 0.243067 0.128111 1 0.719483 0.0841432 0.0461602 0.0138658 1 0.194635 0.00721496 0.0077908 0.013075 0.0356683 0.129632 0.14999 0.104329 0.0038954 
0.796699 1 0.0211117 0.000254869 0.000637173 0 0.000615934 8.49564e-005 6.37173e-005 0.00231506 0.0790745 1 0.0729299 0.0288796 0.0906645 0.240381 0.216968 0.0614035 0.0206162 0.00428002 0.00240977 0.0065721 0.0662139 0.186155 0.417657 0.948026 1 0.624514 0.509557 0.936579 
0 0 0 0 0.464013 1 0.000206331 0 0 0 0.00932927 1 0.299653 0.0830212 0.0113417 0 0 0 0 0 0 0 0 0 0 0.0276097 0.239592 0.557322 1 0.000590015 
0.704602 1 0.102301 0.0159204 0.0339552 0.0546642 0.103762 0.00494403 0.0016791 0.0185323 1 0.195688 0.07307 0.040372 0.0458147 0.0134087 0 0 0 0 0 0 0 0 4.76361e-005 0.00326307 0.0836966 0.329332 1 0.146552 
1 0.615821 0.0266547 0.00429313 0.0123194 0.0162766 0.0383022 0.0197857 0.00727965 0.0727592 1 0.337087 0.232909 0.325969 0.251881 0.103421 0.0373279 0.00780622 0.00141931 0.000331173 0 0.000644102 0.00309169 0.00901742 0.0174874 0.0371003 0.0486619 0.124601 0.323854 1 
1 0.286789 0.00576709 0.000921876 0.000857559 0.000771803 0.000385902 0.000171512 0.00383758 0.317447 0.0886127 1 0.0766649 0.0317162 0.0108558 0.00213583 0.000546001 0.00014453 6.42354e-005 3.21177e-005 0.0010239 0.00314483 0.0747628 1 0.0142066 0.0203317 0.0257254 0.0419249 0.0721299 0.125738 
1 0.0852702 0.00294691 0.000808023 0.00104568 0.000784258 0.000974381 0.000380246 0.000831789 0.867555 0.205487 0.232152 0.20569 0.167052 0.133528 0.120541 0.0998011 0.0752466 0.110881 1 0.00727714 1 0.372627 0.2025 0.429864 0.422914 0.482344 0.269861 0.267855 0.393152 
1 0.163087 0.019224 0.00345046 0.00823886 0.0291881 0.011126 0.00714738 0.0143652 0.00728822 1 0.0706944 0.24179 0.385623 0.369892 0.151855 0.0242542 0.00426172 0 0 0 0 5.81294e-005 0.000232518 0.00302273 0.0147067 0.0680695 0.373307 0.625995 1 
1 0.433912 0.255345 0.274681 0.17028 0.162902 0.0387104 0.0150982 0.0174443 0.0679986 1 0.467943 0.256869 0.129599 0.0822084 0.0570927 0.0276687 0.0117121 0.0062869 0.00306367 0.00827782 0.0161654 0.0283174 0.0514507 0.0779286 0.106748 0.138828 0.16001 0.206806 1 
1 0.0335952 0 0 0 0 0 0 0 0.0314585 0.0794161 1 0.51699 0.155536 0.12964 0.39198 0.213294 0.0320176 0.0070627 0.00204034 0.0463211 0.0437791 0.0852987 0.169609 0.25745 0.695664 1 0.827284 0.454879 0.99534 
0.737605 0.13256 0.0535173 0.0237951 0.0333564 0.0333997 0.0439128 0.796876 0.43995 1 0.609622 0.38083 0.433162 0.763129 0.709144 0.636339 0.645795 0.344657 0.522769 1 0.0358447 1 0.402302 0.411783 0.778645 0.54852 0.136838 0.134658 0.242902 0.169793 
1 0.796267 0.00961552 0.0014569 0.000946984 0.000946984 0.000189397 0.000335086 0.000539052 0.00208336 1 0.0467107 0.0242688 0.028836 0.0583705 0.203697 0.443573 0.291064 0.108377 0.0205613 0 0 9.52971e-005 0.00108639 0.00503169 0.0156668 0.0265974 0.045228 0.0917902 1 
0.471007 0.022634 0.00256004 0.00138161 0.00247877 0.0271445 1 0.0929741 0.0759072 0.254419 0.355899 0.469446 0.301669 0.211333 0.191919 0.118776 0.0912673 0.0765814 0.116054 1 0.000757576 0.00268595 0.00964187 0.0481405 0.153926 0.426171 0.524105 0.603512 1 0.536846 
0.761245 1 0.368219 0.205804 0.216522 0.489445 0.334145 0.105032 0.144067 0.338638 1 0.767993 0.464948 0.227404 0.0700144 0.0141714 0.00258756 0.000240703 9.02636e-005 6.01757e-005 0.0350301 0.256158 0.235054 0.462689 0.541325 0.353646 0.540047 0.878246 0.84723 1 
0.611776 0.118365 0.0427978 0.0169759 0.0395387 1 0.292816 0.0231717 0.0159373 0.0665425 1 0.69882 0.195491 0.15473 0.0694733 0.0359697 0.0192355 0.0100053 0.00630615 0.00116259 0.00036736 0.00192864 0.0208936 0.184369 0.927446 1 0.397713 0.166598 0.0671351 0.090141 
0.0475174 0.529747 0.000592856 5.92856e-005 8.89284e-005 0.000177857 1 0.0353935 0.00764784 0.00912998 0.0175818 0.0659667 0.104793 0.194237 0.178679 0.115468 0.0444429 0.0244192 1 0.145782 0.00949455 0.0713166 1 0.0110002 0.00734368 0.00980181 0.0184975 0.0361346 0.0959287 0.43045 
1 0.113674 0.0135014 0.00476708 0.00239954 0.000607883 0.00495905 0.00412721 0.00339135 0.145124 0.0584619 0.0900869 0.193001 1 0.304723 0.283206 0.103624 0.0532009 0.0575752 0.154815 1 0.941289 0.0331575 0.0285675 0.028499 0.0312393 0.13674 0.163116 0.146057 0.259026 
1 0.903808 0.133724 0.0469866 0.0996334 0.0801441 0.131826 0.140349 0.107127 0.136232 1 0.483832 0.28841 0.130282 0.0632843 0.0260375 0.0125018 0.00820134 0.00615688 0.00448841 0.00133261 0.00441955 0.00588712 0.0096488 0.0160757 0.0320839 0.0559698 0.117658 0.214973 1 
1 0.761979 0 0 0 0 0 0 0 3.17023e-005 0 1 0.585419 0.376163 0.0415375 0.000919449 0 0 0 0 0 0 2.57513e-005 0.0392965 0.449695 0.363866 0.290887 0.230474 0.48827 1 
1 0.202331 0.00346813 0.00215024 0.00867032 0.106957 0.629326 0.498439 0.148991 0.104807 0.1252 1 0.238556 0.259179 0.327249 0.14011 0.0990734 0.094475 0.129381 0.205671 0 0.0352913 0.268001 0.21163 0.20784 0.351374 0.621625 0.9473 0.975604 1 
1 0.211994 0.19605 0.0032837 0.00175468 0.000571079 0.000603317 7.8293e-005 2.30274e-005 0.000442125 0.0597161 0.119505 0.359624 0.517398 0.512234 0.73661 1 0.8273 0.280781 0.0548577 1 0.136386 0.128854 0.28413 0.579704 0.504683 0.379594 0.248563 0.295342 0.198704 
0.285988 0.0104323 0.00983272 0.0130703 0.0886144 1 0.228491 0.0279693 0.0266203 0.21557 1 0.893054 0.874964 0.621708 0.414689 0.26165 0.361795 0.157381 0.0123734 0.00347323 0.0127845 0.0877525 0.200716 0.241984 0.316901 0.282588 0.638456 1 0.338635 0.132549 
1 0.587252 0.130254 0.0103765 0.00638318 0.00612106 0.785655 0.0440192 0.0179315 0.0230041 0.047743 0.105469 0.22364 0.327364 1 0.633503 0.642028 0.727044 0.77533 0.0944562 1 0.709016 0.0872438 0.0687514 0.0667327 0.091129 0.234955 0.277615 0.262589 0.427078 
1 0.0469546 0.013611 0.00123115 0.0315995 0.110667 0.591498 0.0885401 0.0115249 0.0964399 1 0.307157 0.329507 0.291357 0.0383525 0.000202566 0 0 0 0 0 0.431401 1 0.0968041 0.1052 0.119013 0.111236 0.107444 0.15484 0.127795 
0.0614517 0.0277205 0.00870884 0.00363905 0.0225108 0.214556 1 0.119381 0.0235916 0.0311652 0.217255 0.684157 1 0.34158 0.171685 0.124311 0.0931753 0.0769364 0.0553134 0.0208003 1 0.193384 0.049941 0.0466795 0.0690096 0.132828 0.132157 0.0702516 0.0321324 0.0119826 
1 0.105657 0.00967545 0.00228171 0.00779273 0.0191015 0.00481279 0.00194506 0.00750595 0.0107602 1 0.463613 0.267084 0.124935 0.0185133 0.00115958 1.99928e-005 0 0 0 0 0 0 0.000399392 0.0022581 0.0111062 0.0507842 0.128497 0.247838 1 
1 0.325709 0.10493 0.0226282 0.0167439 0.0411608 0.0264012 0.0109671 0.0130002 0.0840127 0.505584 0.820676 1 0.635542 0.367232 0.271701 0.193503 0.112579 0.0571903 0.0192531 0.00924761 0.266368 0.690945 0.813975 0.884072 0.769956 0.753681 1 0.695717 0.343382 
1 0.651616 0 0 0 0 0 5.30588e-005 0.00204277 0.0176421 0.00326344 0.0349951 0.109568 0.305721 0.824191 1 0.74073 0.454867 0.278364 0.132898 0.778129 1 0.4218 0.461674 0.606188 0.61308 0.413291 0.124613 0.0110408 0.000562588 
1 0.972849 0.846818 0.0124475 0.0248172 0.738214 0.978761 0.04979 0.0311187 0.573129 0.0828184 0.245049 1 0.491314 0.472532 0.654859 0.297406 0.0219454 0.00184906 0.00082721 0.0237148 0.186812 0.356487 0.466799 0.46198 0.603045 0.931839 1 0.537332 0.572751 
1 0.0295652 0.00858225 0.00273876 0.0177013 0.0201533 0.010461 0.00256797 0.011748 0.113881 1 0.0177794 0.0189476 0.0307659 0.0768468 0.207832 0.156958 0.0289736 0.0476091 0.01021 0.00499971 0.0518242 0.0987982 0.085319 0.0753112 0.0773792 0.133813 0.0894632 0.0406704 1 