1 0.0473462 0.00867765 0.0254202 0.0690569 0.0192432 0.080616 0.0479092 0.0579449 0.202948 0.927814 1 0.408955 0.202586 0.103647 0.0709647 0.0429303 0.0141512 0.0136448 0.00309837 1 0.554932 0.348068 0.31606 0.308908 0.377399 0.468584 0.592446 0.562806 0.315649 
0.0863542 0.046784 0.0142465 0.0210075 0.416106 1 0.105339 0.0468142 0.024539 0.0407473 0.210457 0.342813 0.486272 0.873879 1 0.284183 0.0292606 0.0177751 0.0205097 0 0.0031556 0.907073 0.943961 1 0.825462 0.763112 0.666703 0.484222 0.347008 0.555495 
1 0.0439746 0.0115917 0.000103729 0.00205513 0.00658031 0.00670997 0.00190602 0.00582179 0.0188592 1 0.150689 0.0983204 0.0366138 0.013836 0.0077376 0.00345706 0.00142167 0.00104877 0.000504964 0.0652333 0.0991518 0.0763361 0.0707159 0.0598366 0.0434144 0.0197479 0.00934973 0.01112 1 
0.0999085 1 0.784236 0.396219 0.00841372 0.000704077 0.00105611 0.000352038 0.000105611 0.000704077 0.295601 1 0.700688 0.420154 0.257913 0.153881 0.056867 0.0174356 0.00567775 0.0013412 5.43833e-005 0.0307266 0.148575 0.333098 0.468295 0.821677 1 0.554383 0.155047 0.0283881 
0.432229 1 0.696543 0.808605 0.995651 0.660345 0.0366384 0.0143416 0.00123871 0.0251872 0.411162 1 0.22119 0.124748 0.0122535 0.00162824 4.17497e-005 0 0 0 0 1 0.483631 0.549074 0.818018 0.989937 0.677206 0.431379 0.425735 0.393507 
1 0.0370549 0.00230085 0.00381329 0.0136442 0.117295 0.237744 0.362681 0.0598542 0.0606748 0.166734 0.41005 0.794439 1 0.831893 0.436683 0.16258 0.0753099 0.0386935 0.0153769 1 0.287748 0.197379 0.210484 0.270584 0.349965 0.400093 0.35385 0.230314 0.114287 
1 0.154008 0.04087 0.0384143 0.0814477 0.0303456 0.0553704 0.0591709 0.0908613 0.728586 1 0.721511 0.341994 0.157341 0.0819335 0.0358308 0.00990937 0.0029003 0.00163142 0.000785498 0.147802 0.68984 0.694444 0.781491 0.904635 1 0.96331 0.5153 0.0858586 0.00742721 
0.251113 0.286437 0.338104 1 0.290501 0.199057 0.473172 0.063081 0.0319512 0.0628216 0.871769 1 0.590539 0.55743 0.726601 0.395518 0.135808 0.0504903 0.0303706 0.0138164 0.177707 0.480268 0.71254 1 0.934459 0.936561 0.659064 0.289017 0.133494 0.071145 
0.343011 0.390224 0.140826 0.0482503 0.219626 0.915497 1 0.0533975 0.0106277 0.0305499 1 0.610217 0.761152 0.344471 0.189241 0.0667535 0.0173221 0.00521072 0.001866 0.000316868 0.244451 1 0.294735 0.161532 0.102872 0.080347 0.0760096 0.104068 0.186449 0.295752 
1 0.327203 0.0522234 0.0146225 0.00693646 0.00427782 0.005887 0.00222886 0.00164916 0.0125436 0.125173 0.296334 0.466163 0.858242 1 0.482701 0.105523 0.00678378 0.000210531 0 0 0.218119 1 0.935189 0.889296 0.962824 0.867294 0.638031 0.276638 0.0862771 
0.13247 1 0.00289276 0.000149304 0.000429249 0.000727856 0.00694263 0.00037326 0.000317271 0.00160502 0.127972 1 0.231821 0.254911 0.633544 0.699081 0.352039 0.12286 0.0531304 0.0179207 0.126374 0.787355 1 0.470468 0.161897 0.069002 0.0897942 0.612137 0.703341 0.307231 
0.239041 0.165708 0.00549316 0.00470258 0.0289924 1 0.810248 0.0268797 0.0545499 0.107001 0.376671 1 0.478715 0.154463 0.0574383 0.0220278 0.00514722 0.000959255 0.000456231 0.000105284 0.193199 1 0.804614 0.66983 0.763836 0.933402 0.447 0.458358 0.67371 0.377262 
1 0.12585 0.017922 0.000515076 0.00478096 0.000528283 0.531215 0.174122 0.06729 0.108813 1 0.469191 0.36996 0.0253848 0.0027433 0.000285501 0.00217229 4.96524e-005 0.000335154 0.00251986 0.179982 0.0752828 0.155734 0.713163 0.489737 0.478425 0.604861 0.351664 0.493045 1 
0.0617855 0.0253188 0.122343 0.228342 0.469343 1 0.104582 0.012376 0.00529051 0.0112423 0.683512 0.663859 0.82925 1 0.959163 0.833333 0.47269 0.0630424 0.00663604 0.00127616 0 0.0379913 0.21403 0.478277 0.825277 1 0.716946 0.429942 0.214783 0.145195 
1 0.185623 0.00423729 0.00163544 0.000594707 0 0.0028992 0.00223015 0.00178412 0.375112 1 0.612201 0.414199 0.504103 0.636461 0.725651 0.776311 0.518016 0.600071 0.573671 1 0.25165 0.232879 0.248863 0.244171 0.231266 0.200616 0.207802 0.238598 0.24945 
1 0.244795 0.00398478 3.58989e-005 7.17978e-005 0 0 0.000143596 0.0034463 0.061423 0.00669856 0.0957808 0.509787 0.967464 1 0.526316 0.0724663 0.00530666 8.69943e-005 8.69943e-005 0.000126119 0.254004 0.660991 0.937949 1 0.917518 0.572582 0.176441 0.0879052 0.00844999 
1 0 0 0 0 0 0 0 0 0 1 0 0 0 0 0 0 0 0 0 0.0103243 0.495324 0.748451 1 0.919956 0.873193 0.812948 0.672416 0.355642 0.215231 
0.342067 1 0.836988 0.0868537 0.0689025 0.0498753 0.0214403 0.00648917 0.00490764 0.0477068 1 0.635319 0.359342 0.214201 0.117576 0.0738442 0.0377713 0.0149256 0.0063687 0.00264546 0.262884 0.51134 0.520327 0.7566 1 0.988028 0.607534 0.298589 0.174484 0.188457 
0.519844 1 0.149257 0.000324649 0.043503 0.00811622 0.417255 0.130184 0.0152585 0.0699619 1 0.445624 0.245371 0.0947235 0.0432859 0.00341232 0.000126382 0 0 0 0.0201032 0.498347 1 0.803068 0.47044 0.278667 0.189657 0.226557 0.348631 0 
0.205789 1 0.00521886 0.000465191 1.45372e-005 0 0.000116298 8.72232e-005 0.000203521 0.00260216 0.000252706 0.00488565 0.033652 0.109506 0.311797 0.673209 1 0.785453 0.30072 0.114855 0.21161 0.875063 1 0.931807 0.819423 0.994978 0.959626 0.903184 0.778849 0.915939 
0.341364 1 0.465674 0.395506 0.11738 0.0615051 0.00514348 0.000649702 0.000920411 0.00276123 0.711436 0.884788 1 0.858758 0.538938 0.255601 0.139001 0.0681673 0.0462983 0.0264562 0.492858 0.838071 0.68887 0.534295 0.532032 0.759723 1 0.627493 0.392872 0.379013 
1 0.116843 0.128938 0.00451811 0.0258101 0.120959 0.0273823 0.0464314 0.00241467 0.0109197 1 0.117102 0.170313 0.117528 0.0727853 0.0608634 0.0474749 0.0231224 0.0105322 0.00457126 0.0895334 0.219506 0.234504 0.297186 0.311163 0.27114 0.359975 0.924739 1 0.00959574 
1 0.655309 0.293773 0.0642624 0.0262565 0.0202499 0.0889963 0.0696936 0.0431373 0.113922 1 0.870348 0.694087 0.536977 0.332197 0.0638762 0.0304571 0.0103759 0.0108416 0.0158526 0.418954 0.334437 0.540091 0.791885 1 0.86445 0.634158 0.653992 0.375157 0.191592 
0.0932326 1 0.0721928 0.0600475 0.131294 0.145475 0.000357213 0.000196467 0.000196467 0.000517959 0.133571 0.617319 1 0.575262 0.376218 0.311634 0.255058 0.223211 0.20251 0.119474 0.0544246 0.561039 0.887175 0.930084 0.725341 0.644184 1 0.764137 0.121873 0.0818425 
0.726752 1 0.547119 0.153813 0.118074 0.208571 0.264263 0.045461 0.00736899 0.0235524 0.960476 0.85129 1 0.663322 0.336222 0.159845 0.075818 0.0369779 0.0218143 0.0121993 0.0397405 0.216748 0.413625 0.637956 0.898013 1 0.713787 0.295702 0.127007 0.0856448 
1 0.893122 0.140601 0.0117763 0.0432688 0.0474619 0.228031 0.174859 0.0760103 0.150504 1 0.967504 0.603803 0.470271 0.428267 0.441039 0.323116 0.112956 0.0363275 0.00695331 0.5819 1 0.71548 0.861116 0.653753 0.37711 0.212024 0.201415 0.160746 0.219579 
1 0.77463 0.614571 0.288907 0.0504433 0.00408555 0.00970943 0.0046508 0.00675439 0.169811 0.288754 1 0.538194 0.189943 0.103648 0.0666377 0.0446842 0.0271736 0.0269126 0.0168726 0.321112 0.148721 0.343008 1 0.823807 0.169901 0.0544254 0.0154842 0.00872452 0.0130584 
0.929233 1 0.621074 0.294832 0.286948 0.982731 0.328307 0.0215868 0.00531848 0.0305344 1 0.538864 0.293638 0.187203 0.0916251 0.0601812 0.0152658 0.000516969 3.04099e-005 0 0.167028 0.543923 0.457682 0.63201 0.73558 0.63578 1 0.548736 0.383875 0.665784 
0.0288843 0.409037 1 0.471588 0.272355 0.372475 0.108867 0.00994273 0.00201372 0.00258008 0.300766 0.494324 0.803241 1 0.727176 0.415834 0.21238 0.090521 0.045018 0.0160085 0.265343 1 0.545854 0.588963 0.590959 0.588165 0.368327 0.140705 0.0780361 0.0799321 
0.420894 0.339756 0.0344718 0.0217495 0.0911155 0.401573 1 0.192103 0.0286122 0.0709497 1 0.505187 0.151988 0.0539947 0.0294585 0.0277168 0.0231352 0.00829231 0.00605831 0.0143885 0.925084 0.389972 0.626155 0.905586 0.812344 0.667497 0.74901 0.861017 0.287348 1 
1 0.0553993 0.00331942 0.000524865 0.00159351 0.000524865 0.021945 0.0635087 0.0501648 0.255619 0.690897 1 0.464244 0.188216 0.0721804 0.0216485 0.00560137 0.00200789 0.00102785 0.000358551 0.119343 0.760341 1 0.24748 0.158003 0.266594 0.430928 0.417485 0.238722 0.0516825 
1 0.0888721 0.00502955 0.00160946 0.006639 0.721816 0.213027 0.0385515 0.0342009 0.087665 1 0.350159 0.56802 0.788933 0.640898 0.217732 0.0659558 0.0359446 0.032376 0.0259266 0.0232617 0.0242482 0.0406364 0.0879555 0.234113 0.420748 0.340239 0.300716 0.308671 1 
0.936814 1 0.494749 0.00308869 0.00241212 0.00150022 0.0507722 0.0901015 0.060656 0.117664 0.745661 1 0.890764 0.263037 0.239324 0.255863 0.0640773 0.0157963 0.00643003 0.000929195 0.0205687 0.373165 1 0.606036 0.456164 0.25334 0.185052 0.108109 0.0611466 0.0217205 
1 0.512821 0.0180995 0.00275042 0.00612191 0.0110017 0.517523 0.222163 0.0674297 0.179576 1 0.563127 0.273849 0.162938 0.110225 0.103711 0.10174 0.0401131 0.0265707 0.0166281 1 0.366348 0.319831 0.480525 0.689962 0.994436 0.898954 0.642778 0.65769 0.314934 
0.0801242 1 0.381536 0.00638058 5.64653e-005 0 0 0 0 0 0.0294156 0.150085 0.473787 0.821676 1 0.589881 0.204733 0.0699438 0.0318996 0.011897 0.0452542 0.570339 0.695932 0.562881 0.492542 0.71339 1 0.278305 0.0422034 0.0059322 
0.100547 1 0.496226 0.109895 0.11135 0.141749 0.472959 0.118759 0.0155806 0.0227824 1 0.256647 0.0481575 0.0198699 0.00899566 0.00599711 0.00296243 0.00177023 0.000903179 0.00133671 0.220499 0.228254 0.336694 0.533928 0.737495 1 0.82267 0.603464 0.315626 0.035285 
0.763061 0.311009 0.852755 0.31572 0.145157 0.422233 1 0.0595181 0.0522424 0.105021 0.167853 0.644169 0.941331 1 0.575851 0.0978844 0.0345201 0.0125387 0.00593395 0.00165119 0.0432536 0.103221 0.490985 1 0.64298 0.218345 0.23906 0.344155 0.249899 0.0878748 
1 0.819925 0.0687427 0.0063217 0.0330368 0.048724 0.2904 0.0755561 0.0124093 0.0424491 1 0.59868 0.343338 0.108847 0.0447014 0.0130939 0.00463356 0.0017169 0.000848106 0.000455081 0.0296294 0.221607 0.642477 1 0.416633 0.301052 0.204803 0.120636 0.147998 0.721997 
0.550191 0.380204 0.0944113 0.0563826 0.0913569 0.790237 1 0.193803 0.170386 0.432968 1 0.717071 0.361655 0.336602 0.311748 0.12576 0.0126369 0.000408994 1.0487e-005 0 0.0220077 1 0.426159 0.307615 0.279729 0.413223 0.521277 0.538525 0.474949 0.0939841 
1 0.0141667 0.00171246 0.000700553 0.00171246 0.00591578 0.0523079 0.0741029 0.178018 0.466646 0.0291865 0.114883 0.365763 0.867522 1 0.931277 0.580418 0.275512 0.180915 0.0832126 1 0.624063 0.608555 0.284424 0.200579 0.240116 0.260907 0.255794 0.213872 0.242161 
1 0.038564 0.0243682 0.020913 0.00392961 0.000872595 0.0276361 0.0351088 0.0530585 0.306017 0.171031 0.323839 0.749752 1 0.844739 0.869736 0.593809 0.257802 0.119868 0.0319089 1 0.956037 0.668619 0.480036 0.436029 0.453142 0.446201 0.405513 0.378446 0.369922 
1 0.309153 0.0526936 0.0202502 0.0580505 0.0168608 0.102773 0.0248891 0.0138017 0.184923 1 0.849118 0.618386 0.208287 0.0783039 0.0661271 0.0603527 0.0207296 0.0186277 0.0176613 1 0.316271 0.307651 0.324945 0.265485 0.199327 0.194417 0.230178 0.266153 0.209495 
0.727897 1 0.065286 0.00594354 0.0306464 0.0485698 0.0551634 0.0139302 0.0166233 0.0151374 1 0.531654 0.657946 0.459302 0.315245 0.214309 0.117894 0.061531 0.0356912 0.0172804 0.116023 0.469485 0.590684 0.831356 0.682553 0.516498 0.215657 0.0899288 0.0838904 1 
1 0.303623 0.064109 0.046533 0.0555315 0.021909 0.0019615 0.000365704 0.000132983 0.00189501 0.675073 0.578884 0.857832 1 0.431017 0.144594 0.0502666 0.0171222 0.018448 0.0038927 0.331521 0.378097 0.505504 0.670936 0.742862 0.945441 1 0.773299 0.463839 0.109293 
1 0.172202 0.0240995 0.00933531 0.0156056 0.0367803 0.0990224 0.333387 0.445711 0.901839 1 0.743758 0.515751 0.264827 0.162569 0.151074 0.165073 0.127775 0.153531 0.0845635 1 0.436895 0.441734 0.400559 0.332867 0.281874 0.317035 0.365818 0.374573 0.290601 
0.594063 1 0.816404 0.0316684 0.024846 0 0.000203656 0 0.000101828 0.000101828 0.0689623 0.108369 0.57352 1 0.744407 0.794494 0.586594 0.290489 0.145935 0.0652794 0.0495927 0.323332 0.6578 1 0.910609 0.983503 0.655428 0.259202 0.120219 0.036911 
0.550893 1 0.29565 0.0691623 0.150409 0.418544 0.755378 0.168021 0.0644419 0.112587 0.982008 1 0.719804 0.272795 0.269428 0.258154 0.0279455 0.00826201 0.00489491 0.00198763 0.357674 0.334856 0.513861 0.753163 1 0.821306 0.532924 0.320433 0.322132 0.784042 
0.787134 1 0.30257 0.101449 0.139809 0.796455 0.00678843 0.00177792 0.00150854 0.0038791 0.0382527 0.176623 0.559386 0.951004 1 0.519953 0.113932 0.0380165 0.0169421 0.00726092 0.0226327 0.201873 0.421956 0.813215 0.904873 1 0.796219 0.450486 0.305324 0.139525 
0.717068 1 0.811883 0.00406485 0.00160703 0.0016543 0.00803517 0.0226403 0.00727891 0.0064754 0.0651995 0.273162 0.742252 1 0.939829 0.734751 0.473459 0.178206 0.0642928 0.0198648 0.00704486 0.218298 0.311457 0.308213 0.3401 0.519003 1 0.970059 0.61828 0.768725 
1 0.142034 0.539634 0.156069 0.0707511 0.130614 0.224884 0.0212931 0.00987224 0.0576365 0.741959 1 0.805043 0.734385 0.948226 0.553953 0.189562 0.0477277 0.0139033 0.00342395 0.0192959 0.0727731 0.455777 1 0.811924 0.486729 0.378278 0.313696 0.198078 0.0925415 
0.134206 0.461346 0.0178868 0.00560616 0.0124018 1 0.0316214 0.00566123 0.0016411 0.00541892 0.196363 1 0.278689 0.0744277 0.0372509 0.0158181 0.00422945 0.0011208 0.000338356 5.28681e-005 0.0801038 0.232663 0.567658 0.801038 0.783727 1 0.920852 0.630928 0.161676 0.016492 
0.25287 0 0 0.000529848 0.0066231 0.115639 1 0.22757 0.107692 0.132506 0.614266 1 0.599903 0.211273 0.0564842 0.0205178 0.00706053 0.00356044 0.00253455 0.00108624 0.10053 0.666345 0.520612 0.53134 0.439851 0.410559 0.400554 0.502049 1 0.460704 
0.927643 1 0.405981 0.019843 0.0186594 0.0460392 0.258011 0.0543071 0.132043 0.698595 0.474759 1 0.671913 0.417067 0.142505 0.0516055 0.0217993 0.00946009 0.0057446 0.00222106 0.165585 0.766249 0.878341 0.958904 1 0.898951 0.665108 0.511981 0.376665 0.0715494 
0.0335752 0.0442888 0.0460604 0.0561414 0.127763 1 0.564156 0.0705247 0.038468 0.0347984 1 0.733297 0.578675 0.616944 0.771112 0.519044 0.119353 0.00490864 0.000818107 0 0 0.0635966 1 0.464989 0.264752 0.196728 0.190898 0.167144 0.106138 0.12579 
1 0.842299 0.180643 0.00838958 0.0590882 0.00812623 0.0471923 0.0202403 0.0293974 0.116085 0.613721 0.991925 1 0.643321 0.501694 0.432359 0.205917 0.044736 0.0161957 0.0440792 1 0.463058 0.270499 0.170288 0.09869 0.0645839 0.0441702 0.0317277 0.0301634 0.0210423 
0.562412 1 0.81581 0.318856 0.156694 0.083112 0.00640525 0.00312451 0.0340572 0.0940478 1 0.354824 0.0746222 0.0157303 0.00666408 0.00255715 0.00309957 0.00588919 0.00976366 0.0203797 0.0189186 0.0862932 0.300989 0.340779 0.182961 0.113756 0.102771 0.111681 0.143903 1 
0.806979 1 0.147351 0.00741457 0.00940254 0.00843542 0.0389802 0.0134053 0.00483559 0.0263808 0.390726 1 0.547136 0.11116 0.0344027 0.0118046 0.00273254 0.00035523 0.000191278 2.73254e-005 0.0367353 0.142638 0.265806 0.33195 0.520596 0.905164 1 0.535198 0.165386 0.0313557 
0.0651887 0.0395851 0.0139765 0.00321539 0.019576 0.353488 1 0.0609629 0.0113235 0.0159624 1 0.658509 0.155931 0.0214401 0.00332741 0.000856447 0.000248833 0.000121523 7.52284e-005 5.20812e-005 0.0403219 0.222963 0.46389 0.533938 0.398988 0.307825 0.246664 0.251911 0.526708 1 
1 0.114889 0.020545 0.00444268 0.00897266 0.00360846 0.0161411 0.0358033 0.152981 0.297659 0.149995 1 0.96249 0.839159 0.532398 0.282905 0.110136 0.0342176 0.0107534 0.00352307 0.0168748 1 0.519345 0.465307 0.40247 0.413766 0.421399 0.423369 0.455926 0.617041 
1 0.629739 0.182495 0.0624079 0.0797736 0.104659 0.14629 0.048841 0.0254283 0.0624079 1 0.578295 0.337658 0.317999 0.222943 0.205053 0.174088 0.0605524 0.0283102 0.00815885 0.549276 0.670248 0.752452 1 0.675852 0.63405 0.595983 0.602756 0.714386 0.860112 
1 0.265823 0.0633791 0.00969125 0.00720412 0.0225557 0.00368782 0.00077187 0.00741852 0.0174099 1 0.473937 0.808413 0.76909 0.319616 0.155578 0.0736168 0.0326932 0.0229767 0.0129172 0.141891 0.175397 0.279534 0.48309 0.630643 0.652981 0.812805 0.571339 0.380525 1 
1 0.746245 0.0324103 0.00160214 0.00483582 0.0165652 0.0438163 0.00643796 0.00342476 0.0177411 0.186354 0.300132 1 0.693415 0.386681 0.254933 0.164586 0.101219 0.0462657 0.0178957 0.0136709 0.0878588 0.471423 1 0.874201 0.221985 0.0254269 0.0128693 0.0682653 0.0616303 
0.10379 0.47859 0.272055 0.832734 0.761026 1 0.514319 0.0294694 0.00564207 0.00764946 1 0.878993 0.313595 0.0583754 0.0134811 0.00197678 0.000611859 0.000181541 2.01712e-005 6.72373e-006 0.000410259 0.278455 0.531851 0.827547 1 0.683779 0.236187 0.0669054 0.0427223 0.0710413 
0.949419 0.224761 0.0394461 0.0447878 0.226404 1 0.0654148 0.0447467 0.045815 0.10145 0.194502 0.865221 1 0.311772 0.291139 0.287013 0.223889 0.131936 0.101322 0.0488485 0.831935 0.555703 0.481163 0.430537 0.313907 0.227447 0.188521 0.195732 0.685872 1 
0.0137319 1 0.332167 0.231158 0.000145826 4.86086e-005 0 0 0 0 0.000227411 0.00280473 0.424196 0.431398 0.26789 0.41184 0.629472 1 0.876061 0.390767 0.02007 0.305213 0.821702 1 0.703364 0.530063 0.441706 0.380496 0.422801 0.778981 
1 0.016675 0.00134977 0.000358346 0.00336845 0.0139277 0.202979 0.0351776 0.0861822 0.239399 0.383673 1 0.376014 0.088199 0.0221234 0.00625684 0.00124856 0.00035072 0.000126259 0 0.0160537 0.394833 1 0.591022 0.415045 0.423464 0.465694 0.483929 0.435632 0.338219 
0.253202 1 0.025289 0.00298948 0.00145998 0.00139046 0.00258973 0.00498827 0.00552707 0.00836013 0.0507029 0.0475909 0.0469471 0.0687305 0.105913 0.207157 0.393068 0.698412 1 0.929767 0.196045 0.307601 0.674169 1 0.890268 0.581335 0.45197 0.463469 0.600757 0.10216 
0.430077 0.241901 0.18768 0.222939 0.466495 1 0.629819 0.179953 0.136818 0.183064 0.604813 1 0.876592 0.469071 0.241268 0.124369 0.06127 0.0314253 0.0172002 0.00712803 0.0273942 0.672022 1 0.822134 0.373116 0.193299 0.12294 0.097548 0.103605 0.392263 
1 0.325228 0.0338362 0.00529877 0.0104743 0.0131442 0.188394 0.051355 0.0914655 0.455767 1 0.809443 0.566409 0.298253 0.124183 0.0510382 0.0231618 0.0100048 0.00627698 0.00217913 0.233044 0.642859 0.925802 1 0.721761 0.52405 0.385407 0.140637 0.0148484 0.0026662 
1 0.0736338 0.00760962 0.00299329 0.0149058 0.111116 0.175259 0.0950671 0.0479229 0.172973 0.715762 1 0.691099 0.726163 0.751287 0.495612 0.167371 0.00967008 0.000365675 6.77176e-005 0.164888 1 0.802404 0.725701 0.624765 0.65526 0.808695 0.288836 0.0664559 0.00160337 
1 0.53504 0.00899927 0.00244197 0.000808653 0.000176142 0.000144116 6.40518e-005 0 0.000176142 0.177906 0.508399 0.957169 1 0.831804 0.660422 0.575952 0.443558 0.26866 0.117114 0.504733 0.804359 0.823659 0.941293 0.976554 1 0.886622 0.608131 0.331034 0.217069 
1 0.0861066 0.00677641 0.00163202 0.00386717 0.0350706 0.0342546 0.017899 0.0194955 0.111864 0.360503 0.792815 1 0.522771 0.196154 0.0924985 0.0500791 0.0222296 0.0169012 0.00624428 0.510029 0.85907 0.829377 0.983008 1 0.961724 0.687571 0.406849 0.188929 0.076027 
1 0.273872 0.160188 0.145012 0.227243 0.217998 0.491746 0.658175 0.475687 0.543764 0.734941 1 0.721258 0.371669 0.184234 0.206353 0.24492 0.0152778 0.00258488 0.000630144 0.0184878 1 0.656551 0.720653 0.770941 0.733481 0.528476 0.309825 0.185902 0.117536 
0.618356 0.086127 0.107797 0.0477228 0.0336899 0.465759 1 0.107356 0.0945357 0.104516 1 0.846064 0.687132 0.0370652 0.0186819 0.0148532 0.0118663 0.00686996 0.00263394 0.000488772 0.000196518 0.139213 0.44244 0.879456 0.691821 0.367842 0.137838 0.0894942 0.0521951 1 
0.188075 0.906479 0.899447 0.721837 0.57709 1 0.37505 0.100087 0.0202973 0.0605919 1 0.622278 0.299419 0.119224 0.0751512 0.0391663 0.0173172 0.00694788 0.00267111 0.000705293 0.00018004 0.27423 0.492018 0.655914 0.507682 0.526826 1 0.561694 0.131609 0.215447 
1 0.645184 0.147972 0.00699133 0.0178377 0.0590452 0.264843 0.178007 0.0887747 0.219127 1 0.366003 0.16346 0.0858902 0.0178671 0.00532473 0.00219253 0.00122564 0.000531111 0.000163419 0.0511148 0.194628 0.475744 1 0.941412 0.588172 0.266691 0.101831 0.0441627 0.0313304 
1 0.00495601 0.0028214 0.00131789 0.00371237 0.016947 0.108865 0.135074 0.22586 0.949679 0.394925 0.488376 0.703066 1 0.657775 0.462536 0.100429 0.0460004 0.0880492 0.105214 0.051998 0.483495 1 0.562712 0.0563852 0.0260955 0.0553323 0.0634049 0.0135304 0.00264991 
1 0.159855 0.0220368 0.0102992 0.0309798 0.0781604 0.103937 0.0341361 0.0544633 0.0929311 1 0.514288 0.874651 0.970319 0.573312 0.265415 0.109934 0.0326557 0.00700892 0.00173533 0.00582735 0.14937 0.0967746 0.102128 0.13823 0.194471 0.218146 0.264196 0.447066 1 
0.750413 0.092562 0.896694 0.171763 0.297796 0.00454545 0.626309 0.987466 0.532645 1 0.230894 0.562023 0.564669 0.47512 1 0.505037 0.251755 0.0309352 0.0181134 0.240969 0.182168 1 0.443529 0.429244 0.671925 0.141198 0.0514088 0.0393219 0.0777804 0.017738 
0.544027 0.0617641 0.446716 0.111901 0.165148 0.0614678 1 0.111309 0.110568 0.269051 0.468085 0.655259 0.283721 0.287635 0.716078 1 0.178342 0.00331192 0.00531915 0.237555 0.036985 0.314326 0.88764 1 0.787828 0.162079 0.116011 0.103464 0.123408 0.111985 
1 0.765022 0.0699159 0.0084507 0.00389097 0.0265072 0.0516567 0.229304 0.829952 0.867362 1 0.663891 0.2196 0.0788569 0.0276173 0.00932875 0.00254037 0.000843277 0.000453261 0.000200278 0.00166023 0.0688541 0.320846 0.724704 0.895647 0.994627 1 0.989676 0.68175 0.0599795 
0.425162 1 0.0802511 0.00150353 0.00248083 0.00454819 0.00920914 0.00766802 0.0224026 0.0570591 0.707252 1 0.502232 0.156209 0.0945457 0.0563533 0.028418 0.0133341 0.00959334 0.00464583 0.0573778 0.384346 0.412421 0.578788 1 0.463843 0.178845 0.0846961 0.070328 0.818886 
0.40426 1 0.480807 0.15758 0.264627 0.222434 0.0789486 0.0276456 0.0191253 0.0572853 1 0.814487 0.819474 0.663366 0.469813 0.339686 0.163701 0.0725824 0.0426561 0.0233008 0.181754 0.834657 1 0.880095 0.695871 0.588671 0.50547 0.385213 0.18343 0.0259397 
0.222822 1 0.745018 0.0290155 0.00134898 0.000811043 0.00115863 0.000513109 0.000794491 0.00129932 0.157693 0.631472 0.581931 0.524547 0.675458 0.936029 1 0.763097 0.540875 0.321862 0.168525 0.296675 0.428534 0.59309 0.695725 0.860228 1 0.973231 0.809094 0.49492 
1 0.427963 0.402108 0.146669 0.167385 0.112974 0.054722 0.0127719 0.000623021 0.0111105 1 0.12105 0.00986054 0.00249666 0.000655688 0.000277407 0.000226969 7.56563e-005 5.04375e-005 5.04375e-005 0.0639441 0.0599584 0.108075 0.2061 0.288644 0.309265 0.194489 0.161102 0.207775 1 
1 0.184699 0.0690748 0.0487383 0.103641 0.748243 0.199505 0.0534624 0.0339325 0.0854937 0.652574 1 0.829337 0.667526 0.24869 0.155367 0.0968463 0.0457162 0.0318811 0.0144367 0.248832 0.648787 0.491765 0.60483 0.906299 1 0.684954 0.197529 0.0692188 0.0287113 
0.717759 0.692127 1 0.0564802 0.00882754 0.00130006 0.00372362 0.00398042 0.00224701 0.00966215 0.115766 0.507528 0.740322 1 0.713671 0.28371 0.108215 0.0489293 0.0314195 0.0157799 0.717996 0.975132 1 0.966672 0.81636 0.690599 0.476319 0.264845 0.139519 0.101052 
1 0.298288 0.00748639 0.00259279 0.00583962 0.33753 0.180666 0.0206489 0.0159305 0.209923 0.9259 0.649776 0.436171 0.461457 0.64148 1 0.872872 0.554272 0.243139 0.0870748 0.000133461 0.0867051 0.648442 0.726984 0.413173 0.213426 0.223169 0.272282 0.375025 1 
0.224236 1 0.845052 0.560507 0.0355516 0.129828 0.217568 0.0166039 0.00181554 0.0090447 0.515416 0.628015 1 0.558826 0.521686 0.102788 0.0374345 0.0154533 0.00700745 0.00202847 0.295244 0.603533 1 0.375744 0.57717 0.177021 0.0992636 0.0938186 0.148073 0.237935 
1 0.270156 0.0038785 0.000411876 0.000240261 0 0.000480522 0.00068646 0.000755106 0.00707053 0.0494047 0.407612 0.93044 1 0.569232 0.345927 0.101528 0.0312178 0.0184682 0.00890597 0.14341 0.925072 1 0.854335 0.529649 0.594103 0.562359 0.497583 0.394618 0.525298 
1 0.330347 8.54523e-005 1.22075e-005 0.00220955 2.4415e-005 0.00139165 0.00958287 0.0764066 0.181562 0.0187649 0.122584 0.551184 1 0.741847 0.282334 0.105926 0.050221 0.0334958 0.0151615 0.243434 1 0.809608 0.89228 0.698103 0.583232 0.482802 0.421628 0.423451 0.576876 
0.173971 1 0.194571 0.0118658 0.00592766 0.000528882 0.00367075 0.00148192 0.000115202 0.00202127 0.0917415 0.239813 0.442383 0.705594 1 0.910469 0.433416 0.17581 0.0823321 0.0343695 0.200697 0.358839 0.336057 0.313235 0.444252 1 0.738243 0.103206 0.0175288 0.0021515 
1 0.308031 0.00507431 0.000263031 0.0017645 0.000734295 0.00957871 0.00446057 0.00164394 0.0484635 0.287016 0.105973 0.461053 0.855537 1 0.640877 0.121258 0.0127932 0.00163376 0.000276909 0.000511864 0.207634 0.628642 0.810756 1 0.967679 0.53998 0.19619 0.121458 0.130928 
1 0.581635 0.155486 0.0617515 0.223714 0.176081 0.0720081 0.0124351 0.00801922 0.171018 0.376316 0.565853 1 0.503921 0.487494 0.453423 0.283163 0.0841683 0.0231976 0.00450156 0.691833 1 0.300089 0.126938 0.327788 0.297891 0.100374 0.0467956 0.0582653 0.0933875 
1 0.889328 0.0538676 0.0203469 0.00841978 0.006814 0.00363414 0.00209174 0.00256714 0.015931 0.360338 0.415927 0.447606 0.692057 0.923628 1 0.840026 0.571799 0.394068 0.221381 0.20881 0.68784 0.627513 0.663572 0.747534 1 0.636771 0.289686 0.114007 0.0255869 
0.48131 1 0.434304 0.170763 0.135655 0.396156 0.00256393 0.000582711 0.00026222 0.000602135 0.053918 0.198014 0.587535 1 0.921892 0.411949 0.131233 0.0396582 0.0159212 0.00552521 0.0424141 0.384414 0.655201 0.911387 0.942157 1 0.995454 0.640242 0.268145 0.206942 
1 0.146775 0.0107851 0.00528901 0.00190103 0.00026351 0.000489375 0.000545841 0.00131755 0.00884639 0.227137 0.887577 1 0.941393 0.547879 0.2763 0.175613 0.104507 0.0708979 0.0284702 0.184819 0.17592 0.374354 0.765059 0.903864 0.919075 1 0.384545 0.0396258 0.00562823 
0.143553 1 0.130328 0.0144302 0.0218934 0.0282731 0.0244048 0.00190378 0.00321009 0.00819232 1 0.254634 0.156433 0.101385 0.076702 0.113888 0.0478902 0.00719648 0.000750712 0.000103546 0 6.03537e-005 0.14853 0.543575 0.326604 0.421812 0.622729 0.587784 0.449937 1 
0.00814087 0.769906 1 0.000932868 0.000434566 0.000191209 0.000365035 0 5.79421e-006 5.79421e-006 0.0205639 0.127463 0.388978 1 0.915323 0.420459 0.144662 0.0184003 0.00532955 0.00192539 0.0343002 0.048159 0.143024 0.342451 0.4959 0.958336 1 0.286972 0.0500853 0.0223568 
0.816992 1 0.716742 0.0445331 0.00255889 0.000273791 0.000473869 0.000126365 8.42433e-005 0.0023904 0.0123142 0.179061 0.699824 1 0.488638 0.0918832 0.0161644 0.00514367 0.00255655 0.000977806 0.107981 0.49794 0.444581 0.780679 1 0.696243 0.420776 0.201056 0.0748961 0.0244806 
0.788818 0.508237 0.395284 1 0.219419 0.071458 0.200165 0.284596 0.353583 0.400844 1 0.653553 0.401443 0.26654 0.162674 0.101143 0.0605091 0.0319902 0.0250476 0.0181732 0.728919 1 0.665244 0.545161 0.417118 0.402469 0.344561 0.208559 0.108086 0.310301 
0.666692 1 0.821073 0.0048016 0.00111397 0.000921907 0.00537779 0.0190527 0.00868129 0.00752891 0.0625508 0.249593 0.7582 1 0.881675 0.725671 0.491597 0.195243 0.0656004 0.0180943 0.0111068 0.220272 0.309981 0.314718 0.346252 0.549126 1 0.978097 0.632699 0.763961 
1 0.158675 0.0924501 0.00334189 0.0280569 0.112426 0.0398502 0.0384264 0.00212226 0.0107725 1 0.118665 0.164958 0.110916 0.0682049 0.0605197 0.0450557 0.023114 0.0114896 0.00474239 0.0984364 0.221917 0.235867 0.293678 0.309694 0.273882 0.367546 0.949354 1 0.0103331 
0.041826 0.576069 1 0.52 0.0722879 0.00223416 0.000859291 0.000537057 0.0020623 0.000966702 0.128908 1 0.272121 0.196127 0.123273 0.0441033 0.0182833 0.00860084 0.00430914 0.00183182 0.0120665 0.084834 0.264266 0.460461 0.400866 0.423433 0.610694 1 0.972413 0.523603 
1 0.648245 0.146242 0.0806968 0.138767 0.632626 0.768722 0.239487 0.15245 0.397811 1 0.966946 0.585394 0.311063 0.191939 0.146984 0.0815797 0.0306735 0.0191507 0.019313 0.753753 0.600404 0.823002 1 0.530105 0.426231 0.354964 0.236723 0.176352 0.183212 
1 0.280899 0.166645 0.0555846 0.0144494 0.0134301 0.0388242 0.0298472 0.0927246 0.189308 0.392759 1 0.655506 0.370307 0.260591 0.11759 0.0247964 0.00526083 0.00144222 0.000352361 0.00617835 0.115508 0.332499 0.708131 1 0.743407 0.254742 0.0728834 0.0329928 0.0457332 
0.377771 1 0.210267 0.0384418 0.129594 0.507688 0.282263 0.0311855 0.0225529 0.0762651 0.855997 1 0.725927 0.369301 0.154592 0.0959374 0.0486675 0.0361432 0.0133951 0.00127931 0.194895 0.248742 0.14881 0.174275 0.19149 0.179996 0.199979 0.188122 0.189943 1 
1 0.775764 0.56105 0.134294 0.0307498 0.0129703 0.0198198 0.0132618 0.0125331 0.0579048 0.483479 1 0.941463 0.744219 0.473737 0.322173 0.227171 0.111018 0.0783711 0.0509018 0.815354 0.880412 0.833083 0.921963 0.937475 1 0.984804 0.851761 0.731619 0.575386 
0.565558 1 0.0270345 0.00467617 0.00734745 0.0153498 0.0895022 0.054833 0.035709 0.0474798 0.615028 1 0.642069 0.266483 0.135268 0.0991019 0.0654903 0.0580441 0.0208764 0.000243693 8.62277e-006 0.0018194 0.0305763 0.099136 0.204636 0.374737 0.396673 0.497111 1 0.168385 
0.0410099 0.0853021 0.374896 0.0225068 0.0077908 0.0350586 1 0.53569 0.255401 0.0769702 0.133447 0.603999 1 0.46051 0.247862 0.161031 0.132746 0.114634 0.0624041 0.0215323 0.0860048 0.276954 0.675774 1 0.793061 0.709307 0.947838 0.521307 0.116122 0.113095 
1 0.0849211 0.000636546 0 1.4467e-005 0 0 0 0.000564212 0.163809 0.122779 0.387758 0.424297 0.60433 0.887075 1 0.808746 0.554844 0.428541 0.222902 0.298287 1 0.639301 0.25938 0.109451 0.072916 0.0584068 0.0520301 0.0566817 0.115119 
0.534528 1 0.784048 0.0125623 0.00099606 0.000178399 0.000148666 8.91994e-005 0 0.000906861 0.0448077 0.393056 0.745507 0.880635 1 0.895019 0.446942 0.159173 0.0913329 0.0335521 0.868521 1 0.779251 0.534458 0.298234 0.223359 0.165621 0.10667 0.0869233 0.075112 
1 0.0136244 0.00600762 0.000509575 0.00109961 0.0806469 0.255485 0.0937617 0.0988038 0.509816 0.508381 1 0.551241 0.322477 0.17236 0.081795 0.0388288 0.0187425 0.0100785 0.00548129 0.000849927 0.0246479 0.159361 0.466792 0.453983 0.701797 1 0.564109 0.56423 0.726688 
1 0.306271 0.065759 0.000781792 0.00324517 0.00308291 0.00479401 0.00430723 0.0362574 0.275264 0.32333 1 0.784883 0.613314 0.412297 0.260037 0.123748 0.0389619 0.0184983 0.00602053 0.397314 0.568015 0.45767 0.698325 0.985396 1 0.798611 0.400531 0.248213 0.329912 
0.154904 1 0.0656304 0.00696802 0.000952891 0.00101245 0.0351974 0.476446 0.0210232 0.143648 0.64235 1 0.703962 0.662568 0.650273 0.49276 0.150683 0.0353825 0.015847 0.00437158 1 0.90864 0.261867 0.316286 0.383913 0.239623 0.0663356 0.00109235 0 0 
0.225367 1 0.495119 0.0129625 0.00333087 0.00226434 0.00671097 0.00205103 0.000607105 0.0039872 0.010134 0.0122558 0.154891 0.615543 0.879849 1 0.279666 0.170092 0.119739 0.0102606 1 0.120494 0.0108393 0.035705 0.0182974 0.0607325 0.0314017 0.260176 0.152171 0.0380023 
1 0.479422 0.0738092 0.0460577 0.0686367 0.173256 0.126659 0.0269419 0.0430891 0.323483 0.214015 1 0.563412 0.335157 0.278199 0.281636 0.277427 0.227904 0.210227 0.0841049 1 0.454836 0.275271 0.154236 0.116047 0.112618 0.138882 0.260073 0.588497 0.991193 
0.246643 0.310735 1 0.275481 0.227065 0.722336 0.81176 0.112309 0.0101197 0.0404127 1 0.463825 0.296618 0.29295 0.130492 0.00880241 0.000154428 0 0 0 0.00181337 0.117945 1 0.972119 0.414583 0.767737 0.490366 0.112278 0.150359 0.26445 
0.684909 0.558099 0.115728 0.0304741 0.642988 1 0.227484 0.00940881 0.00428624 0.254927 1 0.297961 0.0548126 0.000501213 0 0 0 0 0 0 0 0.00634953 0.193866 0.808029 1 0.606534 0.351016 0.225204 0.145322 0.120078 
0.0229916 0.0310586 0.237999 1 0.0204617 0.00420054 0.00175023 0.000731913 0.000461423 0.0025617 1 0.0211616 0.0127003 0.0131057 0.0101501 0.0126328 0.0150985 0.0192701 0.000793771 0.0242691 1 0.0288957 0.0199421 0.0261373 0.06982 0.51325 0.940807 0.833635 0.308447 0.0168671 
1 0.00324632 0.0102373 0.00389289 0.0361405 0.42423 0.12635 0.0114362 0.00843234 0.0261322 1 0.0851158 0.0252123 0.00863133 0.00299379 0.00291089 0.00154756 0.00103171 0.00044216 8.2905e-005 0.0478461 0.159172 0.311073 0.0856515 0.00569945 0.00552633 0.00419469 0.00636527 0.0057394 1 
0.666015 1 0.402233 0.169435 0.0389848 0.0915142 0.103886 0.0412809 0.0287257 0.0355407 1 0.455276 0.764089 0.427254 0.155547 0.0781254 0.0387248 0.0221365 0.0110542 0.00480187 0.362431 0.398425 0.384259 0.320148 0.256101 0.281857 0.362731 0.408448 0.755446 1 