0.284086 1 0.00317276 0.000342063 0.000604808 0.00137321 0.00345038 0.00339585 0.00256795 0.000570106 0.399643 0.0267755 0.0396213 0.0215096 0.0250096 0.0566939 1 0.10176 0.000165753 1.91253e-005 0 0 0 0 0.000418918 0.113202 0.151424 0.162511 1 0.465837 
0.776613 1 0.0382732 0.00380417 0.0043996 0.00559047 0.00813761 0.00334105 0.000727754 0.00138935 1 0.0386799 0.0269587 0.0326362 0.0518296 0.109373 0.150764 0.196183 0.222666 0.161203 0 0 0 0 0.0349392 0.13103 0.224652 0.203477 0.239866 1 
0.0186361 1 0.283679 0.0775882 0.0807288 0.103723 0.0134202 0.0016464 0.000332047 0.000843952 1 0.131225 0.0631225 0.239669 0.972851 0.0884152 0 0 0 0 0 3.08957e-005 0.00685884 0.0503599 0.26595 0.261532 0.420583 0.662372 0.861958 1 
0.00880254 0.0794381 0.00741727 0.00567559 0.003712 0.0113646 1 0.0161122 0.0100332 0.00348336 0.0141443 0.0092606 0.0293427 0.0214177 0.0204361 0.0355539 0.0485397 0.132255 1 0.0058975 1 0.00441732 0.00393377 0.00443692 0.00780219 0.0149313 0.0181463 0.0176693 0.0182312 0.0240665 
0.721678 1 0.0426483 0.00349895 0.0103413 0.0859575 0.214291 0.0130239 0.00454864 0.0165228 0.271869 1 0.133664 0.0845483 0.0446044 0.0619921 0.0265894 0.000119503 0 0 0 0.00124165 0.0190957 0.144674 0.661586 1 0.378233 0.0486813 0.0288577 0.0441428 
1 0.861006 0.362892 0.220692 0.0225673 0.0549763 0.0348896 0.124957 0.117112 0.0646768 1 0.0971717 0.108788 0.183517 0.265851 0.319798 0.339083 0.262443 0.102014 0.149477 0.0548076 0.0909407 0.0541851 0.0355685 0.0509569 0.0874084 0.169229 0.190422 0.322129 1 
1 0.422747 0.0172921 0.0037911 0.0117988 0.0233269 0.0125338 0.0083559 0.00940039 0.00719536 1 0.0541356 0.0803302 0.145526 0.163624 0.180452 0.1369 0.141292 0.131873 0.0315394 0 0 0 0.00106904 0.00721604 0.101114 0.12392 0.215412 0.297372 1 
0.266752 0.333405 0 0 0 0 0.0057151 1 0.7984 0.818546 0.598323 1 0.0256791 0.0196204 0.0164507 0.0195001 0.0367532 0.0418489 0.0279661 0.0196204 0.00609628 0.00538154 0.00353164 0.00399411 0.00491907 0.00668489 0.0121926 0.0905192 1 0.76338 
0.360083 1 0.0329553 0.000499322 0.00171196 0.00499322 0.00827448 0.00784649 0.0149797 0.00242528 1 0.0797659 0.0599328 0.057982 0.0590658 0.067736 0.110437 0.364257 0.367942 0.0112713 0 0 0 0 0 0 0.00200679 0.0062262 0.0260368 1 
0 0.443915 1 0.040973 0.0968967 0.105221 0 0 0 0 0.00209129 0.127569 0.365157 0.253773 1 0.806147 0.48327 0.29178 0.223495 0.149936 0.000520678 0.0629277 0.125632 0.481999 0.39274 0.504314 1 0.248364 0.0762422 0.212734 
1 0.265019 0.0906029 0.0165217 0.0959514 0.914176 0.396588 0.0649903 0.0536882 0.281157 1 0.460437 0.125269 0.0576153 0.0478148 0.0664655 0.0776158 0.0454082 0.0338646 0.126862 0.0468556 0.104189 0.259929 0.364036 0.205188 0.174177 0.227191 0.617499 1 0.375507 
0.681309 0.335111 1 0.0735627 0.0205348 0.00721682 0.0591988 0.103894 0.0396053 0.0328766 1 0.342898 0.140415 0.0673084 0.0483164 0.079722 0.426485 0.289675 0.0592805 0.00925444 1 0.0529946 0.0246133 0.0422377 0.0615029 0.10131 0.170592 0.308396 0.263484 0.0259807 
1 0.204529 0.0263806 0.0162743 0.0108592 0.0370081 0.0120754 0.0138129 0.0193438 0.00437263 1 0.0155162 0.0138263 0.0268077 0.0394306 0.0417093 0.0226854 0.0104209 0.00622184 0.00745084 0.000238812 0.00198214 0.00594641 0.0112003 0.0114391 0.0147586 0.0121078 0.0152601 0.0359889 1 
1 0.0594059 0.21377 0.219274 0.00428151 0.00489315 0.00768378 0.0073015 0.00913643 0.00336404 1 0.0140526 0.0084178 0.0134341 0.0577564 0.225047 0.0516406 0.00350455 0.000446659 3.43584e-005 0 0 0 0.00169862 0.0135543 0.19073 0.120914 0.0399348 0.0197941 1 
0.000556793 1 0.167803 0.0204621 0.0205317 0.0375139 0.663488 0.0111359 0 0 0 0.00172805 0.0425532 0.102711 0.243007 1 0.423372 0.228426 0.462901 0.476941 0.000208333 0.0938542 1 0.34 0.137083 0.135208 0.164167 0.256875 0.709271 0.0391667 
0.275364 1 0.162667 0.000873443 0.00160897 0.00396497 0.00427527 0.00481543 0.00787248 0.00318347 0.478931 0.0228998 0.0156594 0.0131898 0.0126847 0.0133021 0.0165995 0.0695974 1 0.145341 0 0 0 0 0 0 0 6.19979e-005 0.128655 1 
1 0.0387395 0.02988 0.0027147 0.00332 0.00168752 0.0360431 0.0180491 0.0159213 0.0917679 0.154478 0.329045 0.64948 0.989312 0.999505 1 0.699456 0.452251 0.351311 0.197922 0.939263 1 0.660076 0.431599 0.262777 0.188251 0.160219 0.116689 0.0582303 0.0288303 
0.00324868 1 0.000885023 2.15859e-005 2.15859e-005 4.31718e-005 0.000161894 0.00047489 0.0016837 0.0007663 0.971 0.0900248 0.0314413 0.0219324 0.0178155 0.0451399 0.160267 0.246976 0.388772 1 0 0 5.27612e-005 0.000105522 0.00202251 0.0164967 0.0923848 0.173567 0.356771 1 
1 0.0926268 0.264604 0.0201467 0.00976033 0.0133402 0.0200504 0.0109322 0.00526544 0.00805869 1 0.0250546 0.0326041 0.215073 0.27059 0.253416 0.0937286 0.0304188 0.0140394 0.00838834 0.0518079 0.0041818 0.00369604 0.00787784 0.0205711 0.0564121 0.184443 0.308587 0.263242 1 
0.0195635 0.0508184 1 0.0666407 0.0055339 0.000545596 0.00101325 0.000623539 7.79423e-005 0.000935308 1 0.437558 0.706539 0.850635 0.850325 0.608305 0.0907964 0.00898668 0.00123954 0.000309885 0.00153441 0.00219202 0.00372644 0.0170978 0.122972 0.843928 0.300745 0.360807 0.569268 1 
0 0.398692 0.0796435 0.0100317 0.02452 1 0 0 0 0 1.85209e-005 0.00164836 1 0.12196 0.0158539 0.0145204 0.0200767 0.10931 0.363492 0.00666753 0 0 0 0.000351124 0.00171929 0.00427402 0.00734938 0.013149 0.0541336 1 
1 0.351324 0.0427663 0.00271071 0.00255634 0.00295153 0.0688175 0.00760729 0.00132757 0.00187712 1 0.00680364 0.00575414 0.00523198 0.00497865 0.00670024 0.0614912 0.127139 0.00946098 0.0128421 0.00247804 0.0107067 0.00148484 0.00146497 0.00529873 0.102811 0.00986249 0.0150967 0.0426381 1 
0.742604 1 0.854061 0.0323292 0.0859602 0.034965 0.131576 0.154492 0.0746638 0.116891 1 0.220976 0.160643 0.1039 0.120543 0.192176 0.22481 0.212532 0.173126 0.0196214 0.0093626 0.0210526 0.0206295 0.0201005 0.0417879 0.920444 0.7927 1 0.239831 0.107855 
0.000569846 1 0.000688825 0.000187861 4.17469e-005 1.87861e-005 0.000210822 8.34939e-005 2.50482e-005 0.000100193 0.00261503 0.00552893 0.00947817 0.735978 1 0.679397 0.700957 0.784532 0.778234 0.31294 0.0186074 0.028001 0.252639 0.667186 0.72799 1 0.606742 0.152193 0.0852242 0.0570583 
0.0274291 1 0.0247635 0.00902838 0.0104901 0.0417885 0.102837 0.0072227 0.000773861 0.00352537 0.671496 0.369899 0.267002 0.143111 0.112655 0.133353 0.202839 0.362212 1 0.929923 0.00378788 0.0754419 0.334912 0.359848 0.209912 0.338699 0.524937 0.73548 1 0.924558 
0.395153 0.363655 1 0.0329645 0.0228226 0.0624941 0.619374 0.167904 0.00980246 0.041192 1 0.187628 0.0205879 0.0231751 0.0280655 0.0456406 0.0631284 0.108649 0.431561 0.252579 0.169098 0.189131 0.105183 0.0676327 0.274857 1 0.868814 0.179082 0.231501 0.20423 
0.613448 0.208374 1 0.00192938 0.00192938 0.0036176 0.100569 0.00969516 0.00636697 0.00274937 1 0.0390573 0.0372491 0.033693 0.0442409 0.269182 0.773311 0.229341 0.00693147 0.0011452 0.000408136 0.00142847 0.00938712 0.0611523 0.221073 0.457588 0.448541 0.344398 0.204136 1 
1 0.645366 0.0407805 0.0313171 0.050439 0.0989268 0.12839 0.0788293 0.075122 0.192293 0.182813 0.429679 0.548667 0.638021 0.896057 1 0.68817 0.415318 0.330522 0.136768 0.656202 1 0.274049 0.153573 0.142437 0.172286 0.205537 0.222394 0.28472 0.600526 
1 0.530438 0.169412 0.00735725 0.01504 0.00143238 0.00240901 0.00579465 0.0039065 0.0221369 0.0808833 0.259856 0.187508 0.126948 0.209186 0.497629 1 0.838504 0.312966 0.079664 0.272091 0.0977873 0.181156 0.808851 1 0.476088 0.333619 0.193433 0.203141 0.288223 
0.131182 1 0.815406 0.0006182 0.00173096 0.00321464 0.0105094 0.0220079 0.0210188 0.00420376 0.407937 0.0363203 0.0256626 0.0244005 0.040948 0.0430515 0.0703969 0.0849811 0.169261 1 0 0 0.00235479 0.0072606 0.0396389 0.102826 0.265895 1 0.841837 0.930141 
0.0154381 1 0.951508 0.725621 0.159614 0.138008 0.00392217 0.000346924 7.70943e-005 0.00123351 1 0.4871 0.220694 0.121537 0.0893591 0.0574404 0.0563165 0.0707823 0.115121 0.423186 0.105485 0.0762394 0.0782281 0.108473 0.139284 0.180584 0.14312 0.263968 0.834571 1 
0.212775 0.347914 0.482716 0.130216 0.0887124 0.699631 1 0.256628 0.0798747 0.153373 1 0.379152 0.213709 0.218205 0.27895 0.351165 0.182694 0.0771701 0.0534043 0.0331253 0.207382 0.286524 0.481717 0.774249 0.956052 0.286524 0.35691 1 0.502833 0.444979 
1 0.184832 0.0169556 0.000381883 0.00236768 0.00779042 0.00695028 0.00152753 0.00423891 0.0122585 1 0.11425 0.0359555 0.013715 0.0105848 0.0121087 0.00733114 0.00461285 0.00906096 0.0879736 4.30441e-005 0.00241047 0.0025396 0.00154959 0.00241047 0.00649966 0.0221247 0.195119 0.161932 1 
1 0.0825349 0.0164916 0.00215777 0.0407665 0.0408693 0.0360913 0.00375042 0.00310822 0.0175191 1 0.0280115 0.00683371 0.0041724 0.0029094 0.00414985 0.00392431 0.00475879 0.0070818 0.0204786 0.00787719 0.0516925 0.0620863 0.0136404 0.0115515 0.0122562 0.0102932 0.0130867 0.0355858 1 
1 0.312174 0.011229 0.00642247 0.116185 0.00857711 0.0188945 0.0583409 0.0287975 0.0967929 1 0.0431591 0.0203622 0.0183334 0.0163414 0.0215795 0.0603858 0.20484 0.0892324 0.00129108 0 7.42225e-005 0.00382246 0.020337 0.0127663 0.0546649 0.0820901 0.0985304 0.212165 1 
0.0373898 0.678542 1 0.0621987 0.00288066 0.00282187 0.00758377 0.0113463 0.00540858 0.00582011 0.116224 0.23734 0.25281 0.190665 0.21354 0.420204 0.712283 1 0.459606 0.172154 0.157696 0.111575 0.138855 0.268944 0.430081 1 0.222741 0.0952732 0.0631605 0.0394036 
6.43294e-005 1 0.164297 0.0173046 0.0171116 0.0259247 0.502477 0.0266967 0 0 0 0.00149305 0.0280234 0.10348 0.208338 1 0.417825 0.275985 0.46744 0.627541 0.000231054 0.0801756 1 0.34866 0.161853 0.166821 0.191659 0.321858 0.862177 0.0162893 
1 0.194069 0.0193547 0.00814159 0.00507556 0.00319129 0.00313138 0.00467801 0.00405174 0.0359101 0.959346 0.318404 0.0902575 0.0665175 0.0889302 0.156737 0.317608 0.67001 1 0.52793 0.370433 0.537323 0.597925 0.858353 1 0.469899 0.399675 0.551674 0.412403 0.321406 
0.886939 1 0.205284 0.0278664 0.0113659 0.0190429 0.05334 0.0182951 0.0278166 0.00578265 1 0.054432 0.0409072 0.0474823 0.0588015 0.0945069 0.16571 0.19871 0.139118 0.027216 0.0702 0.0343162 0.0340197 0.0414337 0.0538044 0.128199 0.191408 0.18374 0.179927 1 
1 0.35336 0.0621709 0.0298476 0.0235364 0.0283831 0.0209212 0.0138778 0.0287318 0.126818 1 0.0398853 0.0406556 0.0486584 0.0588009 0.0920957 0.168186 0.267343 0.220311 0.0784012 0.0153315 0.0262169 0.0182062 0.0248371 0.0641242 0.117555 0.178651 0.197547 0.212649 1 
1 0.28419 0.0127936 0.00121319 0.00267453 0.00758244 0.0069207 0.00628653 0.00738943 0.00545936 1 0.0128818 0.0123962 0.0123195 0.0134952 0.0149776 0.0207284 0.0251502 0.0384665 0.0625176 0.00236482 0.0181384 0.0161393 0.0184309 0.0194305 0.0213809 0.0210152 0.0234531 0.0396168 1 
1 0.0480616 0.0010296 0.000398111 0.000109824 1.3728e-005 0.00334962 0.00107078 6.86398e-005 0.000205919 1 0.00120809 0.00112572 0.00178468 0.00557371 0.0349249 0.00310261 0.000631504 0.000590319 0.00113945 1 0.00113062 0.00243833 0.00269714 0.00617074 0.0140578 0.0178311 0.00132133 0.000517634 0 
0.263043 0.419259 1 0.346702 0.103746 0.0478273 0.0299825 0.00909981 0.00597663 0.0434974 0.809019 1 0.31414 0.0294722 0.0059593 0.00105403 0.000189184 9.4592e-005 0 0 0.00517734 0.104718 0.245725 0.431219 0.704236 1 0.829382 0.307197 0.0941527 0.0227475 
1 0.173395 0.00199126 0.00129121 0.000544484 0.000108897 0.0118853 0.00426253 0.000342247 0.000933402 1 0.00276608 0.00290594 0.00428898 0.0188808 0.13372 0.00927725 0.00219111 0.0025019 0.0028904 1 0.00461711 0.0046323 0.00873303 0.0226299 0.0544182 0.0665533 0.0037514 0.00107834 1.51879e-005 
0.000125 0.000125 1 0.015125 0.00495833 0.00658333 0.04625 0.202792 8.33333e-005 0 0.0658675 0.382947 0.0279499 0.0584591 0.0550916 0.0713227 0.237204 1 0.125808 0.0216191 0 0.00106559 0.0443997 0.17085 0.693701 1 0.961165 0.752901 0.00189439 0 
1 0.128247 0.00192595 0.00103016 0.000492684 2.98597e-005 0.0112272 0.00318005 2.98597e-005 0.000447895 1 0.00247495 0.00268368 0.0030266 0.0109136 0.0964784 0.0103918 0.00214695 0.00205749 0.00237059 1 0.00638432 0.00353548 0.00688104 0.0151061 0.0379699 0.0445879 0.00626744 0.0012418 2.92188e-005 
1 0.190637 0.0224812 0.0102846 0.029465 0.0259228 0.541259 0.0430705 0.0720525 0.281951 1 0.147179 0.0788053 0.0284598 0.0175756 0.0209298 0.0319313 0.0327866 0.0445261 0.299188 0.139228 0.0189213 0.0134007 0.0293493 0.268941 0.10126 0.045817 0.0505356 0.0651945 1 
0.245221 1 0.672923 0.18296 0.664277 0.0399722 0.00873306 0.00156413 0.000608273 0.00269378 1 0.0472005 0.0525497 0.100386 0.186351 0.142379 4.71298e-005 0 0 0 0 0 0 0 0.000132141 0.000638682 0.0022464 0.0159671 0.409924 1 
1 0.418514 0.0111897 0.00481051 0.0117335 0.00972559 0.0110014 0.00828244 0.0100812 0.0963775 1 0.0145567 0.0217847 0.0303616 0.0855279 0.275228 0.0837159 0.00529516 0.00138922 0.000865749 0.00548 0.00708213 0.00446047 0.00287655 0.00355017 0.0244688 0.0543995 0.0866787 0.187831 1 
1 0.24475 0.0654051 0.00605974 0.02489 0.129873 0.937514 0.0324307 0.0127634 0.0958326 1 0.258244 0.168817 0.135238 0.252401 0.497512 0.878697 0.747899 0.0180859 0.00573184 0 0.19088 0.745978 0.642716 0.312606 0.211266 0.238033 0.431869 0.616282 1 
1 0.624132 0.327152 0.0386426 0.0124908 0.0159505 0.0915312 0.00128469 0.00104302 0.0139027 0.0281444 0.0287825 0.0559698 0.0925105 0.134089 0.148581 0.135281 0.203107 1 0.645424 0.548059 0.253461 0.534167 1 0.769911 0.104473 0.115549 0.118693 0.183602 0.294551 
0.121739 1 0.630435 0.00858961 0.004772 0.0480912 0.311082 0.0154825 0.0122481 0.0159597 0.22626 0.599262 0.233482 0.0998771 0.109942 0.206899 1 0.662646 0.00353411 7.68285e-005 0 0 0.0685212 1 0.0900247 0.104958 0.311119 0.883778 0.967403 0.0639133 
1 0.203644 0.00947917 0.00134288 0.00234346 0.00437095 0.00592448 0.0236189 0.0103218 0.0133762 1 0.0108962 0.0100784 0.0109684 0.0119786 0.0172464 0.0181363 0.0167172 0.0199644 0.034613 0.00154659 0.00478253 0.00742362 0.0136338 0.0160845 0.0261016 0.0251975 0.0282669 0.0285762 1 
0.199602 0.59413 0.0265855 0.00994255 0.0161766 0.733405 1 0.142643 0.00549457 0.00224106 1 0.0632815 0.278439 0.993672 0.416519 0.475421 0.609933 0.518099 0.686782 0.684276 0.342519 1 0.435822 0.119664 0.117621 0.109141 0.0791056 0.0766706 0.108823 0.151499 
0.977893 1 0.207296 0.0374487 0.0126842 0.0355158 0.0126842 0.0132882 0.0330998 0.00398647 1 0.0262674 0.0260047 0.0338849 0.0314333 0.051309 0.10936 0.126171 0.105157 0.116277 0.0358755 0.0188485 0.0084739 0.00799873 0.00831551 0.0139384 0.026768 0.157995 0.251841 1 
0.0192959 0.321934 0.5048 0.0921234 0.07774 0.181379 1 0.0142823 0.00363379 0.00409614 0.0701089 0.236697 1 0.237798 0.116621 0.124105 0.159831 0.161357 0.0855248 0.0380664 0.00778819 0.0129186 0.0791969 0.164043 0.233155 0.309018 0.431092 1 0.496564 0.111091 
0.3612 0.852153 1 0.0998549 0.0809869 0.00996613 0.0319303 0.0158684 0.0138365 0.011224 1 0.254529 0.218184 0.177423 0.243207 0.304235 0.298573 0.206861 0.126812 0.05899 0 0 0 0.000146327 0.0337284 0.0513608 0.0410448 0.162204 0.584504 1 
0.0265387 1 0.147374 0.286091 0.330887 0.00592885 0.00489366 0.00159985 0.000941088 0.00263505 0.081681 0.272862 0.668245 0.556674 0.496597 0.896419 0.584788 0.398935 0.602545 1 0.183179 1 0.808111 0.434676 0.343495 0.350572 0.533206 0.54491 0.577572 0.450191 
0.545072 1 0.0364974 0.006688 0.00726126 0.026752 0.0109874 0.00883772 0.0268476 0.00305737 1 0.028737 0.0230613 0.0421197 0.057952 0.0792807 0.108137 0.633887 0.0926634 0.00615366 0.000139919 0.00359125 0.00956112 0.00769554 0.00713586 0.00755562 0.00970104 0.0811529 0.505853 1 
0.134067 0.240707 1 0.0449444 0.00640499 0.0268243 0.020912 0.00602179 0.00202551 0.00437948 0.0865211 0.29263 1 0.335855 0.082703 0.0575607 0.0329227 0.0146963 0.00511491 0.00302572 0.0664266 0.0710284 0.0599573 0.0356142 0.027411 0.0905029 1 0.371282 0.0373483 0.0511538 
0.0001228 0.000941465 1 0.00642652 0.0029472 0.00376586 0.0436758 0.19562 4.09333e-005 4.09333e-005 0.0957422 0.404833 0.0227848 0.0540084 0.0726506 0.0826237 0.253011 1 0.302723 0.0396624 0.000122895 0.0108148 0.0942608 0.307853 0.748433 1 0.861497 0.73811 0.0025808 0 
0.0774561 0.905789 0.0031702 0.000685666 0.000669533 0.00308147 1 0.337348 0.0704865 0.0793921 0.190206 0.230138 0.366736 0.731334 0.421698 0.0972554 0.0202713 0.0219708 0.0399626 1 0.00156452 1 0.0562713 0.00302589 0.00226942 0.00250438 0.00613202 0.0203159 0.0510104 0.617425 
0.000164684 0.00621681 1 0.00601095 0.00271728 0.00411709 0.0463996 0.19515 4.11709e-005 4.11709e-005 0.106469 0.446429 0.0331873 0.086843 0.0833053 0.129549 0.427982 1 0.199882 0.0396732 0 0.0137976 0.108066 0.189555 0.394111 0.530512 0.597555 1 0.00231503 0 
0.00636032 1 0.769027 0.0485243 0.0355892 0.0544558 0.978704 0.152219 0.00636032 0.00514543 0.0768983 0.0821322 0.149046 0.170465 0.33642 0.513648 0.685079 1 0.345599 0.0806023 0 0.000475737 0.0268316 0.498953 0.259182 0.314748 0.550809 0.833968 1 0.584301 
0.516793 1 0.0235395 0.00495192 0.00624372 0.0149275 0.0109803 0.00710492 0.015717 0.00444955 1 0.0178269 0.0227914 0.0259506 0.0442288 0.0682613 0.0833803 0.0930836 0.322239 0.791154 0.0264464 0.101335 0.102191 0.142331 0.112119 0.0987675 0.105871 0.117254 0.107412 1 
4.12967e-005 0 1 0.0136692 0.00425356 0.00656618 0.0497625 0.190213 0.000165187 4.12967e-005 0.0811099 0.355912 0.038459 0.0608823 0.0554927 0.0711957 0.242864 1 0.104664 0.0179653 0 0.000754859 0.0178336 0.104454 0.45669 1 0.627005 0.680694 0.00226458 0 
0.603749 1 0.0774299 0 0 0 0 0 0 0 0 0 3.55809e-005 0.000391389 0.036079 0.161644 0.219676 0.529977 0.658993 1 0 0.0225564 0.411989 0.205943 0.037079 0.0788444 0.739469 0.757442 1 0.570759 
1 0.0674606 0.0150661 0.00702803 0.0293746 0.236175 0.18012 0.157647 0.0532363 0.223424 1 0.104388 0.0812428 0.0959003 0.0398697 0.0364246 0.0238968 0.0240534 0.0454133 0.0125278 0.000204948 0.00658762 0.01704 0.0206412 0.0246523 0.0510321 0.0550725 0.0770605 0.117933 1 
1 0.405275 0.0129771 0.000957011 0.00604831 0.0232362 0.150059 0.119626 0.0398499 0.468974 1 0.0671395 0.0232147 0.0176373 0.0147328 0.0170269 0.0217625 0.0238251 0.0235094 0.0150906 3.12451e-005 0.0478675 0.0387752 0.0277457 0.0465552 0.615279 1 0.0296516 0.00728011 0.00453054 
1 0.144938 0.0101817 0.00325109 0.00544369 0.00617455 0.0383326 0.00763628 0.00204138 0.00178936 1 0.0122599 0.0114878 0.0136871 0.0171966 0.0150207 0.012915 0.0126342 0.0137105 0.0178751 0 0.000190821 0.00393569 0.00768056 0.0126181 0.0266196 0.0297443 0.0294581 0.0442229 1 
0.202041 0.32459 0.0830378 0.0164604 0.0246571 1 0.00190699 0.00050184 0.000802944 0.00207427 0.194447 0.095144 0.102891 0.104035 0.129094 0.174327 0.145732 0.575023 1 0.0465842 0.00177921 0.0209269 0.0419385 0.124884 0.370965 1 0.0888757 0.0574007 0.202406 0.187749 
0 0 1 0.0227918 0.00517616 0.00743029 0.047462 0.1954 8.34864e-005 4.17432e-005 0.0928624 0.393893 0.0362767 0.0717439 0.0679176 0.0970567 0.346358 1 0.109492 0.0256806 0 0.00521135 0.0683266 0.204285 0.563984 1 0.967226 0.73619 0.00138969 0 
0 0.341814 0.0820606 0.0662846 0.105866 1 0.819977 0 0 0 1 0.315786 0.98295 0.831823 0.496781 0.200072 0.144271 0.35251 0.174735 0.00208656 1 0.709311 0.105033 0.167434 0.293707 0.258923 0.104203 0.0685882 0.0655701 0.121859 
0.113912 0.0571965 0.0186165 0.00558014 0.00490668 0.0780739 1 0.0154897 0.0466134 0.00654224 0.742375 0.172204 1 0.133319 0.0652971 0.15795 0.438004 0.0933864 0.0377319 0.0202285 0.0372993 0.0362606 0.0225685 0.0535411 0.100944 0.151086 0.182814 0.327007 1 0.732483 
0.000834647 0.386442 1 0.307428 0.0526755 0.0274506 0.00435871 0.000927386 0 0.000463693 0.129482 0.198675 0.342316 0.822334 1 0.766157 0.409226 0.249144 0.204841 0.0765015 1 0.257314 0.0680131 0.0827511 0.0777293 0.0709607 0.085917 0.0789301 0.0962882 0.278166 
5.07943e-005 1 0.136865 0.00957472 0.0123557 0.0688644 0.475168 0 0 0 5.71017e-005 0.00135902 0.0195973 0.0293389 0.0250677 0.0245423 0.0249763 0.0306751 0.126812 1 9.67804e-005 1 0.82886 0.416866 0.383444 0.38638 0.376315 0.422285 0.464062 0.0477773 
1 0.170916 0.0216117 0.000575979 0.00110187 0.00310528 0.00748773 0.00285485 0.00162777 0.00277973 1 0.00940916 0.00500438 0.00664176 0.00740279 0.00814077 0.0111388 0.0139754 0.0165122 0.0300263 0.000236016 0.000991267 0.00280859 0.00639603 0.0121784 0.0221619 0.0280623 0.0301865 0.0392967 1 
0.0953568 1 0.332247 0.00644222 0 0 0 0 0 0 0.000163995 0.0205814 0.934648 0.249764 0.0738797 0.193432 0.462712 0.30831 0.416711 1 0.0128884 0.413643 0.741495 0.64711 0.248351 1 0.367037 0.554287 0.159261 0 
1 0.796681 0.68099 0.0394086 0.126011 0.806578 0.287809 0.0193724 0.0148461 0.301931 0.304913 0.542431 0.638557 1 0.433438 0.344644 0.406773 0.439437 0.338044 0.0463969 0.0066133 0.469254 0.358568 1 0.923019 0.421685 0.27741 0.201241 0.165274 0.0927022 
0.710167 0.129121 0.330501 0.175751 1 0.55337 0.162002 0.0416908 0.0154839 0.246763 1 0.996281 0.200233 0.159931 0.27623 0.287055 0.237371 0.343344 0.438381 0.204397 0.0261943 0.0567286 0.0831384 0.108532 0.0961278 0.14904 0.225037 0.309868 0.273116 1 
0.0480352 1 0.107912 0.0688634 0.285322 0.455753 0.0247753 0.00105727 7.04846e-005 0.0027489 0.272161 0.325981 0.455889 0.278704 0.413466 0.730583 0.891304 1 0.723618 0.697974 0.0044255 0.0950664 0.0603999 0.362891 1 0.758564 0.725291 0.722013 0.358138 0.551385 
0.613096 0.400834 0.0164883 0.00775224 0.0271132 0.159216 1 0.0577286 0.00684716 0.00905084 1 0.0491398 0.187202 0.511923 0.47709 0.41805 0.208874 0.163538 0.175973 0.237006 1 0.187242 0.0712799 0.0159283 0.0101018 0.0227385 0.0153608 0.0260679 0.0788468 0.781961 
1 0.767313 0.00345984 0.000399212 0.000239527 0.000133071 0.000212913 0.000372598 0.00119764 0.0058285 0.128405 0.758893 1 0.301424 0.0824444 0.0604751 0.0737994 0.170718 0.0564302 0.0075346 0.0195763 0.0966479 0.788576 1 0.560311 0.336176 0.337731 0.0902655 0.303191 0.0529364 
0.0132377 0.0959945 1 0.039286 0.0257067 0.101802 0.231617 0.314886 0.0875395 0.0115296 1 0.331428 0.0968987 0.061312 0.068315 0.166357 0.713163 0.64642 0.102472 0.0178648 0.0115898 0.0270849 0.084908 0.141345 0.140968 0.233308 0.346183 0.444822 0.404258 1 
1 0.478925 0.0947015 0.0340232 0.0417163 0.302416 0.58988 0.0338065 0.0638206 0.134576 1 0.0354241 0.03703 0.0457208 0.063669 0.0983374 0.198848 0.371339 0.424995 0.119875 0.000331455 0.00472324 0.0217103 0.05295 0.109463 0.174511 0.231439 0.192658 0.333527 1 
0.466131 1 0.851579 0.0502338 0.19261 0.029878 0.348785 0.0272551 0.000513171 0.333732 1 0.0902001 0.0674458 0.0273349 0.0127018 0.0128504 0.0185699 0.0719273 0.0847281 0.0468704 0 0 0.0063435 0.0594391 0.0316176 0.14183 1 0.191803 0.0146849 0 
1 0.0268131 0.0115085 0.00509404 0.00828251 0.0459139 0.0463265 0.0105632 0.0099255 0.0359359 1 0.00360413 0.0043059 0.00795335 0.0131603 0.0236955 0.0356168 0.0715542 0.205548 0.0205938 1.73837e-005 0.0155063 0.0230943 0.0217471 0.0309605 0.0279704 0.0641982 0.138157 0.0690482 1 
0.899726 1 0.0453699 0.000130608 8.163e-005 4.8978e-005 0.00915888 0.00462026 0.00767322 0.00798341 1 0.13875 0.030351 0.0162035 0.0143912 0.021031 0.106495 0.16575 0.206792 0.133587 0 1.58851e-005 0.00158851 1 0.134118 0.0707364 0.0274018 0.0442877 0.130051 0.513264 
0.216196 1 0.1192 0.00488524 0.0113606 0.00409977 0.00590061 0.00178168 0.000363999 0.00178168 1 0.0150404 0.0124973 0.0131728 0.0120204 0.0172856 0.154418 0.181975 0.00981502 0 0 0 0 0.261067 0.25923 0.135013 1 0.509239 0.50343 0.00378575 
1 0.212189 0.187791 0.931503 0.000952256 9.85092e-005 0.00587772 0.00466277 0.000853747 0.253431 0.338848 0.0138691 0.51608 0.562928 0.0120151 0.0157587 0.103786 1 0.21941 0.00834284 0.078008 0.00432481 0.239059 0.894913 1 0.0282404 0.0112639 0.00926284 0.253841 0.0340176 
1 0.0657999 0.000948467 0 0 0 1.58078e-005 0 0 0.000260828 1.31125e-005 5.24501e-005 0.000196688 0.00747414 0.0232092 0.0326371 0.0482803 0.0453431 0.0544432 1 0.0017374 0.00219615 0.00259634 0.00242065 0.176346 1 0.0225471 0.0273396 0.0427713 0.0397357 
1 0.344506 0.0196483 0.00792537 0.0222075 0.0156856 0.0120532 0.00817304 0.0189053 0.087757 0.965956 0.136393 0.131006 0.214393 0.644042 1 0.303383 0.14652 0.157294 0.252316 0.027097 0.061566 0.0332736 0.048416 0.0840805 0.266786 0.774457 1 0.472206 0.941223 
0.586185 1 0.1352 0.0126027 0.0220946 0.0689958 0.107602 0.0531228 0.0100503 0.00797639 1 0.187809 0.0968904 0.0709432 0.0614703 0.0800041 0.136944 0.599568 0.343596 0.0053542 0.0291337 0.111325 0.335616 0.0853753 0.0338607 0.0817094 0.31912 0.247829 0.179529 1 
0.342442 1 0.16599 0.0139094 0.0302191 0.0646233 0.106167 0.3113 0.0505293 0.167898 0.76362 1 0.2424 0.115772 0.0654362 0.058034 0.074319 0.131563 0.574812 0.455784 0.209981 0.0919414 0.290965 0.208188 0.156091 0.209284 0.465783 0.781154 1 0.233191 
0.00226517 1 0.11609 0.000467807 0.000492429 4.92429e-005 0.00246214 0.000837129 0 7.38643e-005 1 0.262089 0.124248 0.0617452 0.0463342 0.0646759 0.0965085 0.152746 0.335001 0.155576 0 0 0.00497875 0.0124469 0.015065 0.0299584 0.0832225 0.351174 0.46032 1 
1 0.147752 0.000956667 0.000106296 0.000212593 0 0 0.000372037 0.000655494 0.00623605 0.000223214 0.00167411 0.0135045 0.120033 0.14548 0.235938 0.370592 1 0.687946 0.837723 0.0140339 0.0877285 0.16893 0.143016 0.238708 0.337859 0.504961 1 0.992885 0.772193 
0.998842 1 0.501969 0.144347 0.251506 0.727525 0.813716 0.19196 0.0543327 0.105422 1 0.511807 0.164854 0.111699 0.0921517 0.0698609 0.0447776 0.0149422 0.00627082 0.00254752 0.205492 0.439474 0.597136 0.963094 0.700768 0.897992 1 0.465899 0.217301 0.61618 
0.72139 0.0427211 0.01473 0.0101977 0.014688 0.0718452 1 0.203617 0.141089 0.245289 1 0.568315 0.225399 0.128093 0.124882 0.0917161 0.0571903 0.0169985 0.00392853 0.00113323 0.178104 0.527607 0.319355 0.209674 0.213942 0.33033 0.427681 0.279656 0.493869 1 
1 0.00709364 0.00130825 0.000203506 0.00735529 0.0336657 0.249789 0.0323575 0.0415443 0.510568 0.471623 1 0.719893 0.458237 0.173608 0.0989915 0.00795912 9.04445e-005 0 0 0.000371333 0.428952 0.574947 0.642344 1 0.73592 0.519 0.108058 0.000804555 0 