1 0.0747473 0.025893 0.00300209 0.00661397 0.0140488 0.803692 0.87933 0.101508 0.00881863 1 0.0547834 0.0503444 0.0591872 0.0585531 0.0597685 0.0693336 0.0893974 0.156899 0.293047 0.026601 0.0636627 0.187573 0.38034 0.359509 0.102953 0.0503262 0.0336646 0.0312921 1 
0.449412 1 0.0409407 0.00447834 0.0296316 0.00356514 0.0353227 0.00673578 0.00178257 0.0398083 1 0.414941 0.255367 0.0780107 0.0458358 0.0354159 0.0123763 0.00414781 0.00198154 0.000839638 0.0188632 0.0535076 0.0375187 0.102961 0.212795 1 0.902908 0.049923 0.0114206 0.0210927 
1 0.573923 0.0191886 0.00612433 0.0393824 0.0903519 0.413593 0.0224456 0.0101662 0.0182602 0.384694 1 0.538467 0.224725 0.0916079 0.0285614 0.00522939 0.00384593 0.00448692 0.00241439 0.000237484 0.0588432 0.0661612 0.198413 0.425245 1 0.478961 0.416291 0.837033 0.280134 
1 0.282073 0.00276493 0.000150814 0.00296602 0.00170923 0.519757 0.141011 0.0117635 0.0486628 1 0.0323815 0.022418 0.0187719 0.0145121 0.0206852 0.0312985 0.0296018 0.051731 0.0563157 0.672031 0.313122 0.114687 0.0730797 0.0498755 0.306899 0.15016 0.267692 1 0.608642 
0.0480312 0.000118525 1.43666e-005 3.59166e-005 0.00201492 0.276195 0.0816132 0.161398 1 0.0345194 0.390273 0.62233 0.0468456 0.0127732 0.00860059 0.0164774 0.0567235 0.213833 1 0.0930099 1 0.00688093 0.0142771 0.03192 0.041624 0.0310785 0.0364107 0.0675654 0.131085 0.000631082 
0.805238 0.041835 0.00206817 0.000567944 0.00367556 0.000257182 0.00184314 0.00150023 0.00115732 1 0.416617 0.63866 0.666095 1 0.0869388 0.0691619 0.0764142 0.0621042 0.0210847 0.00617328 0.0412319 0.0489851 0.112314 0.169472 0.241964 1 0.210628 0.0188984 0.0121574 0.0115759 
1 0.000476825 0 0 0 0 0.000229583 0.943646 0.914127 0.055453 0.00491902 1 0.203446 0.380685 0.116956 0.0348616 0.00336927 0.000544795 0.000206282 0.000137521 0 8.76117e-005 0.00202602 0.261543 1 0.270945 0.224866 0.0371145 0.00646684 0.00394253 
1 0 0 0 0 0 0 0 0 0 1 0 0 0 0 0 0 0 0 0 0.588052 0.360902 0.137742 0.146094 0.118109 0.172364 0.376952 1 0.743214 0.0012777 
0.602194 0.179606 0.0387521 0.0207193 0.0249924 0.0130629 0.407275 0.234763 0.0576329 1 0.216386 0.92647 1 0.614723 0.675493 0.823012 0.0687381 0.0194269 0.013204 0.00648041 0.145798 0.26283 0.891031 0.796074 1 0.845792 0.648905 0.134877 0.118717 0.231817 
1 0.35823 0.108175 0.0414248 0.118343 0.0229405 0.00841048 0.0049898 0.0236623 0.0398556 1 0.0983273 0.0661638 0.00889909 0.00262381 0.00279873 0.00432929 0.00568492 0.0134908 0.000262381 0 6.1106e-005 0.000519401 0.00137489 0.00452185 0.01989 0.131989 0.262481 0.259578 1 
0.218207 0.108651 0.0574384 0.0488522 1 0.0332389 0.0156344 0.0066267 0.00744846 0.0546993 0.489958 0.225124 0.106604 1 0.211089 0.00451217 9.68872e-005 1.3841e-005 0 0 9.67539e-005 0.137745 0.442391 1 0.371712 0.142438 0.0197378 0.0103365 0.0168513 0.232387 
0.0892645 0.0898377 0.0338676 0.0349034 0.086288 0.447288 1 0.119663 0.00643565 0.00681777 0.769536 1 0.906689 0.747973 0.636519 0.315668 0.116583 0.0494127 0.0709756 0.0222798 1 0.0950544 0.127522 0.115675 0.13759 0.0964263 0.0477645 0.0136495 0.00546151 0.00341668 
0.0854439 0.035296 0.00613932 0.00139806 0.00218827 0.105382 1 0.0785144 0.150099 0.115958 0.210534 1 0.265568 0.0520825 0.0202184 0.0115245 0.00553983 0.00301254 0.00202184 0.00117266 0.0774572 0.537932 0.417861 0.407478 0.598637 0.899994 1 0.64864 0.260271 0.120199 
0.451498 0.404485 0.989556 0.0416762 0.0182354 0.0289736 0.0401048 0.0108037 0.00821738 1 0.410143 0.30308 0.179542 0.108655 0.0860289 0.114031 0.295552 0.635926 1 0.730127 0.064445 0.0520429 0.113901 0.222514 0.339496 0.655558 1 0.623107 0.246177 0.161341 
0.109807 0.0258423 0.0947681 0.0788223 0.0690164 0.304913 0.0540551 0.0322543 1 0.199459 0.358869 0.382315 1 0.889612 0.108493 0.0555222 0.0202018 0.00947254 0.00784064 0.00446429 0.0310082 0.0772494 0.101342 0.0653247 0.0666704 0.0578109 0.104688 0.354977 0.981945 1 
0.0198225 0.511201 0.452741 0.0686552 0.0521994 0.828582 1 0.00409037 0.00380719 0.00509722 0.541844 0.813806 0.367484 0.118657 0.14435 0.189179 0.31839 0.541898 1 0.554264 1 0.391733 0.0345433 0.0199766 0.0213115 0.0325059 0.0715925 0.0877283 0.13993 0.39356 
0.0878093 0.772674 0.264209 0.357908 1 0.627687 0.701793 0.00931584 0.001763 0.0133627 1 0.385736 0.206684 0.183484 0.202389 0.320918 0.274579 0.0991378 0.0758614 0.0145477 1 0.178662 0.173152 0.240258 0.262695 0.306502 0.251542 0.291242 0.0804221 0.0146607 
1 0.473897 0.102675 0.0591039 0.0820389 0.72164 0.0849549 0.0364493 0.0482252 0.2778 1 0.857789 0.556953 0.709442 0.182787 0.145892 0.156708 0.145279 0.0943469 0.0365882 0.109079 0.11311 0.181425 0.289682 0.452516 0.605644 1 0.531955 0.246902 0.3132 
0.874594 1 0.742455 0.0321419 0.243553 0.00228331 0.378648 0.707795 0.0232722 0.655543 1 0.0207017 0.0118893 0.00499089 0.00157435 0.00063366 0.000150249 3.26629e-005 1.30651e-005 0 9.88511e-005 0.00135097 0.00813874 0.0190783 0.0154757 0.084353 0.189036 1 0.42629 0.00474485 
1 0.0309012 0.0278591 0.0216415 0.0884607 0.379434 0.455072 0.0246369 0.0131023 0.00829903 1 0.290474 0.127195 0.00186222 4.6209e-006 4.6209e-006 0 0 0 0 1.22454e-005 0.0709195 0.396348 0.250921 0.0498084 0.0207744 0.018956 0.0233092 0.0498512 1 
0.26551 0.0133157 0.00632544 0.000957498 0.00215313 0.00271374 1 0.00629567 0.00135439 0.00190507 0.320884 0.005609 0.00291237 0.00183371 0.00308187 0.00764304 1 0.00368797 0.000200322 0.000169503 0.00123611 0.00143101 0.00379039 0.0105659 0.0212549 1 0.0423251 0.0246298 0.0340058 0.205317 
0.926831 1 0.0359599 0.00169364 0.00610737 0.0182195 0.0556677 0.0187327 0.0133609 0.0190919 1 0.234945 0.0447366 0.0168718 0.00901192 0.00473745 0.00293937 0.00165811 0.000969024 0.00055988 0.36335 0.191537 0.0726448 0.048262 0.0560453 0.165214 0.893753 0.268539 0.0262972 1 
0.73914 0.765393 0.034735 0.00703599 0.36729 0.763196 0.354358 0.121308 0.224289 1 1 0.53116 0.209297 0.15423 0.0860809 0.0582398 0.0420411 0.0490573 0.0303708 0.0143678 0.172766 0.465398 0.399027 0.273986 0.146973 0.0905002 0.103109 0.184184 0.395926 1 
1 0.351416 0.033235 0.00701312 0.0475788 0.0517917 0.0743691 0.0111257 0.00672891 0.0132906 1 0.0421878 0.0282807 0.028027 0.0333884 0.0632244 0.106124 0.0928803 0.153019 0.00685122 0.0295059 0.0290342 0.023059 0.0281925 0.0258893 0.0405035 0.0865845 0.171153 0.332732 1 
1 0 0 0 0.174372 0.231661 0.00496905 0 0 0 1 0 0 0 0 0 0 0 0 0 0 0 1.72783e-005 6.91133e-005 0.000466515 0.00324832 0.0146866 0.0599903 0.0990393 1 
1 0.0573211 0.0287348 0.00868726 0.0301455 0.100163 0.355881 0.0793733 0.0582121 0.299599 1 0.107876 0.0761115 0.0646581 0.0609907 0.0538817 0.0691153 0.0772399 0.0100993 0.00203114 0.03564 0.0399465 0.0532373 0.0938521 0.0931838 0.100832 0.162459 0.231437 0.207529 1 
1 0.302087 0.148499 0.012526 0.00925029 0.0174499 0.0244546 0.0355384 0.0274419 0.123859 1 0.0899321 0.0338996 0.0322861 0.0242488 0.0225135 0.0209456 0.0171553 0.0094377 0.00490151 1.98381e-005 0.000853039 0.00914537 0.0302135 0.045588 0.0559435 0.0685605 0.13851 0.2892 1 
1 0.00595177 0.0236857 0.0398128 0.0443762 0.289282 0.0455898 0.00441771 0.00229138 0.00425751 1 0.0667725 0.0348773 0.0347969 0.0416873 0.0600806 0.0598207 0.0489227 0.0383414 0.0129585 1 0.035528 0.0311742 0.0396949 0.0392345 0.0555601 0.0548854 0.0400551 0.0286622 0.0459726 
0.116326 0.4828 0.0807374 0.0124043 0.00943603 0.202343 1 0.0057491 0.00249961 0.0898922 0.229172 0.656823 1 0.0594613 0.00812363 0.00299291 0.000427559 0 0 0 0 0 0.000414193 0.0147269 0.158682 1 0.661374 0.378066 0.528786 0.207004 
0.201431 1 0.555194 0.224229 0.0171612 0.000433615 0.0006671 0.00205133 0.00305198 0.00375244 0.0260853 0.772942 1 0.298426 0.0962694 0.0424769 0.0259517 0.0180517 0.0126705 0.00435073 0 0.0098314 0.884136 0.940322 1 0.78828 0.626148 0.542711 0.229227 0.171015 
1 0.447012 0.0302795 0.010607 0.016896 0.0058678 0.00868516 0.00499274 0.0037742 0.0182863 1 0.543455 0.236702 0.0855557 0.0726402 0.0791732 0.0992754 0.100845 0.104664 0.0818543 0.241247 0.312028 0.289665 0.867581 0.378921 0.597232 1 0.314983 0.354105 0.0606797 
1 0.00133622 0.0183719 0.100831 0.216794 0.0628497 0.00233721 0.000788513 4.72164e-006 0.0163652 1 0.102641 0.0240741 0.00701399 0.00633673 0.00929879 0.00565946 0.00321507 0.00277524 0.00159975 1 0.0280134 0.0335343 0.0402007 0.0442033 0.0491941 0.0463056 0.0403714 0.0443919 0.024478 
1 0.41253 0.114815 0.044215 0.0893146 0.974748 0.170216 0.0214118 0.0077557 0.02125 0.894976 1 0.636611 0.433199 0.418212 0.15966 0.116988 0.0801756 0.0493234 0.0174777 0.0719134 0.0848217 0.132282 0.188252 0.230843 0.312752 0.297158 1 0.382738 0.0141079 
0.10599 1 0.040939 0.00326281 0.00359114 0.063081 0.0621165 0.0356652 0.0199257 0.0444276 0.0387949 0.373277 1 0.634219 0.151982 0.0860452 0.0565582 0.0301265 0.00760267 0.00376581 0.000598866 0.00667308 0.0143086 0.0359534 0.063159 0.0702813 0.0764838 0.0776601 0.0921613 1 
0.0542926 0.55041 0.0926401 0.0219223 0.0355493 1 0.135839 0.00750062 0.00798079 0.0236609 1 0.0954604 0.151215 0.139101 0.0404029 0.00959958 0.00413367 0.00245281 0.00190498 0.00123263 0.00394029 0.00844559 0.0106908 0.0171142 0.0294109 0.0609332 0.126595 0.230886 0.244967 1 
0.57738 1 0.441306 0.0234117 0.0157177 0.0178611 0.0363816 0.0311607 0.0229721 0.0211035 1 0.166856 0.171931 0.249249 0.198541 0.0828364 0.0344454 0.0177401 0.0110876 0.00566698 0.0182667 0.0332213 0.0570081 0.0952477 0.131279 0.190345 0.208712 0.127214 0.135996 1 
0.0587955 0.00767502 0.00246555 0 0.000437437 0.00137196 1 0.0944465 0.00849025 0.00143161 0.497444 0.533985 1 0.557591 0.0368526 0.00120027 0.000133363 4.44543e-005 0 0 0 4.27186e-005 0.00444274 0.0528002 0.07621 0.179247 0.30924 0.466145 0.436541 1 
1 0.199647 0.0147228 0.00708559 0.0251551 0.0236718 0.182644 0.0210484 0.011793 0.041778 0.191652 0.0816431 0.0966322 0.104886 0.110957 0.125719 0.128071 0.105777 1 0.31682 0.766917 0.0838854 0.0367045 0.0324108 0.0308896 0.0390107 0.106801 0.614505 1 0.346141 
0.373284 0.96615 0.0561933 0.00596719 0.0426802 1 0.562174 0.0303711 0.0100613 0.164165 1 0.202139 0.0789125 0.0531423 0.0265539 0.016066 0.00615441 4.61005e-005 0 0 0 0.00045875 0.00975213 0.0433888 0.0754569 0.172297 0.308768 1 0.156952 0.00873104 
0.529996 1 0.0185193 0.00379058 0.0124208 0.00334298 0.0184494 0.00700768 0.00149665 0.0169947 1 0.320503 0.0159631 0.000522048 1.16011e-005 0 0 0 0 0 0.0010672 0.00957343 0.0152547 0.52814 0.472896 0.78091 0.441163 0.337926 1 0.0305094 
1 0.721243 0.0194681 0.00239776 0.00279373 0.00145186 0.199432 0.201368 0.234189 0.152863 1 0.0700917 0.0496421 0.00576959 0.00603542 0.00274696 0.00020676 7.87657e-005 3.93829e-005 9.84572e-006 0.000601841 0.00296041 0.0120856 0.0448616 0.0882592 0.0636488 0.195794 0.152266 0.314145 1 
1 0.510246 0.0919981 0.0067896 2.05124e-005 0 0 0 0 0.253882 0.00902594 0.185271 0.403478 0.377505 0.258952 1 0.675987 0.403146 0.022878 0.00677866 2.98098e-005 0.0139212 0.197818 0.393758 0.804269 1 0.266649 0.0205986 0.00614082 0.00414356 
1 0.116794 0.0129816 0.00518996 0.011721 0.0894229 0.0952566 0.0179838 0.00572639 0.00799281 0.157838 0.096674 0.132657 1 0.443742 0.231401 0.117985 0.0474144 0.020388 0.00733606 0.235995 0.155937 0.115763 0.115308 0.283657 0.833058 0.466736 0.927969 1 0.0707902 
0.636162 0.32208 1 0 0 0 0 0 0 0 0 0.698207 0.425211 0.0248762 0.0121173 0.0110838 0.0154674 0.0343918 0.0901671 1 0 0.00360173 1 0.0346743 0.0126366 0.0222209 0.0393444 0.0902875 0.271565 0.551096 
0.0268738 1 0.0133924 0.00979411 0.0154691 0.0317126 0.520287 0.0201228 0.00234401 0.00344747 0.0801609 0.0892367 0.345094 1 0.6026 0.16145 0.103898 0.0775967 0.0487094 0.0208329 0.0487001 0.111152 0.0951881 0.367047 1 0.554093 0.131129 0.147457 0.155234 0.124151 
1 0.158383 0.00346968 0.000928505 0.000879636 0.00146606 0.00307873 0.0948378 0.809021 0.767613 0.041955 0.0579146 0.138673 0.706532 1 0.671026 0.304935 0.142567 0.0500707 0.0185682 1 0.825361 0.105126 0.0871429 0.0753613 0.0932269 0.121092 0.12721 0.19837 0.296941 
0.184239 0.270145 0.0680318 0.00618471 1 0.167964 0.756163 0.00346226 0.000680614 0.00665818 1 0.203127 0.0860814 0.0602167 0.0258982 0.0084035 0.00409272 0.00155993 0.00100641 0.00134188 0.270737 0.952409 0.642968 0.610574 0.562597 0.526855 0.596407 1 0.198738 0 
1 0.0720504 1.52198e-005 4.56593e-005 0 0 0 3.04395e-005 0.985054 0.922744 0.0104738 0.259436 0.502599 0.176755 0.103993 0.0518777 0.0402313 0.100127 0.557931 1 0.00901863 0.433397 0.491123 1 0.136882 0.0875625 0.125334 0.246598 0.397998 0.148383 
0.183564 0.0254845 0.00855231 0.00786261 0.017346 1 0.0950066 0.0252431 0.0466239 0.259259 0.245087 0.303617 0.440084 0.504521 1 0.142375 0.0969259 0.0798674 0.0495479 0.0150693 0.0582831 0.231318 0.749839 1 0.241091 0.143718 0.0970215 0.0805781 0.0846158 0.145532 
1 0.138683 0.0377025 0.0029715 0.00552395 0.357165 0.236069 0.0248387 0.00840656 0.0109082 0.0853914 1 0.432237 0.452747 0.336119 0.208096 0.0931542 0.0297175 0.0141547 0.00489115 0.000319129 0.0139241 0.0852243 0.204965 0.304785 0.169088 0.142819 0.15728 0.331861 1 
1 0.312078 0.0138312 0.00772701 0.00520097 0.00533 0.0575729 0.0168337 0.00500742 0.0473794 0.261918 0.291459 0.468945 0.687689 0.952686 1 0.735465 0.346966 0.213715 0.0377859 0.710937 1 0.934841 0.308877 0.230037 0.298323 0.184706 0.134995 0.100569 0.0919691 
1 0.527883 0.0371937 0.00200157 0.00545998 0.00480124 0.10939 0.0672553 0.00462388 0.16252 1 0.109802 0.00857165 0.00531212 0.0073032 0.0127844 0.0132995 0.00658057 0.00202183 0.000146064 3.88961e-005 0.00873218 0.0349871 0.232327 0.673292 1 0.601587 0.393123 0.00478422 0.000427857 
1 0.336819 0.0203363 0.00631886 0.0121778 0.0288548 0.00815853 0.00715871 0.0261753 0.0417325 1 0.191178 0.106155 0.0877046 0.0764626 0.0546223 0.0377593 0.0174637 0.0101049 0.00495591 0.000901735 0.00711896 0.0140243 0.0261266 0.0423578 0.0795899 0.125246 0.237773 0.232363 1 
0.0102925 0.00382432 0.00218302 0.00189195 0.0117317 0.463018 1 0.0318478 0.00549797 0.00655714 0.10469 0.329697 0.823872 0.345953 0.302117 0.431192 1 0.363383 0.286186 0.0151048 1 0.189756 0.0919026 0.0806545 0.13277 0.257991 0.335129 0.571202 0.129132 0.104612 
1 0.377775 0.0318348 0.00637677 0.0111348 0.0135384 0.0440242 0.0402472 0.0172909 0.0235205 1 0.0864875 0.0323825 0.0159444 0.00928872 0.00714939 0.00501006 0.00336442 0.00239532 0.00117023 0.00474555 0.00653078 0.0108244 0.0166772 0.0207448 0.0313658 0.0434783 0.086143 0.222137 1 
1 0.32602 0 0 0 0 0 0 3.32436e-005 0.0167215 0.000378884 0.0314473 0.0848699 0.0722405 0.144734 0.377242 0.570093 0.859055 0.994569 1 0.0227292 0.226709 0.419532 0.467405 0.372825 0.286487 0.233369 0.181833 0.152027 1 
1 0.0696045 0.0208568 0.0133571 0.0225765 0.0212059 0.0633073 0.00434462 0.00602558 0.0200422 1 0.0274676 0.0330445 0.0334735 0.00867785 0.00636131 0.0066187 0.00721929 0.00956035 0.0189368 0.0614756 0.0432572 0.0191394 0.0137072 0.01312 0.0172441 0.0281085 0.0439912 0.0412551 1 
0.0694247 0.934198 0.635153 0.13508 0.228984 1 0.158237 0.0139045 0.0118972 0.0216891 0.21774 0.811678 1 0.703922 0.631825 0.677959 0.499331 0.495988 0.64698 0.769891 1 0.240291 0.191174 0.196043 0.210534 0.142675 0.137806 0.117324 0.138695 0.158017 
1 0.413498 0.0197964 0.00253832 0.00324756 0.0012816 0.0380126 0.0193361 0.0780535 0.164108 0.530656 0.596899 0.484082 0.88541 1 0.45948 0.121353 0.0289427 0.00930301 0.0031896 0.384561 0.686671 1 0.2478 0.114606 0.136175 0.169338 0.179783 0.219166 0.143756 
1 0.00844993 0.00112105 0.000812763 0.00151342 0.00112806 0.003195 0.0028727 0.0149661 0.279675 0.117663 0.355554 0.549054 1 0.752452 0.528201 0.901802 0.862872 0.435978 0.0654555 0.453722 0.390206 0.664792 0.521699 0.34862 1 0.938891 0.302031 0.256091 0.193846 
1 0.0853814 0.0159858 0.0147723 0.0808349 0.0995712 0.0102904 0.00283149 0.0033007 0.0197395 1 0.590207 0.863753 0.650345 0.613724 0.527495 0.324324 0.204165 0.0346905 0.0036855 0.0201595 0.186348 0.861244 1 0.666986 0.928995 0.832472 0.0935247 0.259075 0.405933 
1 0.000382661 0 0 0 0 0.000170072 8.50358e-005 0.000191331 0.00480452 0.126867 1 0.0739865 0.0755172 0.275814 0.432368 0.183922 0.0224047 0.00329344 9.2773e-005 0 5.32793e-005 0.0267995 0.306516 0.719111 0.0651606 0.0256274 0.363099 1 0.0139592 
1 0.306987 0.0362166 0.00609305 0.0124139 0.0308638 0.0144923 0.01025 0.0181368 0.0166278 1 0.0915514 0.151738 0.162766 0.111178 0.0741308 0.0484486 0.0345047 0.0296075 0.0254206 0.0946033 0.116772 0.0770696 0.0658594 0.06453 0.0676919 0.0849023 0.124281 0.136713 1 
1 0.966922 0.0288954 0.00660466 0.0179702 0.0391876 0.00910892 0.00429303 0.0173372 0.00665969 1 0.039336 0.100367 0.278913 0.17041 0.106092 0.136662 0.144661 0.0750288 0.0172027 0.003959 0.0212864 0.0966701 0.264711 0.129156 0.167525 0.221379 0.128396 0.0331905 1 
1 0.039716 0.00823157 0.00180885 0.00575162 0.00530071 0.00447756 0.00492846 0.00416822 0.00830498 1 0.03637 0.0706893 0.10941 0.16528 0.328094 0.23092 0.0380917 0.0108916 0.00215705 0.0386524 0.315123 0.56932 0.211545 0.0293542 0.0120444 0.0121633 0.0147798 0.0296678 1 
0.773639 1 0.0268153 0.00277026 0.00854886 0.0284601 0.008116 0.00567038 0.0136782 0.008722 1 0.343224 0.357963 0.235691 0.1211 0.0165343 4.78561e-005 0 0 0 0 0 0 0.000357398 0.00599918 0.170147 0.379736 0.403732 0.253344 1 
1 0.181648 0.0290147 0.0108148 0.029905 0.0294234 0.020681 0.00405009 0.00409387 0.00391144 1 0.0532471 0.0370471 0.0257393 0.0159935 0.0130375 0.00708025 0.00385961 0.00214279 0.000910041 0.00447114 0.0107702 0.0276423 0.045255 0.0372437 0.0397782 0.0272549 0.0124281 0.0182651 1 
0.791753 1 0.950023 0.0167615 0.0137225 0.00653324 0.00551576 0.00281143 0.00293192 0.0642212 0.0246876 0.5331 0.137345 1 0.216908 0.202851 0.135191 0.0812886 0.0512512 0.0260309 1 0.161042 0.207771 0.303099 0.363364 0.215633 0.141609 0.04993 0.0336751 0.033322 
1 0.107378 0.0200725 0.0129395 0.0215757 0.0305362 0.392224 0.0796416 0.0510213 0.0825891 1 0.0364409 0.0189151 0.0261398 0.0585515 0.0612905 0.00829645 0.000396959 0.000357263 0.000119088 0.000881875 0.00120678 0.00273845 0.0108378 0.0245301 0.0747969 0.1055 0.06932 0.12583 1 
1 0.277366 0.0239892 0.00924591 0.0230948 0.0487476 0.0287119 0.00549172 0.00240975 0.00514421 1 0.256764 0.132345 0.0300135 0.00948466 0.00528729 0.00375676 0.00219724 0.00168706 0.00155372 1 0.571466 0.0355081 0.0806665 0.153717 0.22844 0.26058 0.195136 0.0986006 0.0241629 
0.94736 1 0.059211 0.0070636 0.00623403 0.00601227 0.0049938 0.00413138 0.00378642 0.0145789 1 0.130718 0.399922 0.39734 0.270116 0.380869 0.0811259 0.184502 0.0241566 0.0117823 1 0.118335 0.0329349 0.0341938 0.0368803 0.0363183 0.0332777 0.029203 0.0303889 0.0535388 
0.0561382 0.11906 0.0764882 0.0496472 0.0561966 0.609996 1 0.32451 0.0377958 0.0531168 1 0.900812 0.239921 0.141373 0.12668 0.133768 0.159956 0.12951 0.11841 0.00920502 1 0.491146 0.291822 0.223404 0.511623 0.631762 0.385727 0.393198 0.566199 0.877093 
0.418684 0.161266 0.0271954 0.00497824 0.00332831 0.00421017 0.0087048 0.260376 1 0.425255 1 0.111794 0.101557 0.0764694 0.0679836 0.0648891 0.0524523 0.0358895 0.0360452 0.0168937 0.0107138 0.0288146 0.0488968 0.0775158 0.105499 0.125801 0.116971 0.158701 1 0.316814 
0.394627 0.529425 0.167946 0.0349469 0.0779972 1 0.843387 0.0253544 0.00460286 0.0160713 1 0.112791 0.0286976 0.0225207 0.0177962 0.0177228 0.01809 0.0204726 0.027392 0.0231327 0.00868007 0.027168 0.0543763 0.107967 0.151488 0.181798 0.678596 0.504652 0.507572 1 
0.242015 0.010098 0.000337261 7.93556e-005 7.93556e-005 1.98389e-005 0.0330119 0.111515 0.0814189 1 0.427591 1 0.021111 0.00546887 0.00217579 0.00141132 0.000588051 0.000431237 0.000411636 0.00035283 0.024262 0.139218 1 0.647507 0.572526 0.47802 0.42499 0.375946 0.303911 0.338917 
0.069403 0.33176 0.0508822 0.0175051 0.0237782 0.331999 1 0.00798582 0.00274824 0.00304696 0.141896 0.085012 0.177294 1 0.418526 0.0736742 0.0386438 0.0248393 0.00889283 0.00545254 1 0.945525 0.620706 0.631276 0.645708 0.513382 0.626533 0.249339 0.364388 0.660275 
1 0.727536 0.0175492 0.00399759 0.0100065 0.0283602 0.0919445 0.89468 0.0940816 0.0467642 1 0.216181 0.0104364 0.00490212 0.00906117 0.0207398 0.0188987 0.00346032 0.000876171 0.000487994 0.000101045 0.000429439 0.00133884 0.00330921 0.0056206 0.0212825 0.0748866 0.121026 1 0.236368 
0.580759 0.578052 1 0.153063 0.0468102 0.188095 0.0214317 0.00415512 0.00367609 0.0152563 0.573345 0.707774 0.554754 0.623646 0.853478 1 0.611573 0.217907 0.0530883 0.0124704 0.130894 0.267353 0.46827 0.818715 1 0.873302 0.630386 0.221491 0.118324 0.0710021 
0.740335 1 0.207414 0.0136351 0.0100263 0.00213716 0.00470785 0.00156318 0.000995304 0.00725412 1 0.223679 0.100358 0.0753026 0.0693869 0.0809658 0.186114 0.484561 0.116222 0.00661549 0.0168113 0.109619 0.16915 1 0.244519 0.181923 0.134648 0.0201524 0.0209144 0.0107268 
1 0.035984 0.00589688 0.000646333 0.00299927 0.0023602 0.000275962 0.00320261 0.0109877 0.0995933 1 0.0667534 0.00752645 0.0026437 0.000937435 0.00050581 0.000182092 6.06972e-005 0.000107906 2.69765e-005 0.0148967 0.0340024 0.0525349 0.0426483 0.0269192 0.0224903 0.0174959 0.0164436 0.029008 1 
0.109661 0.0112059 0.0510954 0.253549 1 0.015862 0.0111538 0.00585486 0.00135513 0.0114665 1 0.197871 0.033463 0.0129231 0.00594732 0.00542563 0.00509771 0.000924146 0.000253395 0.000119245 0.00151404 1 0.0111979 0.00785501 0.0121723 0.0242246 0.0313001 0.0385255 0.04722 0.0953994 
1 0.248784 0.310027 0.0331339 0.114342 0.168037 0.317447 0.0337575 0.0131957 0.0208149 1 0.0713046 0.0417035 0.0301534 0.022543 0.0177871 0.0125375 0.00824588 0.00628583 0.00285942 0.0224806 0.0287718 0.0231395 0.0333775 0.0436155 0.0815363 0.131096 0.142645 0.227414 1 
1 0.200109 0.0237913 0.00381161 0.00470202 0.0266812 0.367351 0.0202921 0.0189018 0.0347419 1 0.023678 0.0259014 0.0654755 0.129094 0.00335801 0 0 0 0 0 0 0 0 0.00433261 0.0632815 0.200951 0.0478986 0.219707 1 
1 0.418804 0.112667 0.00392111 0.00470534 0.00792936 0.187662 0.038514 0.0105725 0.0764472 1 0.0399875 0.0415007 0.0439707 0.0628185 0.131667 0.0856049 0.014019 0.00331561 0.00115712 0.00574876 0.00302815 0.00596167 0.0167022 0.0238467 0.035084 0.0627868 0.109203 0.253608 1 
1 0.0763625 0.0172613 0.00500178 0.0550493 0.256634 0.304871 0.16543 0.109624 0.131531 1 0.235639 0.187928 0.167733 0.183159 0.158783 0.177001 0.0420352 0.00433181 0.000784858 0.000950687 0.216849 0.305631 0.308176 0.376595 0.457004 0.650301 0.522234 0.546338 1 
1 0.0263238 0.0153682 0.233841 0.08521 0.652343 0.446013 0.184054 0.0819842 0.118381 1 0.415434 0.184848 0.14946 0.104353 0.0693021 0.0218384 0.00879426 0.00420778 0.00214597 0.0163582 1 0.54616 0.47784 0.467595 0.66678 0.78774 0.923983 0.337012 0.0653761 
0.743094 0.180737 0.00120782 0.000192738 0.000449721 0.000950839 0.00199162 0.00911007 0.0564593 1 1 0.303022 0.24253 0.117162 0.0558564 0.0243616 0.00899852 0.00162787 0.000474796 0.000214789 0 8.84298e-006 0.000300661 0.00165364 0.00740158 0.0265555 0.0641116 0.113898 0.158502 1 
1 0.294669 0.0149491 0.00428043 0.00784746 0.0414748 0.21253 0.1265 0.0378105 0.0515598 0.54873 0.458675 0.474281 1 0.153322 0.0570548 0.0344416 0.00651061 0.00283286 0.00104369 0.293099 1 0.292457 0.147271 0.108355 0.133373 0.15545 0.201796 0.308922 0.312717 
1 0.202489 0.154737 0.0204232 0.0281474 0.0928802 0.183682 0.0686159 0.129277 0.134776 1 0.118481 0.173883 0.163848 0.103256 0.0711538 0.0543498 0.0358945 0.0142453 0.0031757 0.00175429 0.00691192 0.0160693 0.0468396 0.100995 0.154957 0.136361 0.106854 0.11338 1 
1 0.116244 0.000333008 0 0.00166504 0.00406746 0.0408887 0.0284722 0.00547085 0.0611546 1 0.00587575 3.80308e-005 0 0 0 0 0 0 0 0.000325089 0.00761249 0.00926503 0.0143581 0.102538 0.13307 0.075556 0.0447268 0.0456479 1 
0.469581 0.134935 0.300611 0.707996 0.330637 0.0287645 0.110698 1 0.0035465 0.0137374 0.399843 1 0.346277 0.085269 0.0196677 0.00605938 0.00180098 0.000706928 0.000479701 0.000395543 0.535906 1 0.124884 0.206789 0.327032 0.270921 0.10744 0.0189039 0.00657221 0.00668999 
0.661851 1 0.0960612 0.00309598 0.129128 0.00847093 0.423719 0.0218438 0.00232198 0.00799794 1 0.24261 0.0316845 0.00294413 0.000630885 0.000584153 0.000373858 0.000116831 0.000186929 9.34645e-005 0.00477339 0.0180109 0.0339058 0.237439 0.225973 0.240441 0.632252 1 0.215295 0.0864623 
0.733167 1 0.237301 0.312081 0.0155511 7.301e-005 0.000766605 0.00302992 0.00286564 0.0314856 1 0.660735 0.0453977 0.0858172 0.232391 0.302701 0.272747 0.0916005 0.0144476 0.00269039 0.0178501 0.0258673 0.100683 0.305069 0.282815 0.146504 0.0430523 0.0408233 0.338253 1 
0.526045 0.0127707 0.00043209 0 0.00014403 0.00283259 0.103942 0.125882 0.0907389 1 0.351806 1 0.711427 0.336649 0.156542 0.133807 0.239432 0.503612 0.795027 0.280047 0.0470205 0.122439 0.248603 0.467179 0.754306 1 0.775722 0.634777 0.332053 0.133729 
0.0832818 1 0.0012366 0 0 0 0 0 0 0 0.000356394 0.0540042 0.860398 1 0.115346 0.060566 0.0244864 0.0230608 0.0195388 0.00844864 0.00032946 0.00284533 0.0499581 0.0788307 0.290434 1 0.377141 0.480382 0.477986 0.34165 
1 0.390334 0.00659191 0.000577739 0.00184687 0.00804099 0.00359903 0.00936695 0.0112328 0.00896916 1 0.172176 0.0552466 0.0121207 0.00314877 0.000850577 0.000245359 0.000155394 2.45359e-005 0 0 8.49986e-006 0.00060349 0.00168297 0.00251596 0.0169317 0.0427713 0.0822021 0.146113 1 
1 0.19938 0.16735 0.00439888 0.00229942 0.000107665 0.00522944 0.0405128 0.585628 0.0110741 1 0.111921 0.0727802 0.071726 0.0969161 0.0214035 8.39146e-005 5.24466e-006 5.24466e-006 1.04893e-005 0.0188154 0.11169 0.530748 0.389991 1 0.285883 0.426882 0.257486 0.00767408 0.000520081 
0.233958 0.0973216 0.00344594 0.000365478 0.0114342 1 0.954054 0.092988 0.0107555 0.238866 1 0.439165 0.372228 0.120113 0.0441599 0.0221797 0.00865645 0.00462741 0.0027924 0.00159566 0.00547688 0.0560412 0.0575349 0.0462492 0.0770082 0.0870768 0.216586 0.514162 1 0.74054 
0.151969 0.145271 0.180915 0.0431938 0.0806047 0.187442 0.0247287 0.0642636 1 0.0237519 1 0.173281 0.141712 0.130246 0.129417 0.179221 0.274721 0.485166 0.851552 0.556834 0.475646 1 0.595126 0.274228 0.0545562 0.0737557 0.0850687 0.110501 0.192379 0.762664 
0.556493 0.139588 0.00865588 0.00252782 0.00679557 0.0785376 1 0.156276 0.0107022 0.0265695 0.296509 1 0.329357 0.269772 0.284533 0.33459 0.231259 0.0285688 0.00841979 0.00280147 1 0.232552 0.266232 0.505005 0.563944 0.519506 0.53127 0.547619 0.0779306 0.00095893 
0 0 0 0.00130503 0.434936 1 0 0 0 0 0 0 1.41554e-005 0.0148915 1 0.00887543 0.00758021 0.0112111 0.0277516 0.255087 0 0 0.000102473 0.00197109 0.00716103 0.0254494 0.0452206 0.0476859 0.0930391 1 
0.196864 0.835164 0.0412089 0.00723413 0.0102584 0.69453 1 0.0291992 0.0181796 0.0377939 1 0.411385 0.0561421 0.0510754 0.345917 0.892309 0.581345 0.118232 0.00957051 0.00192552 0.0363079 0.0381554 0.0350762 0.0708495 0.683265 1 0.0845741 0.147039 0.269484 0.51926 
1 0.602223 0.0469147 0.00911978 0.0144283 0.0184664 0.0116152 0.0186025 0.0329855 0.096824 1 0.204349 0.0143963 0.00346354 0.00150589 0.00138542 0.000752944 0.000331295 0.000421649 0.00081318 0.0251363 0.344328 0.325309 0.0602474 0.0086891 0.00908809 0.0117037 0.00997473 0.0142749 1 
0.00722842 0.00399668 0.00244307 0.00136385 0.00308349 0.0612429 1 0.0094936 0.00164848 0.000770873 0.254459 0.606848 1 0.155759 0.0488835 0.0415618 0.0615645 0.0849506 0.0933144 0.0574367 0.0492706 0.145088 0.118448 0.0693646 0.043987 0.0607963 0.0507084 0.318266 1 0.295285 
0.601732 1 0.762901 0.04381 0.0790962 0.118685 0.356596 0.0364227 0.0125017 0.0468949 1 0.160905 0.0385532 0.0158795 0.0180686 0.0181593 0.00803049 0.00550111 0.00471848 0.00303979 0.0574641 0.0643872 0.0415187 0.0347772 0.0397626 0.0904852 0.357722 0.556253 1 0.0390764 
1 0.00998751 0.000584553 0.000791652 0.00114572 0.00115575 0.00787978 0.00210439 0.000668061 0.00182381 1 0.00137482 0.00124298 0.00224742 0.00776552 0.663892 0.0984657 0.0620676 0.0543461 0.00733235 1 0.0356321 0.0387311 0.0679567 0.532593 0.0490411 0.00699055 0.00807519 0.0100061 0.0817471 
0.194238 1 0.0597767 0.0128434 0.055378 0.0262159 0.0108619 0.00649431 0.00737613 0.240227 0.127598 0.0913308 0.0870237 0.0991938 0.136588 0.169232 0.466527 1 0.686891 0.416322 1.55552e-005 0.00530434 0.0962247 0.0780096 0.271937 0.754056 1 0.115435 0.0637298 0.0344393 
1 0.196836 0.0556592 0.017931 0.197728 0.565355 0.283164 0.0346045 0.0121298 0.0619067 1 0.0919485 0.0787677 0.0824467 0.097295 0.135197 0.081388 0.0133397 0.00153512 0.000185273 0.0026131 0.0732484 0.294953 0.362976 0.466846 0.878573 1 0.587947 0.747019 0.467745 
0.492138 0.0244465 0.0144987 0.0118732 0.0197205 0.0156072 1 0.0555442 0.0439044 0.562706 0.203303 0.0981346 0.0782722 0.229239 1 0.0716411 0.0536068 0.0603309 0.20039 0.329605 0.00719081 0.0674327 0.151862 1 0.445277 0.19292 0.0361552 0.0215724 0.00698967 0.00155885 
1 0.0382232 0.00876147 0.0066186 0.0365448 0.044504 0.237383 0.0782515 0.0275194 0.226563 1 0.0671797 0.0247037 0.0210876 0.0192217 0.0259991 0.0388675 0.0354442 0.0106942 0.00084042 0.66675 0.0950523 0.138376 0.106008 0.146814 0.16389 0.117948 0.115847 0.141795 1 
0.436869 0.0477798 0.0171363 0.015118 0.0425206 0.575105 1 0.547081 0.498195 0.348374 1 0.265892 0.104901 0.0135314 0.00616114 0.00385072 0.00190995 0.00104739 0.000616114 0.000169431 0.102828 0.221664 1 0.256564 0.197398 0.422152 0.813176 0.738654 0.732535 0.914815 
1 0.0749257 0.0160307 0.0019995 0.00317976 0.00302702 0.00450582 0.00141631 0.000610958 0.00236052 0.0598675 0.0245449 0.0390988 0.054046 0.0808094 0.268389 1 0.572494 0.264235 0.091949 0.22148 0.189896 1 0.741047 0.522531 0.684521 0.811566 0.769626 0.654558 0.713574 
0.21184 1 0.376319 0.0122025 0.018505 0.0268349 0.300538 0.0609139 0.0107902 0.0322642 1 0.134736 0.0240609 0.00901362 0.00321419 0.000130129 8.67528e-006 0 0 0 0 0 0.0223876 0.681004 1 0.137259 0.102402 0.0795646 0.0703163 0.195843 
0.0374382 1 0.0317751 0.0390529 0.0170813 0.0146131 0.0545195 0.0115452 0.00349469 0.00870789 1 0.639252 0.857366 0.547125 0.150527 0.0888108 0.0591961 0.0347218 0.0277243 0.0157525 0.236064 0.247433 0.132806 0.0966349 0.0897976 0.0870358 0.177772 0.639174 1 0.125406 
1 0.166342 0.000393328 0 0 0 0 0 0 0.000661506 0.0388454 0.523165 1 0.124337 0.0161528 0.0065399 0.00270526 0.00107685 0.00073541 0.000472764 0.000905305 0.0107279 0.0350806 0.0480264 0.0604291 0.190205 0.488322 0.665626 0.456319 1 
0.000393072 0.000393072 0.000614175 0.00321828 0.0698931 0.809041 1 0.00265324 0.000196536 0.000343938 0.014409 0.0372604 0.127142 0.712295 0.51425 1 0.0320554 6.34759e-005 0 0 0 0 3.28969e-005 0.00572406 0.043062 0.143858 0.135766 0.284591 0.913448 1 
1 0.975622 0.182865 0.0310223 0.0604372 0.140377 0.213352 0.0202529 0.0203601 0.0125911 1 0.235236 0.27527 0.112425 0.033419 0.0224507 0.0117909 0.00380463 0.00219366 0.00092545 0.00909762 0.0164846 0.0353408 0.0563742 0.0656273 0.175926 0.187357 0.181253 0.200459 1 
1 0.278651 7.96533e-006 0 0 0 0 0.00109125 0.00391098 0.0372618 0.159396 1 0.859606 0.150223 0.159454 0.156171 0.204469 0.260993 0.195219 0.0464245 0.000150489 0.101008 1 0.991181 0.703416 0.697517 0.488458 0.762257 0.220948 0.0263055 
0.847467 0.045707 0.0426806 0.16545 1 0.03538 0.00770623 0.00530388 0.0208099 0.0281106 1 0.0667011 0.222011 0.371322 0.239847 0.0124878 0.000705831 0 0 0 0 0 0.000797198 0.0380378 0.172394 0.422743 0.298779 0.0503374 0.0232896 1 
1 0.107784 0 0 0 0 0 0.000216627 0.0021422 0.0284504 0.368478 1 0.5792 0.0759031 0.0993406 0.197319 0.291643 0.305404 0.250645 0.14041 0.00346297 0.0287693 0.0328412 0.0261816 0.0386635 0.146244 0.215542 0.154502 0.153931 1 
0.569407 0.0832882 0.401802 0.161598 0.510959 0.277222 0.578066 0.282985 0.698858 1 1 0.174746 0.155281 0.15326 0.158376 0.330739 0.153183 0.0404455 0.0155151 0.0022923 1 0.58809 0.468377 0.569376 0.628081 0.968053 0.899974 0.236313 0.106513 0.00596783 
0.118584 0.222628 0.084755 0.0444964 0.0278377 1 0.210609 0.00325138 0.00127863 0.00358017 0.299724 1 0.508036 0.21447 0.0359035 0.0320551 0.0232716 0.011183 0.0018563 0.000271653 0.004038 0.481473 0.74323 0.944299 0.770071 0.526247 0.481829 1 0.63076 0 
0.735081 0.127679 0.00601193 0.00556842 0.22732 1 0.378603 0.0139457 0.0123688 0.0267087 0.91756 0.745321 1 0.795899 0.677603 0.347213 0.224921 0.204942 0.20694 0.132177 0.00523992 0.0271882 0.0830148 0.0958674 0.0964606 0.0936923 0.124769 0.0746111 0.0933298 1 
0.307558 0.199041 0.042771 0.00387847 0.0018315 0.00223551 0.0246445 1 0.650479 0.3085 1 0.120692 0.0978788 0.0738945 0.0482501 0.0253332 0.0125109 0.00584041 0.00355761 0.00186775 0.0117096 0.0335599 0.0725995 0.11464 0.107956 0.087697 0.072645 0.100748 1 0.543462 
1 0.496603 0.00906959 0.00332719 0.00571234 0.0236912 0.00263569 0.00091197 0.000410888 0.00167361 0.0386881 0.756986 1 0.125639 0.0304886 0.0197722 0.0154259 0.00725239 0.00251693 0.000752484 0.00640654 0.0508945 0.0867439 0.242358 1 0.542068 0.320702 0.352241 0.0175839 0.00615096 
0.844034 0.00386424 0.000628521 0.000279343 0.00393408 0.0112668 0.129382 0.45058 1 0.604078 0.512629 1 0.526364 0.269776 0.187649 0.134767 0.0953362 0.0545905 0.0379855 0.0178536 0.0245774 0.0729537 0.16488 0.419929 0.413901 0.282518 0.181873 0.0553826 0.296308 1 
0.231738 0.395336 0.0110142 0.00722531 0.0257879 1 0.018122 0.00146856 0.000381825 0.00158604 0.404884 1 0.984421 0.318473 0.202954 0.135518 0.0485688 0.00932564 0.00188669 0.000485149 0 0.00661882 1 0.682376 0.640829 0.628469 0.491069 0.53118 0.385167 0.229984 
0.264559 1 0.397338 0.135517 0.0375914 0.00599544 0.0203046 0.00989248 0.00423678 0.10546 1 0.145559 0.097478 0.0564023 0.0345419 0.0247341 0.0167992 0.00933604 0.00684834 0.00557589 0.219706 0.231578 0.191782 0.199675 0.212012 0.238078 0.259402 0.327054 1 0.40784 
0.501553 0.599478 1 0.257715 0.156673 0.156584 0.101684 0.205792 0.100552 0.504541 0.772512 0.815822 1 0.635659 0.354506 0.255539 0.20966 0.27057 0.143654 0.000224352 0.00916533 0.207576 0.765479 1 0.792611 0.710838 0.48791 0.195694 0.114677 0.7327 
1 0.00246525 0.000753961 0.000749001 0.0446127 0.0480352 0.0813236 0.0556542 0.00238589 0.00408726 1 0.104714 0.018364 0.00577785 0.00385497 0.00338574 0.00263591 0.00203329 0.00253471 0.0022817 0.0400198 0.0945293 0.0432559 0.0261544 0.026274 0.0138498 0.0132463 0.0161338 0.0272313 1 
1 0.8898 0.4233 0.347613 0.428851 0.573891 0.39682 0.0866257 0.0440802 0.213446 0.478847 1 0.916319 0.885898 0.739335 0.558803 0.436718 0.303769 0.243636 0.166164 0.796301 0.707387 0.64934 0.726418 0.78964 1 0.962234 0.843464 0.597954 0.949744 