1 0.0533966 0 0 0 0 0 0 0.000109744 0.0228999 0.0131078 0.429743 1 0.366557 0.08795 0.0230267 0.00958895 0.00422266 0.00237524 0.0012536 0.008247 0.121901 0.612288 1 0.986289 0.656152 0.366321 0.245657 0.22004 0.333127 
1 0.132028 0.242981 0.00012056 0 0 0.00022605 0 0 0.00354899 1 0.0857907 0.011584 0.00338044 0.00139443 0.000965839 0.000494993 0.000193168 0.000199204 0.000187131 0.0880806 0.219284 0.155042 0.120685 0.154034 0.212589 0.169439 0.19913 0.207771 1 
0.178023 1 0.632977 0.0490841 0.0142317 0.00412828 0.00805997 0.00395756 0.00233832 0.00838071 0.372539 0.942282 1 0.59606 0.256346 0.171172 0.112296 0.0695074 0.049522 0.0248444 0.759764 1 0.569918 0.477077 0.388193 0.319301 0.276576 0.251688 0.238069 0.518131 
1 0.161749 0.00615579 0.00159678 0.00651642 0.000725811 0.000920873 0.000201866 0.000453632 0.00429816 0.260685 0.286836 0.420992 0.688901 0.571055 0.841468 1 0.966188 0.566651 0.161655 0.0798331 0.669372 1 0.851825 0.462437 0.374547 0.337022 0.259487 0.196674 0.190407 
1 0.248112 0.067866 0.0837225 0.0212766 0.128063 0.00345961 0.000980223 0.000576602 0.00276769 0.905634 0.389288 0.568514 0.762115 0.903779 1 0.693253 0.438906 0.252492 0.113842 0.528143 0.671489 0.963966 1 0.777749 0.845871 0.79879 0.788532 0.239085 0.487901 
1 0.424373 0.0564569 0.00868857 0.00235707 0.0018681 0.00539117 0.00185557 0.00196841 0.00656971 1 0.310869 0.260761 0.156498 0.0682338 0.0340137 0.0184274 0.0105073 0.007936 0.0081106 0.17264 0.251372 0.293678 0.248751 0.150525 0.0831621 0.0404404 0.0191738 0.0101997 1 
0.859831 0.0045715 4.35381e-005 0 1.67454e-005 0 0.0054992 0.0455978 0.200393 1 0.310425 1 0.256388 0.155691 0.105116 0.153608 0.152032 0.140934 0.0590425 0.0209218 0.230469 0.28735 0.260241 0.367244 0.353283 0.914729 1 0.861659 0.191389 0.00899605 
0.789832 1 0.331546 0.309943 0.180954 0.13876 0.0309013 0.0204709 0.0258023 0.244436 0.702357 1 0.72288 0.342883 0.149941 0.0820846 0.045866 0.0247327 0.0186616 0.0116789 0.40114 1 0.775241 0.573365 0.452175 0.400866 0.297079 0.147648 0.0706793 0.363722 
0.155744 1 0.439721 0.375749 0.105458 0.801971 0.196633 0.0228449 0.00937968 0.0115416 0.62894 1 0.852744 0.484019 0.257103 0.224144 0.202301 0.168467 0.166886 0.106854 0.635601 0.292967 0.187045 0.164174 0.182557 0.236017 0.261533 0.292989 1 0.719216 
1 0.391399 0.00645227 0.00295757 0.00452135 0.0143391 0.00263122 0.00329073 0.0126666 0.061436 1 0.175146 0.115269 0.139896 0.169412 0.17116 0.13349 0.087405 0.0657843 0.0424539 6.46642e-005 0.000404151 0.00184293 0.00740405 0.0265366 0.100254 0.269496 0.279867 0.0970448 1 
0.155367 0.277058 0.148163 0.0299341 0.025578 1 0.0923154 0.0473584 0.0390372 0.0616553 0.715991 0.630591 0.317497 0.184589 0.504056 1 0.529896 0.00753187 0.00312862 0.000115875 0.063681 0.373212 0.134356 0.168702 0.154713 0.146884 0.294498 0.954588 1 0.217037 
1 0.208011 0 0 0 0 0 6.37647e-005 0.000106274 0.00698223 0 0.000147836 0.00923975 0.0592453 0.153676 0.289278 0.52589 0.777396 1 0.818531 0.10475 0.810287 1 0.859374 0.586695 0.507369 0.487112 0.6066 0.803535 0.948036 
0.21998 0.0459888 0.124851 0.230795 0.274485 1 0.701499 0.053909 0.0219724 0.032618 1 0.901278 0.686519 0.651562 0.836867 0.666127 0.112154 0.160706 0.0903059 0.00971031 0.00824629 0.37812 0.408576 0.330841 0.305882 0.301594 0.22309 0.167565 0.369764 1 
1 0.128251 0.00272115 0.0423339 0.0162823 0.00361333 0.0324307 0.0187804 0.0115091 0.0137396 0.971268 0.0479936 0.0224719 0.0993579 0.313002 0.776244 1 0.400482 0.0969502 0.16244 1 0.0734037 0.0745861 0.118428 0.341732 0.205749 0.175277 0.200655 0.239403 0.159633 
0.067316 1 0.510644 0.0670146 0.0943991 0.108022 0.017111 0.00555441 0.000955875 0.00456409 1 0.200558 0.136332 0.0738083 0.0358253 0.0196395 0.0100989 0.00528728 0.00397753 0.00322614 0.159674 0.293101 0.259303 0.169843 0.125187 0.0956234 0.153119 1 0.669081 0.0125565 
0.534254 0.903051 0.225763 0.0690978 0.0591845 0.424146 1 0.0570602 0.0725792 0.106804 0.29433 1 0.72685 0.415989 0.238409 0.241896 0.57594 0.224202 0.0322227 0.01214 0.337735 0.871979 1 0.619628 0.409467 0.422896 0.988921 0.864705 0.299127 0.732095 
1 0.0300458 0.00240704 0.000274487 0.00536306 0.000633433 0.00247039 0.00399063 0.00316716 0.00948037 0.4 0.184357 0.273707 0.566593 1 0.957578 0.603535 0.227574 0.111445 0.048608 0.580535 0.460009 0.609479 0.346995 0.282369 0.52342 1 0.912174 0.471167 0.348542 
1 0.334632 0.01962 0.00849956 0.0107928 0.02326 0.00649752 0.00305766 0.0147423 0.00398588 1 0.032649 0.0161463 0.00734246 0.0099444 0.0338609 0.103151 0.29851 0.53657 0.470987 0.000128525 0.00231345 0.024831 0.0845436 0.109657 0.167442 0.134643 0.214405 0.274735 1 
0.654817 1 0.536811 0.102358 0.121322 0.0138448 0.0157196 0.00198298 0.000793193 0.0509086 1 0.212542 0.0868664 0.0974585 0.13397 0.143582 0.119876 0.0762743 0.0386976 0.0147393 0.00452564 0.0221715 0.0800913 0.158563 0.36803 1 0.634835 0.16039 0.0769774 0.371725 
1 0.991418 0.0100905 0.0156309 0.00405507 0.00313561 0.0457375 0.0187429 0.00422011 0.00759147 1 0.0141623 0.0372707 0.0698301 0.111223 0.182175 0.257586 0.28277 0.346206 0.079309 1 0.0556853 0.0590616 0.107879 0.174132 0.166963 0.142127 0.114608 0.0890086 0.150984 
1 0.103438 0.0176059 0.00411025 0.00529717 0.0329919 0.00327501 0.00215404 0.0165069 0.0015386 1 0.0221449 0.014425 0.018448 0.0658548 0.112029 0.167591 0.243304 0.201914 0.0714363 0 0.00178127 0.0177455 0.0414398 0.0717214 0.189622 0.25563 0.136654 0.100289 1 
0.0577594 0.866391 0.125314 0.0570464 0.091687 1 0.0446613 0.00709326 0.000900732 0.000975793 0.00345651 0.0200478 0.115825 0.164718 0.247235 0.385244 0.484037 0.521493 1 0.635558 0.333537 0.671693 0.978037 1 0.651821 0.554035 0.46235 0.341293 0.205421 0.0310267 
0.382761 1 0.000485416 0.000358786 0.000253261 0.000295471 0.000211051 4.22101e-005 0 0.00219493 0.00107803 0.0201108 1 0.0321735 0.0292554 0.0417642 0.0636222 0.0318947 0.00109661 7.43467e-005 0 1.69156e-005 0.000541299 0.00363686 0.00133633 0.00199604 0.00522692 0.020654 0.0779471 1 
0.364081 1 0.146277 0.0106054 0 0 0 0 0 0.00115395 0 0.0670232 1 0.184836 0.205956 0.238232 0.254275 0.144145 0.0899072 0.033498 0.0027828 0.0246171 0.0561555 0.0707592 0.0818666 0.108315 0.116759 0.143707 0.371539 1 
1 0 0 0 0 0 0 0 0 0 1 0 0 0 0 0 0 0 0 0 1 0.0677315 0.0567185 0.125836 0.0952277 0.132108 0.178956 0.167165 0.160188 0.0582258 
0.131485 0.998812 0.0228699 0.0121815 1 0.342235 0.00729531 0.00230735 0.00220556 0.00512368 0.38369 1 0.0941427 0.0940576 0.0805843 0.0895759 0.101177 0.10841 0.0911927 0.0449865 0 0.000196288 0.00532159 0.0348956 0.0663017 0.1451 0.147718 0.122222 0.100892 1 
0.0399844 0.304874 0.297095 0.0935479 0.0701818 1 0.0571604 0.00599487 0.00616217 0.00711019 0.824996 0.985379 0.526941 0.264732 0.647989 1 0.738088 0.00860917 0.00400772 0.00207808 0.0257165 0.443173 0.204533 0.18165 0.180724 0.171134 0.276615 1 0.870982 0.323145 
1 0.0164019 0.00675374 0.00228262 0.0126838 0.0236969 0.00550653 0.0397929 0.102012 0.287516 1 0.230829 0.231037 0.175939 0.0892629 0.0480212 0.0310428 0.0262258 0.0230145 0.00963397 0.115249 0.176281 0.18638 0.192565 0.141473 0.0966296 0.0556993 0.0236998 0.0190924 1 
0.326879 0.610041 1 0.112502 0.105754 0.530334 0.0108883 0.00312958 0.00453138 0.0147677 0.963671 0.708212 0.692161 1 0.387894 0.229898 0.10642 0.0432223 0.0251082 0.00996277 0.161721 0.655466 0.460422 0.248376 0.167134 0.106905 0.101933 0.137381 0.304956 1 
0.158002 1 0.000600252 3.87259e-005 0.000232356 9.68148e-005 0.00187821 0.00466647 0.0215703 0.35227 1 0.457951 0.0670852 0.0869323 0.281657 0.638854 0.942028 0.548124 0.00202521 0.000202521 1.8604e-005 0.00253014 0.0131344 0.0269385 0.0351801 0.0511981 0.0879409 0.14898 0.113093 1 
1 0.729754 0.000883671 0 0 0 0.00138863 0.0532727 0.0809506 0.396579 0.327963 0.791879 0.572168 0.792043 0.912543 1 0.741821 0.439586 0.229574 0.0533454 0.0244004 0.303341 0.297657 0.334743 0.522945 0.871135 1 0.833564 0.492306 0.290101 
1 0.433792 0.000154191 1.71324e-005 0.000102794 3.42648e-005 0.00433449 0.0238654 0.0235913 0.0508832 0.577104 0.932776 1 0.515766 0.268687 0.231607 0.129866 0.0539813 0.0281258 0.0134112 0.000341064 0.00460437 0.0138557 0.0408851 0.101808 0.470626 0.621504 0.840723 0.729835 1 
1 0.666968 0.339458 0.177581 0.193601 0.133502 0.57492 0.118116 0.0361588 0.126669 1 0.475497 0.612852 0.473835 0.168202 0.0462508 0.0171411 0.00732462 0.00347353 0.0016235 0.0164328 0.689989 1 0.731387 0.464733 0.320503 0.232208 0.245987 0.510492 0.490583 
1 0.0113782 0.00132171 0.00261468 0.00252848 0.00209749 0.0250981 0.00510006 0.00225552 0.0552531 1 0.0782066 0.523825 0.727766 0.404047 0.152905 0.0690682 0.0282311 0.0201942 0.0186847 1 0.249044 0.342274 0.392894 0.207531 0.08964 0.0819291 0.0895071 0.073919 0.0358294 
0.0498176 0.366386 0.0113473 0.00644106 0.00649138 1 0.292515 0.005334 0.00221411 0.00306957 0.0196017 0.0383738 0.046593 0.0554346 0.0634982 0.0882338 0.156347 1 0.29107 0.0273802 0.00150061 0.00778887 0.0174118 0.0514018 0.160374 1 0.0839626 0.0818188 0.111307 0.135102 
0.0702873 0.0583578 0.0770581 0.142688 0.438454 0.166798 0.0548112 0.0265816 1 0.415347 0.778187 0.514749 0.191927 0.151174 1 0.485251 0.0572482 0.0562294 0.0419658 0.0214923 0.0857828 0.335108 0.390222 0.353067 0.185363 0.0697735 0.100067 1 0.0343056 0.0107978 
1 0.194923 0.0427745 0.0208468 0.0335759 0.0113361 0.0106636 0.0110479 0.013978 0.0874703 0.968932 1 0.691847 0.275614 0.0943595 0.0444725 0.0204489 0.00919939 0.00604531 0.00226042 0.261633 1 0.763571 0.791837 0.847653 0.67898 0.549694 0.426939 0.278469 0.462449 
0.155398 0.921254 0.0317246 0.00895786 0.00793804 0.192746 1 0.0151319 0.0106392 0.0128166 0.190143 0.757075 0.783588 1 0.729424 0.0104912 0.00296844 0.0013419 0.000691282 8.13273e-005 0.00377384 0.120661 0.317785 0.271751 0.219189 0.223065 0.20219 1 0.545269 0.00319587 
1 0.293822 0.011252 0.00218293 0.00498105 0.00521919 0.00833482 0.00444524 0.00188526 0.00740212 0.167148 0.160843 0.336847 0.741505 1 0.571807 0.157185 0.0483203 0.0256521 0.00962557 0.174278 0.423009 0.909446 1 0.858411 0.769614 0.526834 0.483509 0.679938 0.761612 
1 0.153748 0.0181435 0.00100342 0.0214404 0.0130445 0.0189626 0.0145393 0.0178977 0.154199 1 0.594741 0.228576 0.0741404 0.0312915 0.018434 0.0118174 0.00644322 0.0052586 0.00309159 0.151993 0.265911 0.423161 0.520645 0.366917 0.19262 0.0836013 0.030368 0.486449 1 
0.893187 1 0.234135 0.0634593 0.133112 0.249888 0.926622 0.0754421 0.0088861 0.063953 1 0.252823 0.239095 0.155963 0.0283231 0.0019405 0.000144506 0 2.06437e-005 2.06437e-005 0.000277094 0.213855 0.133744 0.110406 0.0511392 0.103541 0.822383 1 0.0577894 0.00994458 
0.17107 1 0.457455 0.158477 0.336165 0.588029 0.585165 0.0204455 0.00434589 0.0123463 1 0.611851 0.783438 0.178088 0.1564 0.178781 0.200522 0.170628 0.130129 0.0826495 0.235903 0.481832 0.606561 0.986043 1 0.554745 0.388867 0.964466 0.115264 0.0806128 
1 0 0 0 0 0 0 0 0 0 1 0 0 0 0 0 0 0 0 0 0.343883 0.0694145 0.046636 0.0447897 0.0428955 0.0431593 0.0443341 0.0434949 0.0621493 1 
1 0.15756 0.0114691 0.00427199 0.00936029 0.0222171 0.0050883 0.00247612 0.00708824 0.00492504 1 0.0147998 0.0119426 0.0227455 0.0958618 0.127741 0.108623 0.0497127 0.00905326 0.00200648 0.000809185 0.0046719 0.0101377 0.0129622 0.0301231 0.0827659 0.0985984 0.0690097 0.0650096 1 
1 0.283884 0.070215 0.110909 0.0603234 0.0238321 0.0253953 0.0644492 0.0986598 0.399534 0.12816 0.297457 0.717405 0.930136 1 0.986211 0.898192 0.719779 0.430902 0.0936878 0.784809 1 0.334167 0.24147 0.231976 0.220404 0.270038 0.180053 0.135082 0.136947 
0.79954 1 0.0633591 0.0140126 0.0138674 0.0123185 0.0178606 0.00936592 0.0089303 0.0137948 1 0.35828 0.495754 0.77432 0.47597 0.256418 0.19253 0.1036 0.0673133 0.0350801 0.158786 0.121056 0.161275 0.266035 0.393835 0.469535 0.267841 0.148511 0.252268 1 
1 0.149907 0.0241849 0.00759816 0.0273377 0.0456281 0.026104 0.012768 0.0183492 0.0275923 1 0.0967405 0.116762 0.116456 0.107733 0.112605 0.0886809 0.0529484 0.025709 0.0101 0.0548453 0.168158 0.169509 0.156616 0.102284 0.0729017 0.0571429 0.0392215 0.02822 1 
1 0.343212 0.015434 0.00693631 0.0261238 0.209711 0.674954 0.0798126 0.0381047 0.0919737 0.0885444 0.312254 0.576831 0.699372 0.815806 1 0.810522 0.3321 0.128295 0.0419236 0.0702172 1 0.539919 0.363037 0.40117 0.523753 0.414658 0.33373 0.249876 0.209561 
0.37558 0.0168952 0 0 0 0.000350939 1 0.0645978 0.00927481 0.0147645 0.0352148 0.988139 1 0.0704297 0.140029 0.193382 0.167444 0.0878756 0.0293072 0.0101998 0 0.00053258 0.00125041 0.00442273 0.020076 0.10119 1 0.127796 0.061293 0.0519381 
0.105707 0.115611 0.147088 0.649098 1 0.781575 0.0571681 0.0123063 0.00784468 0.0359384 0.268611 1 0.302722 0.206388 0.0657966 0.0258145 0.0121893 0.00532882 0.00354191 0.00146782 0.00613732 0.120685 0.288358 0.279536 0.331415 0.266734 0.242328 0.242664 1 0.0702436 
1 0.571519 0.0116534 0.000929299 0.00682105 0.0037172 0.0030481 0.000780611 0.00174708 0.0334919 1 0.139859 0.167981 0.0927386 0.0264245 0.00574516 0.0012894 0.000359072 0.00011425 3.26429e-005 0.000378369 0.0245358 0.185343 0.247279 0.151522 0.0908959 0.069649 0.141743 0.647011 1 
0.112769 1 0.0992726 0.0171114 0.0123351 0.0315718 0.0797949 0.109198 0.091911 0.082687 1 0.844871 0.629514 0.492262 0.430714 0.367846 0.24979 0.205579 0.15063 0.0875825 0 0.0182886 0.14932 0.374842 0.365475 0.238718 0.166345 0.16549 0.298268 1 
0.0578063 0.644421 0.341935 0.0546519 0.0490651 0.138796 1 0.0304804 0.00828519 0.0118957 1 0.751013 0.557231 0.0539972 0.0203756 0.00946704 0.00354527 0.000350631 0 0 0 0.000563005 0.0159177 0.0871635 0.153189 0.297113 0.475228 0.698587 1 0.419951 
0.312597 1 0.130608 0.00959554 0.019698 0.0518159 0.608755 0.223956 0.0348698 0.0522504 1 0.270444 0.115652 0.0776314 0.0332034 0.0105973 0.00309181 0.000940987 0.000560111 6.72133e-005 0.000410948 0.0408071 0.102819 0.16553 0.203214 0.241432 0.303526 0.28865 0.427509 1 
0.0154719 0.00321412 0.000252088 0 0.000378131 1 0.858862 0.0960769 0.0481172 0.0478966 0.211422 1 0.549971 0.0641223 0.00846582 0.00142494 0.00022352 2.794e-005 0 0 0 0 0.00062839 0.00906205 0.0530493 0.169698 0.324944 0.310954 0.304571 1 
1 0.437487 0.0161306 0.003999 0.013016 0.00686367 0.0267818 0.014977 0.00388364 0.0110934 1 0.0321282 0.0242031 0.0353486 0.0935165 0.187712 0.282814 0.23798 0.10753 0.00621431 0 0 0 0.00175556 0.0207114 0.0833473 1 0.211921 0.18958 0.160466 
1 0.779981 0.00197409 0.000493523 0.000123381 0 0 0.000925355 0.0153609 0.0796114 0.00843967 0.166363 0.614206 1 0.749511 0.741678 0.567551 0.147188 0.0571197 0.0256566 0.0386245 0.381591 0.46009 0.423967 0.334283 0.295728 0.257312 0.362418 1 0.676624 
1 0.812422 0.0302668 0.0209205 0.0307559 0.0461338 0.65473 0.168559 0.0855839 0.182742 0.924345 0.733384 1 0.850831 0.376259 0.426737 0.359265 0.255161 0.377266 0.440081 0.931172 0.380228 0.166993 0.112422 0.116649 0.186928 0.457574 0.0756419 0.0926755 1 
0.989177 0.0739608 0 0 0 0 0.00772496 0.626907 0.491644 1 0.000452796 0.00307901 0.0125877 0.030926 0.0934571 0.251483 0.571202 0.713335 1 0.701562 0.551623 1 0.255382 0.130455 0.0984518 0.0906343 0.0815953 0.119125 0.136501 0.0830305 
1 0.0229583 0.00845711 0.00320948 0.00693436 0.0444877 0.0143841 0.00707492 0.0157429 0.0223258 1 0.0624968 0.0602354 0.0871152 0.134861 0.164414 0.214987 0.238269 0.241044 0.170735 0.0040678 0.037914 0.134185 0.278331 0.369283 0.348735 0.224094 0.107223 0.0463625 1 
0.74752 0.376057 0.160019 0.0462044 0.216143 1 0.971077 0.187272 0.11867 0.139658 1 0.28079 0.271111 0.139024 0.0856318 0.0494384 0.0122504 0.00172234 0.000824782 0.00014555 0.00553651 0.109902 0.0976988 0.0930662 0.302324 0.357275 0.607698 0.132274 0.152876 1 
0.759592 0.287945 0.10464 0.0596312 0.0941806 0.124318 0.0552196 0.180827 0.545702 1 0.890513 1 0.655457 0.876666 0.66638 0.761073 0.530661 0.130816 0.0393911 0.0115249 0.112174 1 0.600698 0.753368 0.907035 0.78006 0.538001 0.312074 0.268086 0.11683 
0.105373 1 0.742955 0.261538 0.0266959 0.00144804 0.000185646 0 0 0.00044555 0.563954 1 0.264211 0.0742505 0.0316601 0.0148707 0.00746959 0.0037348 0.00243276 0.00226144 0.0334155 0.136127 0.246461 0.25523 0.48931 1 0.471829 0.120536 0.179974 0.368545 
0.000595146 0.0129169 0.180175 0.193048 0.18595 1 0.000573104 0.00017634 0.000132255 0.000264509 0.014304 0.206281 0.592762 0.591713 0.334474 1 0.0214561 0.00785167 0.00365375 0.000894002 0.281485 0.520183 0.267648 0.166634 0.0266601 0.0166503 0.0154073 0.0155054 0.0254498 1 
1 0.118861 0.00546255 0.00126448 0.00182085 0.00682818 0.76066 0.714531 0.216529 0.117748 0.619735 1 0.192269 0.18168 0.340235 0.266679 0.0941165 0.0339522 0.016525 0.00769267 0.00123515 0.0312589 0.149169 0.512589 0.967126 1 0.859097 0.722945 0.681425 0.604846 
0.980787 1 0.446067 0.857489 0.982753 0.1323 0.987897 0.775416 0.0191377 0.172163 1 0.194236 0.0884383 0.0785289 0.0672168 0.0473432 0.0263767 0.0132248 0.00821539 0.00187624 0.178173 0.406712 0.589139 0.463036 0.394852 0.382353 0.335603 1 0.663227 0.0545155 
0.0220652 1 0.821838 0.305063 0.0882944 0.0322105 0.00438626 0.00291301 0.00150673 0.00190852 0.116138 0.668893 1 0.817919 0.561269 0.272009 0.129883 0.0634947 0.0455203 0.0204229 0.640366 1 0.826367 0.769725 0.764284 0.734521 0.577459 0.176519 0.0172314 0.108171 
0.0190508 0.523165 0.0627889 0.0284917 0.0280126 0.144572 1 0.00276181 0.000112727 0.000309999 0.760911 1 0.176305 0.249553 0.822181 0.834091 0.540066 0.0310478 0.00289137 0.000963789 0.0116177 1 0.492515 0.0141317 0.0282634 0.0811717 0.117548 0.194835 0.300347 0.205005 
1 0.103102 0.00247173 0.0243156 0.00556139 0.00889823 0.701878 0.130476 0.0580856 0.356609 0.850608 0.0531263 0.114561 0.287285 0.459589 0.964079 1 0.285858 0.264708 0.513135 1 0.208059 0.093473 0.046689 0.0282983 0.0309572 0.0585908 0.169473 0.406654 0.407793 
1 0.102648 0.00548008 0.00193415 0.00688464 0.0184895 0.116164 0.0413309 0.0361501 0.0869906 0.249509 0.384274 0.548598 0.384929 0.52115 1 0.773935 0.391263 0.156607 0.0409174 0.11561 0.613993 0.663947 1 0.931111 0.479372 0.369458 0.239301 0.150939 0.169951 
1 0.0138545 0.00492277 0.00182761 0.00135597 0.0633475 0.0934147 0.0899953 0.119001 0.460529 0.228537 0.539322 0.597449 0.869605 0.815636 1 0.937436 0.539044 0.184179 0.0523981 0.164714 1 0.719504 0.730416 0.873421 0.953251 0.754078 0.553411 0.560418 0.892718 
1 0.288025 0.0597476 0.00148205 0.0184621 0.00186314 0.0548357 0.558223 0.789634 0.898967 0.994698 1 0.679105 0.482592 0.371871 0.312841 0.211041 0.119437 0.0915532 0.036499 0.40223 1 0.610817 0.529256 0.490804 0.480975 0.440568 0.274342 0.356593 0.397747 
0.598303 1 0.258889 0.0315747 0.303394 0.26495 0.496652 0.0670169 0.0152967 0.0636689 1 0.323479 0.118851 0.0665933 0.0405092 0.022753 0.0104099 0.0046993 0.00347986 0.00130867 0.119916 0.249068 0.240252 0.135817 0.156075 1 0.447337 0.462608 0.00425085 0.0028339 
0.420125 0.234387 0.0268445 0.0560935 0.0689394 0.0599802 1 0.0948287 0.053195 0.119993 0.128572 0.108731 0.12591 0.180234 1 0.334179 0.154819 0.237469 0.183187 0.0716692 0.573836 0.303297 0.368986 1 0.0589317 0.0727452 0.0456742 0.0444768 0.0549972 0.2483 
0.591075 0.484927 0.700094 0.184611 0.266519 1 0.0592264 0.0169394 0.0152988 0.0404823 0.584437 0.799189 1 0.931246 0.816045 0.555288 0.251568 0.105633 0.0524048 0.0243331 0.0705044 0.540428 1 0.82836 0.643042 0.437866 0.343966 0.156377 0.103565 0.201215 
0.349968 0.975339 0.295004 0.13965 0.208282 0.83883 1 0.112197 0.0610132 0.259815 1 0.575076 0.362543 0.0836459 0.0252755 0.0175717 0.01082 0.0055687 0.00392406 0.00265451 0.378088 0.489736 0.443848 0.450471 0.485738 0.451665 0.302602 0.197577 0.150436 1 
0.984572 1 0.452887 0.0654549 0.0199311 0 0 0 0 0 7.54318e-005 0.0357547 1 0.555706 0.4891 0.53617 0.245003 0.0120691 7.54318e-005 0 0 0 0.00933956 0.114952 0.343062 0.656021 0.365911 0.188834 0.498999 1 
1 0.0844598 0.0195102 0.00483802 0.0142295 0.0189726 0.00679853 0.00219766 0.00673528 0.00907524 1 0.0422268 0.0678475 0.104565 0.177737 0.259133 0.13327 0.0650535 0.0385102 0.0191892 0.0172505 0.0975584 0.145913 0.175133 0.212925 0.171656 0.0808386 0.0318737 0.0254512 1 
1 0.0276388 0.00181238 0.00813601 0.00585083 0.00163508 0.0300816 0.0207439 0.0199559 0.0602222 1 0.0402276 0.0803073 0.180747 0.275572 0.300469 0.119316 0.0370877 0.0234199 0.0336153 1 0.14275 0.15074 0.141745 0.111798 0.0550079 0.0331944 0.028165 0.0276476 0.0247162 
0.59533 0.179651 0.0214503 0.00561883 0.0118451 0.0436598 1 0.131283 0.105809 0.467995 0.278306 0.392676 1 0.507783 0.156194 0.136408 0.126495 0.143823 0.0189661 0.00245781 0.015109 0.260345 0.974589 1 0.161792 0.109655 0.104962 0.160877 0.281177 0.794597 
1 0.191883 0.0128008 0.00342495 0.00830551 0.0324514 0.132631 0.82567 0.296087 0.245269 0.627659 1 0.559568 0.333213 0.157499 0.0809085 0.0438948 0.0237463 0.013942 0.00746571 0.421614 1 0.262284 0.259766 0.164129 0.12294 0.121641 0.087887 0.0432354 0.0421732 
0.761251 0.254748 0.0191222 0.502567 0.0463296 0.395619 1 0.0114648 0.0103525 0.0401266 0.0694058 0.40034 0.921019 1 0.585671 0.377725 0.274431 0.253854 0.355993 0.279185 0.208426 0.265291 0.301863 0.639152 1 0.892233 0.486156 0.13683 0.0738894 0.0718257 
1 0.0767771 0.00756229 0.0042853 0.00417916 0.00236156 0.0149919 0.00391382 0.00126038 0.0110516 1 0.00169101 0.00982226 0.0094265 0.0157948 0.0395049 0.170972 0.670001 0.73685 0.198604 1 0.105437 0.0695841 0.0577205 0.0429237 0.0372145 0.0792217 0.137806 0.251807 0.44173 
1 0 0 0 0 0 0 0 0 0 1 0 0 0 0 0 0 0 0 0 0 0 0.00245184 1 0.518879 0.435937 0.574641 0.611769 0.376392 0.998319 
0.69763 0.024654 0.0100008 0.00379752 0.0155082 1 0.0164228 0.00328058 0.0140369 0.00407587 1 0.0964462 0.1685 0.354376 0.321989 0.178883 0.0251319 0.00179002 0.000381871 0.000167068 0.000476622 0.00402745 0.0310996 0.0503313 0.135265 0.205805 0.245746 0.283804 0.188242 1 
1 0.503428 0.0836109 0.0302472 0.0507386 0.186577 0.228892 0.100263 0.0883125 0.478392 1 0.988574 0.552663 0.353715 0.313413 0.442005 0.541098 0.356208 0.181705 0.0506198 0.481932 0.959235 1 0.783933 0.683739 0.528446 0.373675 0.234135 0.118262 0.077796 
1 0.060631 0.00216468 0.00276597 0.00473022 0.00430931 0.0318889 0.120881 0.103804 0.214163 0.101503 0.401257 0.415517 0.355796 0.352269 0.484284 0.655627 0.927553 1 0.542318 1 0.465872 0.542301 0.428375 0.306838 0.321749 0.397617 0.513913 0.423883 0.409783 
0.53464 1 0.59244 0.17132 0.3378 0.934 0.83428 0.04624 0.01228 0.337 1 0.673206 0.530331 0.339139 0.155393 0.109005 0.0657595 0.0394607 0.0262989 0.0125928 1 0.824821 0.363221 0.223251 0.176711 0.170774 0.147887 0.70579 0.207259 0.0107252 
0.376231 1 0.00131537 0.000391055 0.00106651 0.00202638 0.0339507 0.0317466 0.0224679 0.0227879 0.0263171 0.556589 1 0.176857 0.0693498 0.0934282 0.0935774 0.0527337 0.0165166 0.00223869 0.00180273 0.159464 0.0493948 0.0384754 0.0339428 0.031213 0.0425444 0.113469 0.691321 1 
0.00351255 0.21444 0.778813 0.504765 0.378104 1 0.010955 0.000591222 0.000313 0.00142589 0.262332 0.198057 0.903319 1 0.581911 0.0351663 0.000716949 0.000215085 0.00014339 3.58474e-005 0.000468926 0.015881 0.24256 1 0.378361 0.141334 0.0971927 0.556865 0.0504564 0.117325 
1 0.317314 0.0108123 0.00225479 0.0109304 0.4893 0.437719 0.0408439 0.0169968 0.0428625 0.565804 0.77792 1 0.985764 0.35909 0.143468 0.104171 0.122104 0.126933 0.0410591 0.00020907 0.0380991 0.451898 1 0.773094 0.494725 0.432052 0.240704 0.10357 0.014056 
1 0.832469 0.00592702 0.00351917 0.00426005 0.150491 0.114743 0.180682 0.142897 0.343304 1 0.105223 0.057694 0.0476642 0.0327099 0.0257071 0.031987 0.0145026 0.0134634 0.0193368 0.00270151 0.0155705 0.0472027 0.0463677 0.0253451 0.0314848 0.0580579 0.118277 1 0.128543 