1 0.106333 0.0159251 0.00514285 0.0102502 0.0266364 0.0192768 0.0229832 0.0306975 0.0480236 1 0.185144 0.431638 0.619444 0.42361 0.256549 0.0685736 0.0257309 0.016816 0.00747845 0.0332172 0.0752922 0.100232 0.125354 0.170624 0.256916 0.336238 0.305598 0.227583 1 
1 0.536901 0.122381 0 0 0 0 0 0 0.00226878 0.515274 1 0.706064 0.544686 0.0637785 0 0 0 0 0 0 0 0 0.00158745 0.144551 1 0.421468 0.144598 0.390233 0.803997 
1 0.356355 0.0536371 0.0185299 0.0119832 0.0172282 0.01049 0.0116769 0.0217841 0.0143951 1 0.788642 0.47643 0.176089 0.324167 0.464816 0.142357 0.00845431 0.00059778 0.000170794 0 0.000958888 0.12957 0.582764 0.605538 0.695313 0.609613 0.996524 0.126214 1 
1 0.0704119 0.0124364 0.00608548 0.015275 0.0285487 0.0463865 0.0259348 0.0138659 0.0318467 1 0.100712 0.0993967 0.173871 0.23241 0.15311 0.0874072 0.044276 0.00388304 4.64109e-005 0 0.012187 0.0704563 0.214896 0.227414 0.205706 0.132567 0.0908233 0.0743642 1 
1 0.264837 0 0 0 0 0 0 0 0 0.000424066 0.0300557 0.727326 1 0.51895 0.0219189 0.00856083 0.00352505 0.00143122 0.000768619 0.000259707 0.00957668 0.0286002 0.0348007 0.847163 1 0.0359369 0.0238281 0.0454486 0.809018 
1 0.0132175 0.00169302 0.000967439 0.00408169 0.0262206 0.0832446 0.0326236 0.0234529 0.139593 1 0.153336 0.0860096 0.077917 0.177498 0.30345 0.160333 0.165844 0.233923 0.0812088 0.0377691 0.213906 0.244294 0.237495 0.211284 0.217246 0.196779 0.182032 0.2024 1 
0.373087 1 0.256192 0.662228 0.0301362 0.0855286 0.0433964 0.0439877 0.0236658 0.020417 1 0.434106 0.556073 0.929434 0.56302 0.412435 0.0599134 0.0535417 0.0658937 0.0721676 0.594488 0.480976 0.0697104 0.0085284 0.0756193 0.222014 0.954081 1 0.647931 0.414375 
0.503312 0.138897 0.0288663 0.00607735 0.00708083 0.0365162 1 0.0379932 0.0169245 0.0158949 1 0.32494 0.0260789 0.0264081 0.0522561 0.376474 0.0356546 0.00961501 0.148244 0.00395507 0.0480494 0.0125249 0.0407976 0.0451425 0.78413 0.339222 0.197032 0.921118 1 0.818379 
1 0.0172714 0.00124383 0.000213227 0.000319841 0.00245211 0.146238 0.151569 0.142898 0.435517 0.306897 0.995867 1 0.832214 0.725911 0.818651 0.718548 0.689486 0.437355 0.16714 0.283298 1 0.780942 0.868201 0.828801 0.769593 0.527088 0.337687 0.220771 0.100964 
1 0.234341 0.00119919 0.000107276 0.000199227 0 0.000233708 0.000260527 0 0.0123789 1 0.0103115 0.00250305 0.00115022 0.000361587 0.000392758 0.000286776 0.000168325 3.11713e-006 0.000414578 0.22778 0.211018 0.218334 0.162487 0.0749542 1 0.00415991 0.00163362 0.000991844 0.000221706 
1 0.556847 0.0711451 0.0200905 0.0818889 0.115183 0.0694946 0.168606 0.254049 0.552019 1 0.582618 0.134262 0.0727536 0.0671111 0.0638704 0.0635508 0.0938956 0.183916 0.0674906 0.00401625 0.0476534 0.223804 0.83213 0.714971 0.869156 1 0.630584 0.716798 0.233901 
0.961173 1 0.0372944 0.0105753 0.0370389 0.543783 0.161898 0.0218657 0.00613058 0.0173189 0.236866 0.909413 1 0.491861 0.219718 0.0794273 0.0267298 0.0090914 0.00337525 0.000762154 0.313481 1 0.0527496 0.0632686 0.124681 0.391832 0.718772 0.842911 0.612422 0.114549 
1 0.0602835 0.0349302 0.00814851 0.0242218 0.132949 0.145593 0.0284768 0.0144255 0.0669779 0.976524 0.24144 0.14853 0.153302 0.609014 1 0.467407 0.104616 0.0421268 0.00864578 0.248918 0.383218 0.452437 0.502194 0.717104 1 0.906225 0.400875 0.158489 0.402533 
1 0.316414 0.131893 0.101129 0.0219284 0.0303128 0.00851338 0.00638504 0.0215414 0.0129636 1 0.0392068 0.0799689 0.149893 0.189489 0.130776 0.0434839 0.00952628 0.00816538 0.00524917 0 0.000852571 0.0118048 0.0813877 0.193468 0.137723 0.125525 0.09234 0.035808 1 
1 0.409152 0.0159503 0.00581312 0.0116549 0.0222216 0.00793219 0.028092 0.0803528 0.0360528 1 0.818445 0.936241 0.808285 0.613067 0.406639 0.238833 0.0891575 0.0249606 0.0055176 0 0.0160685 0.121561 0.343114 0.753035 0.909877 1 0.738189 0.257008 0.793031 
1 0.441093 0.0162904 0.00405702 0.00612784 0.00225786 0.00684928 0.00400358 0.00292141 0.0299756 1 0.995607 0.240754 0.0549371 0.0387051 0.0556708 0.0972744 0.184766 0.220437 0.0943849 0.0867426 0.104943 0.395916 0.372957 0.148993 0.38012 1 0.782602 0.540213 0.421517 
0.036842 1 0.302405 0.104252 0.128312 0.0855116 0.000549075 0.000234032 0.000207028 0.000792108 0.153522 0.518581 1 0.790808 0.681315 0.425397 0.154788 0.0497354 0.0196908 0.00885984 0.036284 0.120304 0.247438 0.249608 0.43356 0.488769 1 0.674649 0.197694 0.254832 
0.785847 1 0.0327809 0.00820405 0.0185739 0.00836884 0.0100403 0.00721533 0.0015184 0.0107347 0.183412 0.345614 0.76034 0.0950741 1 0.000238468 0 0 0 0 0 0 0 0 0 0 0 0.194733 0.659866 1 
1 0.405129 0.177426 0.12346 0.680431 0.994824 0.356042 0.162135 0.0490867 0.103112 1 0.17777 0.135108 0.151099 0.224664 0.191514 0.0787009 0.0269923 0.0012256 0 0.0238059 0.854046 0.486462 0.693489 0.334119 0.26909 0.603286 1 0.731594 0.183298 
1 0.00864469 0.00286139 0.00195345 0.00713696 0.81494 0.00836406 0.00202498 0.00182689 0.0204039 0.431958 1 0.227605 0.241335 0.215512 0.184601 0.108244 0.119658 0.115893 0.178928 0.00463908 0.0118372 0.0517233 0.420467 0.947445 0.646547 0.209591 0.280324 0.707233 1 
1 0.0391609 0.00186443 0.000785641 0.00213413 0.0430109 0.0553232 0.012109 0.00956841 0.0367844 0.241714 0.190161 0.164355 0.119642 0.123826 0.343125 0.718326 1 0.618717 0.0561878 0.059379 0.104109 0.112688 0.219025 0.330276 0.208436 0.113698 1 0.879035 0.17189 
1 0.839382 0.0538755 0.0530415 0.0627001 0.0866179 0.0275767 0.00781565 0.00388765 0.0174339 1 0.309147 0.463175 0.736 0.223413 0.0411595 0.00109227 3.46753e-005 0 0 0.00240375 0.570833 0.12199 0.199259 0.422208 0.581069 0.132323 0.060404 0.0111271 1 
1 0.0204773 0.00955605 0.0126904 0.00753563 0.0136843 0.00232622 0.00119587 0.00659095 0.0114673 1 0.0219456 0.0347255 0.48011 0.491992 0.500921 0.687045 0.662832 0.410706 0.18414 0.00448202 0.0639908 0.216047 0.495995 0.837538 0.644301 0.450354 0.401895 0.296235 1 
0.783235 1 0.353489 0.013628 0.00914004 0.20638 0.539282 0.0106746 0.0039668 0.0451694 1 0.294653 0.213746 0.112493 0.0929145 0.129099 0.16136 0.0923031 0.042334 0.0108412 0.576808 1 0.77469 0.864289 0.472785 0.165816 0.00375685 0.000904659 0.000515153 0.000314118 
1 0.294794 0.00172232 0.000500028 0.000952434 0.00154771 0.000714325 0.000738136 0.00146834 0.0505822 0.0531198 0.0604415 0.159881 0.314048 0.461784 0.803663 1 0.670505 0.154297 0.0201616 0.000318603 0.441138 1 0.749132 0.561889 0.474368 0.382005 0.469143 0.601842 0.751426 
0.642675 0.340453 0.00485421 0.00159575 0.00272282 0.0197851 0.381083 1 0.0865611 0.187071 0.0953995 0.150875 0.454138 1 0.891711 0.438344 0.443064 0.0768975 0.0229195 0.0103175 0.497011 1 0.0659493 0.0866586 0.186501 0.312357 0.13256 0.0538974 0.0470441 0.169101 
0 0.0889976 1 0.209315 0.336265 0.0282943 0 0 0 0 0.0068567 0.898118 1 0.236383 0.00842918 0.000475398 0 0 0 0 0 0.0269862 0.359267 0.656827 0.818833 0.946783 0.65696 0.438492 0.324145 1 
1 0.143307 0.0224866 0.00974708 0.0212565 0.543427 0.595298 0.188022 0.225089 0.42608 0.638788 1 0.339549 0.028106 0.00309658 0.000191259 2.2769e-005 0 0 0 0 0.018469 0.46747 0.690614 1 0.774841 0.51091 0.357094 0.205024 0.37679 
0.627201 0.238212 0.132707 0.0611164 0.0484558 0.454479 1 0.46971 0.032112 0.0555918 0.933045 0.231991 0.374857 1 0.349447 0.447719 0.438318 0.281603 0.450197 0.503684 0.0902527 0.407736 0.909232 0.426096 0.390717 1 0.293914 0.282517 0.244095 0.148943 
0.867156 1 0.0102392 0.00117999 0.000475801 0.000456769 0.000228384 0.000209352 0.000361609 0.00211256 0.0614135 0.200945 1 0.342113 0.230741 0.929354 0.28638 0.00299503 0 0 0 0 0 0 0 0.0265315 0.360695 0.374104 0.119801 1 
1 0.0886223 0.0256354 0.0155535 0.0453242 0.234167 0.054602 0.0242618 0.0195771 0.123507 1 0.487422 0.531005 0.770657 0.169397 0.0968881 0.0548156 0.0228795 0.0178001 0.00814486 0.950341 0.182109 0.121133 0.179018 0.25186 0.357872 0.410956 1 0.752175 0.0301236 
0.771047 1 0.00279681 0.000562072 0.00153046 0.00764553 0.282106 0.104498 0.0742476 0.165026 0.0673438 0.181718 0.576837 1 0.973077 0.553862 0.233108 0.0456429 0.0148648 0.00404001 0.233246 0.439292 0.170464 0.216625 0.27201 0.33644 0.621169 1 0.0800375 0.000416714 
0.31519 1 0.00158819 0.000330874 0 0 6.61748e-005 0.000330874 0.000430136 0.00317639 0.246465 1 0.329431 0.0667345 0.0898654 0.114014 0.121366 0.106719 0.0722769 0.0362516 0.0347202 0.0526266 0.07628 0.145578 0.0992211 0.0669706 0.0496343 0.159922 0.211504 1 
0.0121964 1 0.571503 0.0580507 0.00120394 0.000444933 0.000916039 0.000366415 0.000549623 0.00125628 0.273369 1 0.637831 0.275926 0.12478 0.0824956 0.0655203 0.0673721 0.0957672 0.0904321 0.0790069 0.0584948 0.0762484 0.22726 0.58417 0.759089 0.763333 0.711204 1 0.190833 
1 0.110568 0.00405469 0.00285907 0.00940895 0.00519832 0.0125019 0.00701773 0.00712169 0.0202474 1 0.0429657 0.0972577 0.0519221 0.0872857 0.0799298 0.0284694 0.00563233 0.00175433 0.000369333 2.89251e-005 0.000549578 0.011223 0.0917505 0.109482 0.0439951 0.0183964 0.0161692 0.0204501 1 
1 0.101778 0.00997577 0.0039068 0.00823858 0.0147251 0.00413048 0.00160298 0.00610624 0.00890214 1 0.188094 0.272875 0.470098 0.212813 0.0644684 0.019408 0.00364618 0.000645976 7.17751e-005 0.000392657 0.0332164 0.0841514 0.145799 0.28129 0.20309 0.0731447 0.0441739 0.0428119 1 
1 0.222987 0.177168 0.0836118 0.149354 0.236972 0.0346383 0.0101371 0.0176197 0.130518 1 0.175242 0.0279624 0.0091163 0.00685123 0.00881252 0.0110982 0.0197928 0.00625842 5.89861e-005 0.000290004 0.00172069 0.00907133 0.0344834 0.0640484 0.0994714 0.141151 0.152434 0.156154 1 
1 0.395676 0.172621 0.0424521 0.0416613 0.0235422 0.0181493 0.00853449 0.0148997 0.186843 1 0.142333 0.0516677 0.0538329 0.042092 0.00285654 0.00124735 0.000638382 0.00050894 0.000291243 0.00982962 0.0404003 0.0614322 0.0614749 0.0697108 0.0825843 0.0896221 0.119142 0.174645 1 
1 0.0941563 0.0213239 0.00962649 0.0172072 0.0213992 0.0199182 0.0115844 0.0147221 0.0300843 1 0.181477 0.139269 0.183354 0.2469 0.378834 0.274981 0.0312917 0.00303779 0.000790319 0.000657685 0.00434921 0.0367667 0.104508 0.116792 0.184173 0.263329 0.196775 0.188756 1 
0.600985 0.0371278 0.0135165 0.00684317 0.0673639 0.518261 1 0.250382 0.216458 0.201048 1 0.398266 0.448331 0.936455 0.418965 0.203375 0.116047 0.0708865 0.0473502 0.0224258 0.667304 1 0.16668 0.154152 0.19431 0.395732 0.257452 0.186214 0.120206 0.0429174 
1 0.294239 0.0264154 0.00714859 0.0153293 0.0145839 0.00579151 0.00328759 0.0104362 0.0482817 1 0.243809 0.385457 0.504233 0.422735 0.598875 0.531994 0.138072 0.044587 0.0214522 0.000371939 0.00752461 0.0687228 0.282931 0.331455 0.169947 0.0870336 0.0717269 0.114071 1 
1 0.0045963 0.00131557 0.000687807 0.00346087 0.0162453 0.0120202 0.00296958 0.00390849 0.0168567 1 0.00555136 0.0185344 0.0703578 0.0938551 0.0372159 0.00843577 0.00389491 0.00211694 0.000761074 0.00800708 0.0141205 0.0494709 0.0511745 0.0366609 0.0166497 0.0308554 0.0557481 0.0121548 1 
1 0.285772 0.0934244 0.0311999 0.0449871 0.624254 0.0377364 0.0138546 0.0132482 0.0728042 0.517916 0.473664 0.188495 0.18369 1 0.520547 0.338161 0.192522 0.117518 0.0710461 0.399412 0.124423 0.280108 0.52121 0.585206 0.51869 0.227032 0.555754 1 0.10673 
1 0.124068 0.0106402 0.0040728 0.00847652 0.0106911 0.00918926 0.00722922 0.00883289 0.00682194 1 0.0298667 0.0159178 0.015301 0.0204726 0.0165583 0.00766238 0.00249087 0.000664231 4.74451e-005 0 3.01405e-005 0.000150702 0.00226053 0.0276689 0.0666405 0.106697 0.110736 0.0948822 1 
1 0.190538 0.0563081 0.0339893 0.0200011 0.023259 0.0676506 0.0532032 0.0108342 0.376823 0.448017 0.129975 1 0.613865 0.158963 0.36701 0.248781 0.0241284 0.0171536 0.00491387 0.0485922 0.0681869 0.1126 0.361425 0.943039 0.366926 1 0.672914 0.000447756 0 
0.660203 0.482975 0.302412 0.082952 0.064919 0.161716 0.940355 1 0.269565 0.269759 0.564589 0.786473 1 0.607594 0.395838 0.551029 0.639861 0.52236 0.529002 0.250387 0.273793 0.630986 0.793964 0.551962 0.405634 0.359658 0.466348 0.515493 0.495121 1 
1 0.570397 0.00359525 0.00131197 0.00145694 0.00126848 0.00395767 0.00721224 0.0133807 0.0631922 0.200174 1 0.969778 0.998772 0.941413 0.721141 0.560654 0.414635 0.313035 0.180075 0.397051 0.385717 0.451842 0.511469 0.563359 0.69639 0.769956 0.679845 0.716749 1 
1 0.229279 0.041569 0.0469977 0.145886 0.0328015 0.0586961 0.090784 0.0243909 0.0485523 1 0.326492 0.451563 0.532575 0.505856 0.378056 0.181694 0.0720864 0.0475839 0.0648096 1 0.315719 0.319756 0.348195 0.311958 0.284528 0.180588 0.101188 0.0981148 0.133618 
0.109884 0.0253495 0.0226855 0.0254319 0.07484 0.09596 0.0435583 0.066024 0.137486 1 1 0.18255 0.111158 0.0498847 0.0417431 0.0682856 0.15276 0.662808 0.384536 0.0379312 0.00430641 0.00145722 0.0229893 0.0170081 0.000543738 0.00598112 0.0181826 0.0978511 0.0997216 1 
0.000230514 2.88143e-005 0.0022187 0.372972 1 0.0312347 0.000576286 0 0 0.000115257 0.206082 0.438351 0.453505 0.815773 1 0.640619 0.570928 0.516392 0.180309 0.211546 0 0 0.000263089 0.00249934 0.00598527 0.145389 1 0.276408 0.147395 0.0283149 
0.122796 0.00984504 0.00606085 0.00797859 0.0316785 1 0.0789757 0.0142856 0.0155777 0.0418825 0.330389 0.257942 0.168142 0.111313 0.0938418 0.182458 0.159012 0.0829965 0.115572 1 0.0378443 0.258292 0.220934 0.185113 0.13377 0.184648 1 0.0882966 0.138344 0.375549 
1 0.251864 0.0192265 0.00734558 0.0056483 0.00879243 0.0386756 0.0107123 0.00670562 0.0186422 1 0.0416375 0.0469588 0.0500272 0.0645149 0.102074 0.187641 0.11194 0.0727103 0.0737979 1 0.0901942 0.157282 0.180971 0.0477994 0.0367961 0.0370227 0.0293528 0.0112621 0 
1 0.171124 0.0025028 0.000373552 0.000597684 0.385581 0.304968 0.136982 0.267613 0.253231 0.0274446 0.17997 1 0.263191 0.0982275 0.0830133 0.109099 0.137341 0.0956869 0.00129985 0 0 2.94612e-005 0.000942757 0.00468432 0.0617211 0.569219 1 0.327372 0.0258374 
0.004759 1 0.0954956 0.033164 0.0141631 0.0295488 0.0546891 0.00107362 0.000192814 0.000267311 0.00358886 1 0.287072 0.125973 0.148659 0.169922 0.193138 0.204574 0.20159 0.123816 0.117469 0.203804 0.137331 0.12738 0.180188 0.139791 0.144912 0.134969 0.0912791 1 
1 0.193326 0.00778673 0.00187956 0.00889912 0.0166091 0.0181051 0.00437284 0.00402762 0.033832 0.963323 0.645333 0.339446 0.577664 0.744178 0.675041 0.830369 1 0.226664 0.0601504 0.0167148 0.099377 0.307704 0.623006 1 0.72375 0.638809 0.513296 0.51436 0.668591 
0.259195 1 0.139721 0.00673459 0.00431704 0.00414436 0.0222759 0.0094975 0.00407961 0.00703678 0.340744 1 0.565789 0.559826 0.49812 0.26238 0.160034 0.185896 0.289992 0.212276 0.445459 0.176148 0.354906 0.567589 0.72634 1 0.933542 0.859777 0.780706 0.0271399 
1 0.415825 0.0736904 0.034066 0.0370979 0.0722166 0.0221913 0.013938 0.0404666 0.0402139 1 0.102318 0.101864 0.128276 0.174385 0.188021 0.151609 0.102217 0.0620171 0.0320186 0.0152547 0.0289595 0.0349145 0.0466615 0.0628543 0.105274 0.14443 0.129584 0.126892 1 
1 0.0722999 0.00142346 0.000632649 0.00583223 0.0346771 0.124355 0.0233487 0.0186038 0.0967162 0.911557 1 0.878962 0.704844 0.441038 0.298339 0.302076 0.115779 0.0738408 0.0579239 0.00567308 0.0915865 0.326394 0.966202 0.430337 1 0.31649 0.105817 0.0537019 0.0545192 
0.780849 1 0.0355847 0.023608 0.104451 0.00783094 0.00299418 0.00333967 0.033627 0.103645 0.50301 0.587568 0.689906 1 0.932941 0.527929 0.348873 0.181296 0.107238 0.0646787 0.0155718 0.141586 0.392044 0.659513 0.570139 0.309605 0.212641 0.627454 1 0.834598 
0.632551 0.656198 0.0677576 0.0241894 0.0260867 1 0.50581 0.0167361 0.00826642 0.115527 0.720042 1 0.533686 0.325392 0.294537 0.290479 0.186733 0.140074 0.10535 0.232733 0.269868 0.335012 0.341908 0.0905267 0.136304 0.30826 0.353842 0.700445 1 0.871277 
1 0.15066 0.0104374 0.00314742 0.0217311 0.223143 0.0574404 0.0049757 0.00983569 0.0195788 1 0.112539 0.245317 0.227892 0.115381 0.0641292 0.0461923 0.0174252 0.00568521 0.00210353 0.0202009 0.0585772 0.0970082 0.188542 0.13689 0.0812964 0.0616155 0.0404292 0.0907125 1 
1 0.0268309 0.00515602 0.00184246 0.00937065 0.0232582 0.0234684 0.0192336 0.00975066 0.0539324 0.770989 0.897246 0.386579 0.792449 0.83171 0.48151 0.330498 0.418159 1 0.424146 0.393196 0.508307 1 0.668002 0.208693 0.0402791 0.0568287 0.256782 0.801254 0.419362 
1 0.374447 0.0239355 0.00548183 0.0247768 0.178377 0.012022 0.00249668 0.00979674 0.00507476 1 0.0313997 0.206438 0.250873 0.205358 0.291923 0.140794 0.0442188 0.000324079 0 0 0 0 0.00370133 0.173749 0.455976 0.0981565 0.0788668 0.335611 1 
1 0.0194876 0.00179624 0.00119467 0.00335525 0.0115739 0.00616824 0.00492273 0.00714262 0.0966668 0.130502 0.225155 0.185223 0.190657 0.481851 0.648201 0.625342 1 0.863132 0.0168472 0.00635521 0.0464035 0.0917303 0.192074 0.340581 0.422411 0.597232 1 0.578482 0.296253 
1 0.158423 0.0266639 0.0231892 0.0954146 0.612294 0.0597896 0.0092903 0.00434035 0.0120823 0.565174 1 0.27252 0.355551 0.436401 0.307482 0.192712 0.306246 0.308378 0.110554 0.221004 0.324171 0.100832 0.193163 0.438861 0.338155 0.29765 0.606619 0.645932 1 
1 0.0161843 0.0310972 0.0696433 0.527754 0.291242 0.0635255 0.0146735 0.00560915 0.0142697 1 0.211218 0.0779787 0.0149877 0.00397614 0.00162134 0.000849273 0.000414986 0.000366732 0.000212318 0.00948195 0.0599303 0.153325 0.191145 0.110039 0.0448188 0.0490511 0.091998 0.134823 1 
1 0.0794982 0.0111355 0.00261368 0.00813842 0.0162534 0.00886618 0.00334145 0.00595513 0.0317868 1 0.354146 0.786066 0.761404 0.109075 0.0236844 0.00325839 0.000672043 0.00016292 8.14598e-005 3.91428e-005 0.00606713 0.447911 0.312222 0.114023 0.0881691 0.127782 0.423329 0.400607 1 
1 0.702242 0.033823 0.000270584 0.00668728 0.00413607 0.0019714 0.000773096 0.00459992 0.0444917 0.288424 0.572757 0.656346 1 0.894375 0.738726 0.141888 0.0114365 0.0055788 0.00529986 0.000459383 0.00865171 0.0196769 0.0643902 0.263073 0.581119 0.418574 0.352806 1 0.854529 
1 0.129537 0.00304551 0.00119172 0.00326619 0.0141609 0.0280201 0.0180523 0.0117554 0.0357884 0.251768 0.29371 0.330848 0.37217 0.396722 0.681649 0.818439 1 0.650996 0.162226 0.124742 0.145592 0.319571 0.4391 0.57886 0.712608 1 0.59793 0.330589 0.117697 
1 0.0487789 0.00306089 0.00111437 0.00427657 0.37272 0.212873 0.00942871 0.00776439 0.206911 0.402026 0.65549 1 0.814432 0.811884 0.178633 0.10594 0.0304956 0.04432 0.00217039 1 0.808508 0.465312 0.713597 0.975815 0.891605 0.773569 0.808508 0.355037 0.0423035 
1 0.452868 0.00631038 0.00966142 0.00361215 0.00739838 0.0414745 0.0122291 0.00500479 0.00857342 0.908622 0.221401 0.523996 1 0.728795 0.411272 0.726702 0.0662667 0.0179967 0.0417132 0.611564 0.0173937 0.0811931 0.106604 0.216606 0.195679 0.0894823 0.031526 0.0653621 1 
1 0.0197175 0.00935255 0.0058815 0.131852 0.516174 0.543316 0.0197175 0.00443523 0.0153787 1 0.0314628 0.247832 0.147746 0.182326 0.0742851 0.000573353 0 0 0 0 0 0 0.000200495 0.00798637 0.0414021 0.199358 0.101484 0.22011 1 
1 0.0778566 0.0373325 0.0245664 0.0253643 0.0096166 0.00508126 0.00176374 0.00214169 0.630412 0.680658 0.0599078 0.0831984 0.807822 0.792378 0.823017 1 0.780421 0.232657 0.0564205 0.0170604 0.0906605 0.664807 1 0.459646 0.335521 0.669948 0.438976 0.851378 0.196413 
0.543996 0.176003 0.362381 0.0227585 0.0581547 1 0.00456257 0.000814745 0.000416425 0.00356677 1 0.334201 0.0834411 0.0420477 0.0279331 0.0319525 0.0332144 0.0369378 0.07682 0.107495 0.111043 0.27677 0.372056 0.755118 1 0.902731 0.305957 0.15855 0.171058 0.0480194 
1 0.367648 0.0590533 0.0713828 0.223809 0.15845 0.399583 0.0784048 0.0168617 0.201029 1 0.131017 0.0305895 0.0205388 0.0378779 0.0284103 0.00596921 0.00333081 0.00123903 0.00032069 0.0103807 0.260668 0.668056 0.442142 0.198563 0.363205 1 0.475408 0.0111746 0.000198484 
0.434806 0.219954 0.0203193 0.00506267 1 0.0582064 0.000406158 0.000228821 0.000234542 0.0181284 0.0287976 0.411591 0.491671 0.0480101 0.0397973 0.0448855 0.0653014 0.119772 0.390098 1 0.0166436 0.0911327 0.177201 0.163274 0.0928897 1 0.0338729 0.0530822 0.0444927 0.0408561 
1 0.562897 0.0245549 0.00309979 0.00325397 0.00112794 0.00358667 0.00271029 0.00309168 0.0246929 0.103856 0.319262 0.931175 1 0.498054 0.671917 0.111604 0.0130047 0.0018916 0.000400146 1.26041e-005 0.146788 1 0.569707 0.183794 0.0538701 0.0801497 0.138835 0.226408 0.130718 
0.651533 0.19821 0.0592788 0.0548598 0.031921 0.0317323 0.138832 0.0568028 0.0251815 1 0.301141 0.214157 0.0995193 0.0698432 0.111201 0.176708 0.217123 0.55432 1 0.820978 1 0.177373 0.242054 0.746791 0.641816 0.27782 0.317792 0.631923 0.683099 0.290114 
1 0.100258 0.00273636 0.000606155 0.00173187 0.728581 0.0573076 0.0189294 0.0309312 0.0951837 0.132938 0.266875 0.339258 0.358528 1 0.208294 0.118844 0.0171084 0.0017046 0.000332606 0.000940842 0.0655606 0.325577 0.594796 0.339254 0.082381 0.284983 1 0.00318968 0.00137684 
1 0.297192 0.0145717 0.00832669 0.0298521 0.156923 0.463194 0.177119 0.0364071 0.0641775 1 0.477988 0.257424 0.204596 0.206238 0.193106 0.121474 0.0435258 0.0131821 0.0031836 0.410666 0.254652 0.124605 0.18242 0.226701 0.317102 0.311217 0.265686 0.639941 1 
1 0.0387857 0.00913268 0.00589114 0.00949911 0.0276799 0.00484821 0.00312879 0.0106266 0.053133 1 0.030596 0.0318161 0.183482 0.643641 0.647677 0.89329 0.277522 0.0779916 0.0359456 0.0283057 0.207103 0.207643 0.177854 0.201577 0.183515 0.197062 0.359887 0.217078 1 
1 0.470901 0.0555225 0.00847332 0.0477925 0.421102 0.171139 0.255649 0.384384 0.537275 0.809169 1 0.805527 0.32267 0.164423 0.262293 0.184338 0.0225275 0.00027714 0 0 0 0.0416167 0.597577 0.49756 0.24088 0.356183 0.575955 0.552278 1 
1 0.0288483 0.00319489 0.00101608 0.00233593 0.0133766 0.00148746 0.000827528 0.00861049 0.0159849 1 0.00956632 0.0120152 0.0198685 0.0515954 0.0594125 0.0475783 0.0244888 0.00769648 0.00483744 0.0109494 0.00431874 0.0126863 0.0121582 0.0154207 0.0336463 0.0408051 0.0460861 0.0290694 1 
1 0.0861696 0.0498386 0.050504 0.064544 0.0788502 0.0827095 0.035599 0.028446 0.0870346 1 0.55935 0.349446 0.283962 0.391722 0.313673 0.320399 0.14272 0.0484848 0.0235033 0.0379716 0.33222 0.627582 0.670501 1 0.999505 0.81979 0.520841 0.387384 0.41744 
1 0.180484 0.00520857 4.95625e-005 0.00152743 2.25284e-005 0.00966018 0.00520406 0.0026178 0.0117598 0.124224 0.207777 0.357283 1 0.175503 0.0384993 0.0152306 0.00610372 0.00403333 0.00154026 0.317666 0.378891 1 0.766621 0.560052 0.653911 0.919651 0.8357 0.1838 0.039106 
0.84449 0.26364 0.0245976 0.00123813 0.0359059 0.251919 1 0.0139496 0.0080066 0.0226166 0.0260373 0.0519558 0.146832 0.393294 0.507906 0.271192 0.261324 0.218048 0.210201 1 0.428078 0.71536 0.656644 0.746241 1 0.880943 0.379724 0.591629 0.554043 0.118041 
1 0.0676441 0.00526884 0.00310894 0.00657787 0.0294532 0.00415617 0.00310894 0.00271624 0.00405799 0.648313 0.190764 0.427709 0.826288 1 0.848135 0.647957 0.61865 0.500178 0.302309 7.59994e-005 0.00623195 0.0221158 0.149263 0.534276 1 0.485104 0.0798754 0.0321477 0.30605 
1 0.412327 0.0112945 0.00211246 0.00624137 0.0117746 0.00290464 0.000480106 0.00321671 0.0295745 1 0.685281 0.912043 0.271876 0.0335245 0.021362 0.0108483 0.00475508 0.00215054 0.0014098 0.00445279 0.0309294 0.362051 0.684943 0.168595 0.0215436 0.0190771 0.0241847 0.37554 1 
1 0.0870059 0.0611028 0.0482578 0.0814704 0.216592 0.823859 0.0557093 0.112767 0.307572 1 0.135637 0.119541 0.113031 0.085811 0.0425466 0.0695099 0.13415 0.146043 0.0721243 0.0264457 0.0438481 0.0993792 0.149924 0.140881 0.119372 0.0995258 0.100112 0.14528 1 
1 0.163869 0.0201005 0.00728919 0.0169253 0.0348998 0.00557734 0.00303716 0.0129218 0.00900105 1 0.0335919 0.0664786 0.0947497 0.102282 0.10927 0.047503 0.015642 0.00544907 0.00189115 2.92278e-005 0.00172444 0.0206348 0.048372 0.0467353 0.0790904 0.0753785 0.0400129 0.0362425 1 
1 0.769806 0.0312348 0.00388324 0.00911718 3.97263e-005 0.0295365 0.00834252 0.00192672 0.00367468 1 0.383126 0.0634262 0.332963 0.750889 0.77129 0.750568 0.266276 0.116528 0.0597214 0.244228 0.0371751 0.04105 0.0737851 0.22897 0.472822 0.296795 0.0713498 0.0503202 1 
0.765462 0.452671 0.053425 0.00387941 0.0412325 0.503658 0.173022 0.307249 0.524496 1 0.196381 1 0.322727 0.00383936 0 0 0 0 0 0 0 0 0 0.000553455 0.102943 0.791624 0.844756 0.342588 0.100821 1 
1 0.0522682 0.0096686 0.00423324 0.00730962 0.0162931 0.0131543 0.00569388 0.00552368 0.0307508 1 0.0802181 0.0566942 0.176342 0.114894 0.0335247 0.0438178 0.100019 0.218117 0.0903796 0.0225566 0.120023 0.185234 0.198566 0.199455 0.132551 0.273015 0.0960485 0.0211899 1 
1 0.206538 0.00427931 0.00243306 0.00810064 0.0170743 0.00605401 0.00369252 0.0143693 0.0255471 1 0.0232798 0.319282 0.356362 0.484331 0.224295 0.0479536 0.009061 0.00521356 0.00708152 0.128439 0.0127834 0.0137567 0.0482999 0.091733 0.148123 0.246864 0.194541 0.0621647 1 
0.0973379 0.124288 0.0281322 0.0277381 0.0721289 1 0.841569 0.129904 0.0254717 0.0351776 0.859753 1 0.951773 0.274237 0.101472 0.047394 0.0171708 0.00598614 0.00283554 0.000832658 0.665537 1 0.440599 0.543978 0.537645 0.507879 0.497746 0.543941 0.299184 0.366278 
1 0.931037 0.100248 0.0412942 0.0941209 0.186847 0.0676959 0.0216353 0.0247509 0.0900055 1 0.243352 0.170779 0.151348 0.181449 0.23458 0.183639 0.0903281 0.0819813 0.0738692 0.0189658 0.148479 0.165614 0.0899541 0.0758972 0.084562 0.0854352 0.0810265 0.115279 1 
0.799808 0.23827 0.00213495 0.00208765 0.0156473 1 0.00981671 0.00231736 0.000560762 0.00485093 0.00494733 0.0156794 0.0282736 0.619518 1 0.47014 0.223732 0.164915 0.407014 0.328838 1 0.731128 0.377453 0.329961 0.155857 0.0625462 0.0832649 0.404226 0.00801453 0 
1 0.0918465 0.807854 0.233438 0.0318855 0.133114 0.409439 0.0853932 0.0433157 0.0212649 0.40323 1 0.225291 0.128817 0.149292 0.179082 0.131121 0.0563989 0.011676 0.00076189 0 0.0285396 0.369381 0.0539529 0.0417081 0.106674 0.357231 0.361731 0.522903 1 
1 0.910864 0.0398508 0.010571 0.00962984 0.00802296 0.000654232 0.000332855 0.000160689 0.00327116 0.0121338 0.0380042 0.0658317 0.125867 0.146537 0.18236 0.300529 0.351282 0.442835 1 0.0542794 0.239439 0.513529 0.975667 1 0.739504 0.461261 0.419635 0.458569 0.744501 
1 0.155045 0.0922011 0.00933449 0.0147511 0.00757277 0.0203387 0.0166575 0.0188005 0.0795141 0.456293 0.675058 0.651023 0.84183 1 0.554797 0.215012 0.0816361 0.0320472 0.0126502 0.02234 0.964305 1 0.975232 0.253794 0.10826 0.106641 0.139787 0.277551 0.505484 
1 0.0636323 0.0153342 0.00462788 0.0154154 0.159887 0.657911 0.0562294 0.0305993 0.0605525 0.687913 0.354951 0.613426 1 0.994841 0.262814 0.061884 0.0441858 0.0212171 0.00274668 0.0269739 0.983522 0.768366 0.143881 0.109151 0.085821 0.0867525 0.100719 0.200465 1 
1 0.706235 0.0770609 0.0146435 0.017143 0.0735946 0.00221656 0.00384361 0.0110357 0.204678 1 0.207877 0.0768809 0.0565295 0.0632457 0.0708343 0.0727417 0.09078 0.0991397 0.035407 0.0603611 0.214364 0.186142 0.228698 0.337863 0.514681 1 0.861274 0.329531 0.70613 
1 0.0978246 0.00563922 0.00129685 0.00362282 0.192863 0.0133116 0.0325971 0.0545264 0.0742219 0.59928 0.920236 0.347989 0.30459 0.247121 0.326544 0.742809 1 0.417286 0.0617235 0.0324288 0.0603259 0.071799 0.161201 0.506968 0.651823 1 0.9874 0.570751 0.578007 
1 0.163339 0.013047 0.00449629 0.00844545 0.0228743 0.00508551 0.00268655 0.00765983 0.0081789 1 0.0290011 0.0426328 0.118986 0.186051 0.130902 0.139739 0.128274 0.0666145 0.0239066 0.000252835 0.00602913 0.0315752 0.0847288 0.128965 0.141617 0.111179 0.0880837 0.120816 1 
0.604383 0.0273484 0.05062 0.361984 0.556863 1 0.228894 0.0062001 0.000254799 0.000891795 1 0.032121 0.00110924 0.00056243 0.000609299 0.000749906 0.000843645 0.000640545 0.00128109 0.000343707 0.0278983 0.00321069 0.00273343 0.00347102 0.0113676 0.0581829 0.387235 0.659406 1 0.745488 
1 0.0608761 0.0242588 0.00889304 0.023892 0.0367457 0.487944 0.281075 0.217247 0.136586 1 0.282334 0.13488 0.0779889 0.0751627 0.0620398 0.0391854 0.0446851 0.0621162 0.0641327 0.0116022 0.0660045 0.166085 0.103585 0.0784568 0.091431 0.0980375 0.103466 0.133649 1 
1 0.184184 0 0 0 0 0 0 0 0.000608486 0 0.0312131 0.198829 0.992855 1 0.251853 0.0577522 0.0259482 0.0233695 0.0206296 0.0260358 0.261943 0.191533 0.537695 0.738284 0.841521 0.650894 1 0.901404 0.58139 
0.262321 0.0374847 0.0489855 0.0579036 0.132802 0.114095 0.657216 0.040738 0.114138 1 1 0.126369 0.0505476 0.0639196 0.0882681 0.091234 0.103858 0.0935916 0.223788 0.150806 0 0.00026411 0.00202484 0.00484201 0.0316565 0.0212168 0.0284872 0.0642447 0.11499 1 
0.692441 0.101297 0.0362277 0.0313535 0.118733 0.322705 1 0.0483459 0.0225879 0.0610427 1 0.103077 0.068624 0.0624759 0.0504942 0.040615 0.0295813 0.0253198 0.0263899 0.0130847 1 0.838592 0.643337 0.412718 0.365215 0.701359 0.858594 0.280054 0.0975757 0.0994724 
1 0.591157 0.0099105 0.000443423 0.000990311 0.000125636 0.000864675 0.000495156 0.000266054 0.00504763 0.242245 0.372644 0.42928 0.793456 1 0.662653 0.469725 0.390175 0.213672 0.0366367 0.23071 1 0.554085 0.256255 0.141469 0.169543 0.159963 0.106255 0.0701595 0.0928563 
1 0.131298 0.10404 0.03231 0.0756128 0.0305258 0.194949 0.0975181 0.0187512 0.0667785 1 0.220563 0.211995 0.165505 0.113765 0.115161 0.454965 0.297158 0.0562063 0.0457274 0.990518 0.381215 0.353662 0.305533 0.818125 0.893465 1 0.149315 0.0386089 0.040619 
1 0.0167021 0.00127389 3.53857e-005 0 0 0 0 7.07714e-005 0.284678 1 0.264639 0.136236 0.13493 0.252432 0.247144 0.1536 0.0797049 0.0531366 0.0282656 0.0247022 0.128492 0.163492 0.232954 0.248368 0.193646 0.0883085 0.0702026 1 0.327859 
1 0.11633 0.0204353 0.0112545 0.0238781 0.0221265 0.0249451 0.01208 0.0162274 0.262719 1 0.0702875 0.0424207 0.0373559 0.0340727 0.0326513 0.0291079 0.0330918 0.0598174 0.105561 0.0102255 0.0185277 0.024583 0.0361794 0.0546881 0.0840315 0.104635 0.0496801 0.0455861 1 
1 0.288482 0.00240564 0.000520139 0.000552648 0.000390104 0.000422613 0.000130035 0.00048763 0.000455122 0.0171296 0.00841963 0.0102584 0.165102 1 0.468209 0.43995 0.672506 0.567115 0.311236 0.00680553 0.156527 0.185296 0.132502 0.294287 0.602908 0.740668 0.620231 1 0.364714 
1 0.477485 0.000126279 5.05114e-005 0.00017679 0.000101023 0.000454603 0.000606137 0.000631393 0.0129814 0.00125078 0.31339 1 0.821486 0.497811 0.566257 0.456327 0.264401 0.0922799 0.0349524 0.0273596 0.09042 0.543563 0.451558 0.0578888 0.0530091 0.0419986 0.0377445 0.161321 1 
1 0.142325 0.000576852 0.000157323 0.000104882 0.000655514 0.0117993 0.0371021 0.0197441 0.0199014 0.0467736 0.195113 0.375239 0.641944 0.756873 0.809278 1 0.554506 0.086197 0.0117411 0.00455962 0.153507 0.279429 1 0.922714 0.615016 0.28908 0.136637 0.071814 0.0989437 
1 0.196849 0.014497 0.0130768 0.0187577 0.0251889 0.00426068 0.00276006 0.0120049 0.021357 1 0.0919471 0.361808 0.202561 0.0546125 0.0698363 0.178578 0.301154 0.335287 0.241648 0 0.00250494 0.0228961 0.122874 0.261833 0.257174 0.183256 0.0936937 0.202109 1 
0.281288 0.0011456 0.000111766 8.38246e-005 0.00307357 0.0925424 0.81377 1 0.170863 0.209142 1 0.567576 0.178409 0.0326986 0.00418418 0.000251826 0 0 0 0 9.61847e-005 0.0111574 0.293812 0.174543 0.266752 0.368644 1 0.836262 0 0 
0.0877696 0.105209 0.0204987 0.0179364 0.069795 1 0.253136 0.0243231 0.0201927 0.0991663 1 0.310169 0.283952 0.174361 0.123373 0.115084 0.139663 0.162892 0.962699 0.924145 0.0784262 0.0393438 1 0.469316 0.140383 0.135155 0.115679 0.108555 0.117051 0.697863 
0.541893 0.0224242 0.00511157 0.000711174 0.00580052 0.00268913 0.0396924 0.346653 1 0.327185 1 0.0312857 0.105464 0.0736323 0.0499355 0.0106394 0.00378205 0.00194683 0.000954814 0.000421606 0.00245116 0.00596929 0.00654603 0.00895393 0.0648115 0.197304 0.0483022 0.0160623 0.136702 1 
0.571917 0.176186 0.0375015 0.0154487 0.0251582 0.504933 1 0.0103385 0.0340815 0.0125005 1 0.0996072 0.0873381 0.1079 0.256729 0.563697 0.574463 0.148004 0.0479608 0.021386 0.0355323 0.192361 0.627136 0.452315 0.150426 0.0442801 0.0675475 0.0652027 0.104523 1 
0.684878 0.0263343 0.00608286 0.000667631 0.00541523 0.0518527 1 0.00823412 0.00960647 0.00211416 1 0.403516 0.466288 0.157813 0.0392917 0.0102968 0.00452372 0.00215415 0.000947826 0.000387747 9.65717e-005 0.041719 0.251762 0.765234 0.199276 0.0557219 0.00985031 0.00651859 0.00685659 1 
0.424986 0.928513 0.316558 0.21758 1 0.245478 0.0241906 0.00501899 0.000949539 0.173675 1 0.357542 0.0736615 0.0192813 0.00975093 0.00710362 0.00741247 0.00593439 0.0269143 0.0744556 0.0696773 0.0270416 0.0527012 0.122048 0.153927 1 0.490235 0.134247 0.0879454 0.0795926 