0.0889394 0.723546 0.162736 0.120242 0.381673 1 0.439849 0.0118506 0.000119703 0.00377065 1 0.177567 0.150125 0.103201 0.0751756 0.0441086 0.0229766 0.00883467 0.00223294 0.00090612 0.00769439 0.192956 0.207423 0.187104 0.19133 0.15172 0.173611 1 0.417069 0.126199 
1 0.452877 0.365828 0.487223 0.162702 0.159239 0.00995881 0.0460934 0.0457652 0.122154 1 0.143591 0.114156 0.0307965 0.0128198 0.00281662 0.000440098 9.83747e-005 2.07105e-005 5.17762e-006 0.000818134 0.0542458 0.313594 0.149994 0.0477897 0.0339615 0.0529564 0.198575 1 0.389041 
1 0.142384 0.013688 0.00748897 0.00559417 0.00399679 0.034885 0.014196 0.00306109 0.010677 1 0.0259823 0.0848899 0.198163 0.1796 0.250541 0.275085 0.218703 0.197529 0.144525 1 0.0941682 0.154866 0.177635 0.160684 0.156126 0.121418 0.0733044 0.14114 0.109741 
0.998326 0.189537 0.0483444 0.00371493 0.00353396 0.0028704 1 0.0476808 0.0549196 0.0640185 0.165547 0.103859 0.215434 0.349962 0.50667 0.452748 0.24576 1 0.00532547 0.00219247 0.000766057 0.0354621 0.206293 0.233089 0.301866 0.693034 0.629547 1 0.481499 0.248729 
1 0.409639 0.0336605 0.0141909 0.0256883 0.0324313 0.0213135 0.0114431 0.0143898 0.0154202 1 0.0455893 0.0863706 0.154877 0.0995841 0.0502571 0.0278485 0.0216541 0.0169512 0.0100549 0.0270334 0.0189488 0.0210844 0.0269487 0.0311181 0.0435586 0.053372 0.0706429 0.186929 1 
1 0.162286 0.00201176 0.00101682 0.000579476 0.000645077 0.00563075 0.008386 0.0616212 0.299993 1 0.58619 0.246445 0.0964234 0.144196 0.13734 0.0710088 0.0355466 0.0243507 0.0173596 0.00805014 0.00983305 0.0182794 0.0480307 0.135808 0.212923 0.2457 1 0.788607 0.0729735 
1 0.151905 0.00310338 0.000224773 0.000203996 0.000278606 0.000853761 0.000466547 0.000539267 0.00293528 0.0404726 0.0899387 0.240843 1 0.225241 0.0829724 0.0711314 0.0384889 0.019758 0.00830023 0.0531514 0.203076 0.177958 0.263586 0.594581 1 0.568219 0.205405 0.101493 0.118199 
1 0.347638 0.14108 0.0303487 0.0293973 0.0282636 0.0176162 0.00883188 0.00692121 0.0257504 0.520814 0.96377 0.740198 0.746452 0.835049 1 0.755097 0.294586 0.0940847 0.0365836 0.05223 1 0.553166 0.30301 0.241867 0.357096 0.36502 0.293872 0.235937 0.175799 
1 0.237997 0.0248274 0.00832988 0.00668914 0.0191118 0.0173088 0.0139552 0.0736527 0.21499 1 0.270352 0.0538551 0.0493349 0.0672866 0.0999397 0.115179 0.0760472 0.0346765 0.0278962 0.155504 0.0967318 0.0621577 0.0477784 0.0431977 0.0781502 0.0817749 0.0770349 0.143654 1 
1 0.0135045 0.00185516 0.000375124 0.000409227 0.000572917 0.00103671 0.000559276 0.00105035 0.0325131 0.00378587 0.00837411 0.0318917 0.0831648 0.140631 0.141987 1 0.250376 0.0427181 0.0159797 0.0275668 0.145475 0.124826 0.141063 1 0.0849066 0.0485033 0.0452169 0.0892962 0.0653261 
1 0.527427 0.0290814 0.00752481 0.0126141 0.0205751 0.010542 0.00592533 0.0084336 0.0153768 1 0.070817 0.117669 0.15633 0.0792436 0.0379196 0.0230889 0.0131792 0.00859512 0.0052919 0.000762777 0.00431135 0.0127351 0.0221537 0.0319371 0.0500779 0.151162 0.165887 0.0548867 1 
1 0.286366 0.0232418 0.0546614 0.0607004 0.441275 0.0120948 0.00352275 0.00155169 0.0249109 1 0.0813637 0.190115 0.391919 0.756654 0.556827 0.0430183 0.014371 0.00931883 0.00600035 0.0631548 0.214497 0.540113 1 0.797079 0.79935 0.266222 0.162136 0.888905 0.824993 
1 0.117656 0.0114885 0.00439027 0.00740979 0.0122746 0.965477 0.0424505 0.0269695 0.112465 0.0756488 0.203798 0.147589 0.131324 0.164368 0.276465 0.401606 1 0.0193643 0.00657838 0.203357 0.323729 0.275576 0.258549 0.24146 1 0.986314 0.383677 0.463823 0.162818 
0.110795 0.0886553 0.0193432 0.00967718 0.0407896 1 0.0552718 0.028103 0.0105218 0.0227218 0.249596 0.453818 1 0.359567 0.15144 0.448186 0.284331 0.0498678 0.014031 0.00655027 0.080283 0.631784 0.0708415 0.0694513 0.0993946 0.0625176 0.0298113 0.0441979 0.0917394 1 
1 0.381191 0.0546811 0.0272279 0.0425736 0.527918 0.778009 0.1369 0.163311 0.957004 1 0.681359 0.836186 0.838631 0.511895 0.383533 0.202835 0.15747 0.0956519 0.0107381 0.40261 1 0.336529 0.169136 0.207647 0.138171 0.152438 0.255723 0.266618 0.385591 
1 0.0546303 0.00876344 0.00536619 0.0136213 0.0688164 0.026484 0.0591249 0.0776766 0.0681063 1 0.133165 0.119524 0.188229 0.119241 0.0938483 0.0559807 0.0436185 0.0397582 0.097437 0.0109227 0.0443577 0.031467 0.0322323 0.0428926 0.0619608 0.128284 0.232274 0.288932 1 
1 0.801932 0.113947 0.0559756 0.154799 0.406742 0.139046 0.0218442 0.0182735 0.0150179 1 0.136815 0.0879005 0.0391845 0.0342203 0.0412364 0.0634763 0.083201 0.093659 0.0761186 0.0175175 0.0753611 0.00979551 0.014157 0.046189 0.11869 0.17682 0.157801 0.240669 1 
0.169056 1 0.177954 0.0510432 0.0366786 0.0515731 0.0854346 0.0396352 0.0163171 0.0437354 1 0.130533 0.0743781 0.0495016 0.0290379 0.0225672 0.0205094 0.0155707 0.0144961 0.00484727 0.237487 0.375343 0.158817 0.125079 0.0959345 0.157128 0.953326 1 0.049472 0.0112988 
1 0.627834 0.0213925 0.00673023 0.0183479 0.0937425 0.0704271 0.0254787 0.147504 0.284032 1 0.0876209 0.0894374 0.114281 0.122616 0.0925896 0.018005 0.00464818 0.000961693 0.000427419 0.00948599 0.208692 0.269799 0.311824 0.301677 0.201522 1 0.778844 0.0536069 0.0247077 
1 0.0184356 0.0154823 0.0322486 0.392064 0.123069 0.0110614 0.00665884 0.0110797 0.0784569 0.121415 0.345573 0.676469 0.416057 0.307349 0.69431 1 0.845755 0.244852 0.0369275 0.14768 0.254126 0.339707 0.51199 0.621987 0.603363 0.677297 0.817751 1 0.759514 
1 0.107087 0.0184179 0.00753576 0.0912238 0.0632109 0.183677 0.0313014 0.0130476 0.028975 0.872737 0.527042 0.507672 0.694185 1 0.283995 0.114216 0.0968322 0.103841 0.0548861 0.911186 0.671123 0.37127 0.374854 0.585196 0.895561 1 0.747466 0.334797 0.552106 
1 0.284387 0.00783811 0.00251862 0.00269232 0.00386478 0.00468984 0.00325683 0.0035608 0.256443 0.126554 0.138863 0.189042 0.181594 0.304677 0.49151 0.446506 0.270719 0.272991 1 0.0580423 0.0846703 0.128084 0.215788 0.44189 0.495686 0.674666 0.979372 1 0.794054 
1 0.239136 0.0165067 0.00575576 0.00997634 0.0078684 0.0240559 0.005183 0.00182156 0.00657265 1 0.155084 0.0804812 0.0422821 0.0272233 0.020783 0.0150389 0.00795711 0.0059927 0.0106526 1 0.0336495 0.0519321 0.0368318 0.048608 0.0703451 0.0976187 0.101346 0.0820702 0.0687455 
0.136734 1 0.119455 0.0187185 0.00733787 0.000747632 0.00393199 0.00227059 0.00265825 0.00958077 0.769662 0.162639 0.0685672 0.0387235 0.20243 1 0.762118 0.0847243 0.0384564 0.00948057 0.0269318 0.0132221 0.0351685 0.0790614 0.137802 0.469492 1 0.77956 0.00428091 0.00135472 
1 0.110015 0.0173793 0.00599661 0.00580215 0.00168231 0.00677897 0.00124364 0.00019446 0.0364093 1 0.06665 0.0664516 0.0715614 0.00342967 0.00136633 0.000549301 3.69278e-005 4.61597e-006 0 0.0110136 0.0447958 0.0637472 0.0503581 0.10936 1 0.118529 0.0918154 0.02693 0.0134767 
1 0.147541 0.0273352 0.00689475 0.0197963 0.0375381 0.00766083 0.00294246 0.0099765 0.0239923 1 0.102117 0.138374 0.0728312 0.0475735 0.0204984 5.62114e-005 0 0 0 0 0 0.0274463 0.201832 0.0473336 0.0291429 0.0236951 0.0309337 0.0294256 1 
1 0.329315 0.0633725 0.0142502 0.0282889 0.0339996 0.0570802 0.0366698 0.022261 0.0334708 1 0.0687308 0.0661073 0.0728243 0.0715126 0.042609 0.0321603 0.0208748 0.00425185 0.00185453 0.0269044 0.0741237 0.0523869 0.0512659 0.0614371 0.0780336 0.104801 0.119949 0.105129 1 
1 0.318102 0.0249395 0.0142817 0.020426 0.0130463 0.0400283 0.0238687 0.0167032 0.102558 1 0.0516037 0.150259 0.259818 0.405526 0.602361 0.685032 0.589817 0.504287 0.21573 1 0.267298 0.0450602 0.0367126 0.0557143 0.0690361 0.059759 0.0393115 0.0295353 0.0421515 
1 0.0368946 0.0185185 0.00769231 0.0200855 0.0206553 0.22792 0.553989 0.292593 0.556695 1 0.435173 0.482048 0.283743 0.167055 0.255652 0.254987 0.100066 0.0804521 0.0279255 0.227251 0.240295 0.165017 0.206506 0.251297 0.16706 0.168003 0.222222 0.369794 1 
1 0.511162 0.0295008 0.00560167 0.00353682 0.00370037 0.00541767 0.00280083 0.00439547 0.016253 1 0.992133 0.431455 0.21899 0.246676 0.321808 0.4814 0.560678 0.276619 0.0831809 0.0339608 0.0412214 0.0538103 0.0730158 0.0968469 0.150833 0.248119 0.325936 0.242264 1 
1 0.909356 0.214882 0.0668092 0.021288 0.0181677 0.0731081 0.0302795 0.0178372 0.0234751 1 0.0649324 0.0731317 0.135695 0.144764 0.0984752 0.0948973 0.067914 0.0591017 0.0714836 0.661612 0.074834 0.0693601 0.0771393 0.0730706 0.070747 0.0634913 0.0689009 0.0850286 1 
1 0.0457015 0.0194104 0.0554067 0.139857 0.118925 0.0141233 0.00441805 0.0118056 0.0244079 1 0.0651912 0.0911715 0.139043 0.245249 0.15071 0.340991 0.217705 0.0832331 0.0164782 0.161055 0.245533 0.0900693 0.0521454 0.0577367 0.164945 0.343868 0.2273 0.0640574 1 
0.645515 1 0.0276757 0.0159348 0.00298482 0.000595075 1.88913e-005 0 0 9.44564e-006 0.0577875 0.846621 1 0.272568 0.180532 0.100154 0.0642313 0.0462181 0.0409297 0.0222943 0.0784306 0.0865408 0.0824953 0.135469 0.301338 0.641757 1 0.742019 0.159934 0.191821 
0.0805868 0.323781 0.0149308 0.00747065 0.0150145 0.409254 1 0.0195241 0.00522109 0.00757528 1 0.0879031 0.0956653 0.119318 0.114517 0.0489731 0.0224098 0.0106389 0.00807708 0.00357468 0.0817762 0.0694436 0.131499 0.0685142 0.0856187 0.125798 0.0599571 0.0315357 0.0706894 1 
0.20506 0.524385 0.339488 0.0936294 0.0140318 1 0.879865 0.0112174 0.0068953 0.0132378 0.0780122 0.0548733 0.0790619 0.202396 0.370374 0.871896 1 0.639411 0.200308 0.0226491 1 0.0742665 0.0496378 0.145723 0.423399 0.665925 0.957796 0.81936 0.213902 0.145489 
0.103012 1 0.418052 0.128672 0.0944142 0.0285554 0.070473 0.0184642 0.00619725 0.0177139 1 0.174121 0.320481 0.12601 0.0254502 0.0159432 0.0132426 0.00999363 0.00933561 0.00921908 0.0385124 0.0557612 0.0336101 0.050062 0.218627 1 0.71725 0.336423 0.0578795 0.0269123 
1 0.457025 0.267902 0.0712838 0.951274 0.124295 0.537133 0.0808062 0.00464146 0.185266 1 0.0567966 0.0124207 0.00337919 0.00120898 0.000458729 0.000245998 0.000135693 0.000117309 0.000211856 0.268133 0.540105 0.116283 0.0329863 0.12201 0.462482 0.668393 1 0.656507 7.23799e-005 
0.0421141 1 0.111715 0.11538 0.0847425 0.0313444 0.0129236 0.0370025 0.0166849 0.00279689 1 0.646804 0.0402415 0.0375329 0.022868 0.00313419 0.00030955 0 0 0 0 0.0797431 0.134399 0.182232 0.204442 0.217822 0.315694 0.224043 1 0.668785 
0.622087 0.694355 0.171421 0.347697 0.315679 1 0.196065 0.113718 0.0638987 0.0638524 1 0.263139 0.183177 0.11673 0.0598047 0.039866 0.0309291 0.0204779 0.0177475 0.0169904 0.054906 0.0392225 0.0407349 0.0443617 0.0489407 0.0743562 0.16686 0.261269 0.443127 1 
1 0.204694 0.0142383 0.00797973 0.323354 0.126402 0.133286 0.0152591 0.0117126 0.0607756 1 0.306294 0.1831 0.141551 0.0848744 0.0920698 0.112561 0.0578594 0.025296 0.0135354 0.048173 0.285607 0.521932 0.318414 0.21205 0.198991 0.152649 0.270832 0.662703 1 
1 0 0 0 0 0 0.0429004 0.0228838 0.000144264 0.0030656 1 0.00128951 0.000627331 0.000226536 0.00301467 0.0055937 0.00369428 0.00176001 0.00250932 0 0.188656 0.0395611 0.0384221 0.0491287 0.0569877 0.122784 0.421884 1 0.0689092 0.264323 
1 0.670981 0.037933 0.000894202 0.0194842 0.0225433 0.0121188 0.0132483 0.00964797 0.0297204 1 0.0375238 0.00542236 0.00077076 0.000108177 1.35221e-005 1.35221e-005 0 0 1.35221e-005 0.00226556 0.0535053 0.0536535 0.0792098 0.0937136 0.0990917 0.0832116 0.0886108 0.0812636 1 
1 0.147053 0.0540128 0.0244921 0.0209397 0.0490343 0.904508 0.104198 0.0451066 0.104573 0.477739 0.411204 0.545918 0.679727 0.770577 0.945211 1 0.544521 0.329308 0.439133 0.17458 0.359752 0.276546 0.359992 1 0.449601 0.164617 0.0499357 0.0551417 0.0445801 
0.284002 0.121221 0.0184576 0.00814579 0.0173639 1 0.00881336 0.00318872 0.00190329 0.017648 0.172344 1 0.542746 0.0706649 0.0326508 0.0227871 0.00493632 0.00400242 0.00360218 0.000213462 0.0303481 0.256047 0.300354 1 0.745315 0.263831 0.17107 0.11042 0.118591 0.23076 
0.022814 0.055288 0.0256621 0.019643 0.0300076 1 0.109343 0.0339715 0.00519702 0.00877914 0.329948 0.118065 0.39317 1 0.606576 0.156341 0.125175 0.0371334 0.0187254 0.0113622 0.421418 0.28829 0.607242 0.750231 1 0.857627 0.829584 0.938059 0.743297 0.442527 
0.384767 1 0.0433624 0.0104243 0.0129221 0.0153201 0.00839273 0.0044628 0.0100579 0.0105242 1 0.55907 0.294784 0.204268 0.119766 0.0761606 0.0567142 0.0413304 0.02833 0.0189589 0.00427861 0.0256716 0.0439138 0.0532338 0.0628192 0.0660697 0.048524 0.0468325 0.14272 1 
0.0861596 0.31912 0.0311482 0.0254324 1 0.00387089 0.00919875 0.000646585 0.000275876 0.000732796 0.0330055 0.095852 0.61398 1 0.0580889 0.0125629 0.00356817 0.00113629 0.000382304 0.000201771 8.80149e-005 0.0374566 0.0699718 0.114155 0.213436 0.440477 1 0.0800558 0.084532 0.113363 
0.35228 1 0.0152869 0.00100176 0.000200353 0 0 2.00353e-005 0.000140247 0.000280494 0.0145401 1 0.209396 0.0738919 0.0543116 0.0573357 0.096313 0.127318 0.222439 0.159911 0.0009015 0.00422847 0.0115693 0.0217219 0.0307369 0.0467278 0.0758334 0.0970401 0.178111 1 
0.734494 0.0110133 0.00151812 0.0012421 0.00212537 0.0179966 0.695769 0.529493 0.359601 1 0.282993 0.460836 0.563665 1 0.761219 0.548338 0.479184 0.240181 0.0546017 0.022106 1 0.808511 0.481105 0.440729 0.501338 0.587488 0.543574 0.30622 0.254321 0.587987 
1 0.172279 0.0151964 0.00395905 0.00351916 0.00327921 0.00711829 0.0138767 0.0390306 0.336519 1 0.706641 0.4357 0.364831 0.411595 0.517054 0.41509 0.422562 0.312643 0.0911173 0.324088 0.430458 0.334349 0.326323 0.353449 0.392462 0.255004 0.281418 0.353957 1 
0.998686 0.485087 0.525198 1 0.0138807 0.000794419 0.000967747 0.000751087 0.00119885 0.064449 1 0.0986763 0.0532925 0.0427049 0.0483089 0.0660567 0.11798 0.283521 0.333524 0.04824 0.00220902 0.0290143 0.0628859 0.129337 0.23143 0.402196 0.28216 0.118241 0.507028 1 
1 0.226641 0.00845738 0.0123871 0.011426 0.0213357 0.00277641 0.00237063 0.0167653 0.00489076 0.794269 0.357378 0.256662 0.225501 0.256734 0.343338 1 0.795201 0.224857 0.0760029 0.00446633 0.0330394 0.113891 0.238891 0.285731 0.400366 0.647732 0.625229 0.155005 1 
1 0.215886 0.0235807 0.00687304 0.0242233 0.0176296 0.0511287 0.0228263 0.0112316 0.0403442 1 0.0532397 0.040539 0.0517775 0.0568234 0.0594037 0.0574828 0.0401089 0.0297305 0.0176032 0.0439373 0.0947817 0.101111 0.0924692 0.0518485 0.0252548 0.037791 1 0.0789898 0.013449 
0.574302 1 0.15744 0.0237684 0.0827323 0.0750635 0.164703 0.0363636 0.0157948 0.0541899 0.912376 0.871709 0.99371 0.704067 1 0.946314 0.70392 0.106349 0.0279403 0.00950848 1 0.322044 0.340701 0.405076 0.199429 0.242962 0.343474 0.126985 0.0873183 0.546601 
1 0.71432 0.00398202 0.00366661 0.00650528 0.286075 0.148439 0.0200678 0.00768806 0.0171109 0.0429341 0.130985 0.676569 1 0.258273 0.113838 0.0596802 0.0412417 0.0277468 0.0167906 0.108872 0.0341942 0.0301964 0.0382186 0.0489592 0.0560486 0.0556755 0.0547427 0.0655899 1 
1 0.0603988 0.0115953 0.00778254 0.00641443 0.0216879 0.0181443 0.00479961 0.0106309 0.011528 1 0.0295357 0.0439434 0.0690848 0.103195 0.125023 0.142132 0.262183 0.0529121 0.0110579 0.0260349 0.0228505 0.0215558 0.0537495 0.111663 0.123421 0.0958463 0.114638 0.22917 1 
1 0.590072 0.207067 0.0752841 0.0565488 0.105938 0.303083 0.242248 0.257414 0.260026 0.853114 1 0.387425 0.329968 0.358446 0.290146 0.113981 0.0439356 0.0212283 0.00755057 0.00605709 0.0775055 0.377289 1 0.576281 0.203283 0.100951 0.128452 0.0803994 0.0341384 
1 0.210965 0.0438003 0.00826529 0.0113254 0.0516938 0.0921766 0.0345912 0.0449014 0.10037 1 0.292798 0.182411 0.160133 0.175031 0.231645 0.312072 0.159761 0.0488384 0.0131757 0.0411664 0.177428 0.164549 0.378347 0.468035 0.381632 0.301771 0.198331 0.137745 1 
1 0.486823 0.00546462 0.00197334 0.00475276 0.0788759 0.146535 0.0925846 0.0730815 0.0761331 0.456133 0.586984 1 0.601312 0.24783 0.0887126 0.0336393 0.0245102 0.0207706 0.0124541 0.0342231 0.0866306 0.106202 0.133694 0.0656922 0.0470089 0.0403871 0.123245 0.929927 1 
0.42248 1 0.296879 0.0571678 0.281481 0.0543917 0.875884 0.0849608 0.00677879 0.0199167 1 0.133235 0.0269263 0.00416586 0.000935192 0.000546541 0.00015789 0.00015789 9.71628e-005 1.21454e-005 0.0716702 0.298015 0.359366 0.512462 0.486072 0.352543 0.799932 0.870306 0.664825 1 
0.165858 0.249843 0.0095738 0.00495197 0.00683371 1 0.0217886 0.00184873 0.00148559 0.00359843 0.106234 0.148638 0.208003 1 0.505594 0.0252165 0.0044659 0.00157885 0.00126308 0.000496211 0.00239012 0.0158677 0.0491967 0.0850485 0.101447 0.199243 0.331762 0.412429 0.750432 1 
1 0.147166 0.00205724 0.000257154 0.000697991 0.0004041 0.000293891 0.000110209 0.000551045 0.0166783 1 0.329188 0.0965392 0.111676 0.147478 0.141511 0.0826581 0.0403241 0.0204133 0.00822813 0.00816776 0.042287 0.055784 0.0601865 0.0989399 0.2342 0.249609 1 0.0647049 0.0282106 
0.00758725 0.391575 0.0500759 0.0263386 0.0341788 1 0.000361298 0 3.61298e-005 7.22596e-005 0.221053 0.7198 0.847786 0.658981 0.438764 0.43325 0.970426 0.673517 0.959399 1 0.00170963 0.067859 0.164387 0.769726 1 0.390189 0.108496 0.120003 0.0794319 0.0467517 
0.333412 0.759406 5.5025e-005 5.00228e-006 0.00682382 2.07237e-005 0.000305139 0.000938999 0.0027048 1 1 0.799057 0.753293 0.863906 0.307985 0.20995 0.0918202 0.0156712 0.000778614 1.51054e-005 0.240395 1 0.0455847 0.071008 0.160071 0.606843 0.0616161 0.0117959 0.00732043 0.0103813 
1 0.419814 0.535769 0.36511 0.156172 0.32902 0.393294 0.120093 0.177491 0.199126 0.41244 0.886888 0.641474 0.466178 0.438306 0.478269 1 0.572526 0.217953 0.0176687 0.00279585 0.799698 0.826572 0.348787 0.377609 1 0.903264 0.723414 0.509048 0.457266 
1 0.354818 0.00358676 5.43449e-005 0.000543449 0.000217379 0.0144014 0.0398891 0.0227162 0.107168 1 0.260385 0.236913 0.278369 0.28259 0.261145 0.0548801 0.0112293 0.00565687 0.00211077 0.00197488 0.0186429 0.0932143 0.22245 0.390157 0.140374 0.111383 0.220081 1 0.0451852 
1 0.770802 0.0222567 0.0111813 0.0173186 0.00271595 0.114387 0.0614088 0.113717 0.167613 0.0551057 0.325166 0.679987 1 0.78452 0.570091 0.78452 0.936797 0.745399 0.626038 0.361826 0.550011 0.697807 0.720072 0.763258 1 0.939919 0.88051 0.858693 0.464422 
0.0500435 0.674746 1 0.0621919 0.00458104 0.00176863 0.00452305 0.00252247 0.00345028 0.00829226 1 0.560066 0.130501 0.0745951 0.154576 0.40959 0.091797 0.02311 0.016599 0.0112938 0.0588871 0.0452562 0.183726 0.678095 1 0.0749699 0.107593 0.140215 0.181648 0.126958 
0.0613088 0.244369 0.0225243 0.0168599 0.042583 1 0.0404505 0.00806344 0.00686392 0.0163934 0.129454 1 0.0802104 0.0578567 0.0575279 0.0428665 0.0289283 0.0147929 0.00723208 0.00315582 0.0302222 0.0328889 0.0728081 0.0786263 0.303677 1 0.0467879 0.0202828 0.0449293 0.139475 
1 0.186432 0.0510306 0.0576346 0.85031 0.13316 0.0419051 0.00788473 0.0261357 0.199039 1 0.902162 0.6434 0.79613 0.5969 0.356402 0.352355 0.470135 0.753776 0.39145 0.0195065 0.0669814 0.27848 1 0.389018 0.363944 0.426516 0.20807 0.0424423 0.046406 
0.0286371 0.154816 0.0552118 0.0458126 0.124556 1 0.0190351 0.00263718 0.00165669 0.00226527 0.195499 1 0.441969 0.32135 0.288495 0.0935584 0.0240788 0.00759494 0.00483826 0.00309423 0.00706044 0.0192871 0.0415877 0.0985018 0.277166 0.628035 1 0.74281 0.763561 0.0755123 
1 0.163497 0.0138982 0.0130894 0.0294186 0.48857 0.909783 0.0247007 0.0218281 0.133966 1 0.824388 0.511305 0.278714 0.139948 0.205827 0.0817693 0.326847 0.0631604 0.0186562 0.0702569 1 0.274072 0.120585 0.133345 0.333433 0.43346 0.45964 0.373634 0.697555 
0.0297265 0.0249371 0.00228249 0.00474293 0.0198073 0.524446 1 0.00923827 0.00467329 0.00496731 0.393933 1 0.285222 0.101654 0.0467575 0.0213485 0.0120471 0.00461493 0.00364901 0.000983803 0.172387 0.422077 0.320441 0.22351 0.120671 0.132994 0.349079 0.801625 1 0.117603 
1 0.202852 0.135439 0.0546139 0.057727 0.0243668 0.0378185 0.022253 0.0119528 0.0364349 1 0.212538 0.217746 0.312076 0.56215 0.603911 0.514493 0.205955 0.110936 0.0666208 0.636774 0.419009 0.261263 0.377348 0.695806 0.841971 0.781387 0.318034 1 0.486796 
1 0.775078 0.00366312 0.00156544 0.00228554 0.0244834 0.00225423 0.00134627 0.00203507 0.0282405 0.050858 0.608745 0.925677 1 0.615257 0.308766 0.249638 0.370271 0.522535 0.757184 0.069849 0.33707 0.226653 0.204885 0.123632 0.0812144 0.0647634 0.0623363 0.0949684 1 
1 0.0765594 0.0150143 0.00343548 0.0129981 0.0148871 0.0134875 0.00536366 0.00655776 0.014476 1 0.118591 0.0281785 0.0102206 0.00780647 0.00492728 0.00128624 0.000633224 0.000544177 0.000465024 0.0174355 0.0240626 0.0279284 0.0468854 0.0467276 0.0731908 0.049162 0.0298894 0.0236568 1 
0.0352835 0.150039 0.0307235 0.147535 0.458676 1 0.209626 0.0210243 0.0187256 0.031471 0.240429 0.765323 1 0.143987 0.0301476 0.0128004 0.00720576 0.00429974 0.00372644 0.00251065 0.0435195 0.0341204 0.0463674 0.0821189 0.141295 0.257293 0.470171 1 0.625224 0.309116 
0.58521 0.107783 0.00351673 4.18326e-005 0.000209163 0.00422788 0.121705 0.299296 0.0466127 1 1 0.0300616 0.00054484 0.00013389 5.9654e-005 1.8559e-005 2.65129e-006 0 0 0 0 0.000124687 0.000938614 0.00322107 0.0102174 0.277733 1 0.0537331 0.000602653 4.67575e-005 
0.0412093 0.105585 0.017254 0.0124134 1 0.122815 0.00154285 0.00174306 0.00248504 0.00837377 0.0605851 0.0595364 0.204064 1 0.00394447 0.000631591 0.000154919 3.57505e-005 1.19168e-005 0 0 0.00105882 0.0363456 0.138511 0.22112 0.801677 1 0.0813129 0.0198366 0.109923 
1 0.216926 0.00731649 0.0011348 0.000955623 0.00388222 0.00728663 0.0014633 0.000955623 0.00238906 1 0.0229482 0.010073 0.00368584 0.00201964 0.00247406 0.00209538 0.000353437 0.000252455 0.00257504 0.29314 0.187785 0.159618 0.0442818 0.0209778 0.015818 0.0167061 0.0101506 0.0109542 1 
1 0.397793 0.00170779 0.000128462 0.00061964 0.000347603 0.00112593 0.00430725 0.0200627 0.285926 1 0.145465 0.104628 0.0941818 0.0852208 0.0566895 0.0349892 0.0105619 0.00319502 0.000976821 0.000571195 0.0141718 0.0331833 0.09082 0.0961614 0.104706 0.253101 1 0.0711678 0.0848996 
0.655537 1 0.0748336 0.0307512 0.0874524 0.0514958 0.0330362 0.0189732 0.0264828 0.106175 0.649618 1 0.474509 0.13834 0.0888751 0.0817289 0.050432 0.0263756 0.0163206 0.00603769 0.168062 0.107011 0.068051 0.0803641 0.109997 0.179004 0.279195 0.377799 0.560393 1 
0.825539 1 0.199988 0.0497441 0.0604546 0.111627 0.069023 0.00773533 0.00487921 0.0511127 1 0.18537 0.15019 0.203166 0.148772 0.0721442 0.0269454 0.0123976 0.00745688 0.00558123 0.0373123 0.216978 0.172847 0.398636 0.257202 0.730003 1 0.132394 0.0711768 0.0481152 
1 0.891083 0.0780694 0.0210352 0.0248375 0.0441555 0.106587 0.0370416 0.0213418 0.228934 1 0.132014 0.125257 0.0948831 0.021805 0.00989237 0.00463269 0.0020551 0.000731478 0.000661813 0.00631378 0.0704082 0.175702 0.112245 0.256314 0.64426 1 0.152296 0.0538265 0.0796556 
0.0374285 1 0.364809 0.00976712 0.0486898 0.0391049 0.02296 0.00112978 0.000182222 0.00338934 1 0.103106 0.0917846 0.103437 0.10737 0.0887337 0.0337806 0.00654292 0.00268333 0.00180114 0 0.0133388 0.0601012 0.103337 0.0983288 0.0999131 0.499106 1 0.228497 0.039352 
1 0.391377 0.061141 0.00375999 0.00446086 0.00235824 0.00437841 0.00488963 0.00628314 0.0632766 1 0.723656 0.765352 0.415472 0.288473 0.267031 0.179878 0.0602812 0.0237343 0.0112235 0.243828 0.224075 0.0965786 0.0800579 0.0807339 0.0614245 0.0416398 0.0499741 0.0969906 1 
1 0.146436 0.0291817 0.0150303 0.033137 0.0486068 0.404412 0.506197 0.144766 0.126132 1 0.0882745 0.0692205 0.0536309 0.0434377 0.0656895 0.327981 0.197535 0.00966023 0.00133245 0.0960954 0.183189 0.17139 0.117017 0.199611 0.149009 0.287678 1 0.818027 0.37392 
0.000385961 0.00311181 0.01457 0.277289 1 0.557207 4.82451e-005 0 0 0 1 0.467772 0.168109 0.079985 0.0284859 0.0172833 0.0102437 0.00453716 0.00397586 0.00100566 0.146296 0.409755 0.10582 0.0308532 0.0410384 0.109028 0.567361 1 0.126224 0.00330688 
1 0.133648 0.0410522 0.00341015 0.011512 0.0211343 0.102305 0.0397055 0.00718956 0.0138795 1 0.0325995 0.00900038 0.00176705 0.000891781 0.000214688 1.65145e-005 3.30289e-005 1.65145e-005 0 0.0128687 0.0677467 0.0406432 0.0345323 0.0393491 0.0636009 0.122888 0.0914712 0.0426322 1 
1 0.325667 0.0392595 0.0112486 0.019177 0.0205856 0.0338666 0.0160177 0.0103833 0.0430627 1 0.051108 0.028307 0.0228179 0.0241184 0.026618 0.0349784 0.0241859 0.0210276 0.0199973 0.04183 0.231423 0.166932 0.115828 0.0466804 0.0809049 0.139187 0.223003 0.883862 1 
0.0403889 0.453836 0.676711 1 0.393498 0.959106 0.0650503 0.0124868 0.000832454 0.00713532 1 0.228925 0.0555967 0.0103629 0.00348655 0.00188026 0.000924016 0.00063929 0.000440519 0.000263237 0.0218414 0.163073 0.185293 0.300769 0.091873 0.0379458 0.055382 0.222655 1 0.408378 
1 0.675849 0.069403 0.0157231 0.0341886 0.00423548 0.00459098 6.09422e-005 0.000203141 0.135718 0.505616 0.772514 1 0.256042 0.10731 0.0233591 0.00286401 0.000502948 0.000153678 2.79415e-005 0.111325 1 0.60595 0.0838596 0.122576 0.137535 0.0836087 0.0525604 0.239436 0.225996 
0.148011 0.512045 0.00180542 0.000498511 0.00074103 0.00194689 1 0.0184112 0.0074844 0.0134261 0.0976784 0.128314 0.355164 0.41848 1 0.469397 0.427978 0.331256 0.191663 0.26451 1 0.0628625 0.0196943 0.0343105 0.0423229 0.0453602 0.0689096 0.0782139 0.12758 0.259291 
0.233558 1 0.225798 0.00289814 0.00219698 0.00161268 0.000537559 0.000140233 0.000140233 0.00065442 0.12588 1 0.443773 0.226407 0.227908 0.231139 0.144885 0.0135036 0.00165429 0.000384719 0.000520707 0.0047905 0.0295067 0.168362 0.274204 0.199465 0.245357 1 0.256674 0.000798417 
1 0.13284 0.012241 0.0046138 0.0105157 0.0189704 0.0135525 0.01196 0.017737 0.0591128 1 0.0402666 0.0663572 0.100589 0.129191 0.22709 0.185217 0.106993 0.050491 0.0152949 0.123928 0.134168 0.08 0.12606 0.225186 0.175581 0.0389102 0.0207545 0.0413772 1 
1 0.0546108 0.0100254 0.00503384 0.0244078 0.027665 0.0469543 0.0597293 0.0707276 0.227919 1 0.183639 0.06821 0.0421015 0.0447403 0.0419016 0.0209908 0.0110751 0.00767662 0.00583743 0.132143 0.217037 0.146308 0.0501601 0.0561269 0.0624818 0.0370622 0.0263898 0.0235277 1 
1 0.373854 0.0171958 0.0133094 0.022957 0.0179379 0.028933 0.00622016 0.00140613 0.0034079 1 0.142599 0.164297 0.0411996 0.0271793 0.0194543 0.00754506 0.00412754 0.00360686 0.012127 1 0.0388035 0.0346663 0.0303526 0.0266958 0.0439996 0.0828129 0.0544014 0.0597739 0.119656 
0.0426135 0.00249202 0.00211228 0.000189868 0.00252762 0.00823553 1 0.0087102 0.00043907 0.000688272 0.162784 0.0460837 0.130585 0.16355 0.770646 1 0.749436 0.447293 0.250479 0.0645683 0.363714 1 0.512274 0.270962 0.188692 0.080113 0.0466339 0.0867359 0.118392 0.0667153 
1 0.155058 0.175691 0.45556 0.048254 0.00676053 0.00425893 0.00235688 0.00434162 0.00841448 1 0.136024 0.155259 0.133925 0.167552 0.0358028 0.0180811 0.00748964 0.00618463 0.00637376 0.495527 0.222668 0.0225267 0.010135 0.00947008 0.0101954 0.0111223 0.0134395 0.0183357 1 
0.0193544 0.0454109 0.0143436 0.00331969 0.00313179 0.197365 1 0.0112118 0.00183731 0.00283949 0.0344394 0.105791 0.281327 0.330167 0.614791 1 0.244372 0.0547387 0.0169161 0.00728692 0.135746 0.149652 0.435367 0.652576 0.0754583 0.150442 0.513748 0.982538 1 0.819769 
1 0.274344 0.142244 0.14175 0.924357 0.822537 0.101212 0.0242392 0.0188823 0.075567 1 0.202109 0.601087 0.638418 0.242518 0.0577314 0.0493156 0.029013 0.0261641 0.0432248 0.604968 0.237229 0.207176 0.861211 0.71125 0.295496 0.0712346 0.0402173 0.0360992 1 
1 0.185465 0.0442508 0.00843022 0.016171 0.0359773 0.00470087 0.00451283 0.0240998 0.0490457 1 0.107139 0.0313652 0.0275668 0.0249693 0.0178472 0.00499944 0.00240197 0.001592 0.00125684 0.0443457 0.0927015 0.0712806 0.0723165 0.041171 0.0446464 0.0413715 0.0307446 0.0251303 1 
0.548622 1 0.0248205 0.00417314 0.00160132 0.00228067 0.00584724 0.0064538 0.00608987 0.0378251 0.700246 0.153719 0.141013 0.129815 0.0793954 0.0864762 0.152865 0.3103 0.427359 1 0.0921156 0.132549 0.0405021 0.0958195 0.308721 0.206694 0.0942076 0.115196 0.229089 1 
1 0.0288483 0.00319489 0.00101608 0.00233593 0.0133766 0.00148746 0.000827528 0.00861049 0.0159849 1 0.00956632 0.0120152 0.0198685 0.0515954 0.0594125 0.0475783 0.0244888 0.00769648 0.00483744 0.0109494 0.00431874 0.0126863 0.0121582 0.0154207 0.0336463 0.0408051 0.0460861 0.0290694 1 