2.08115 2.49107 2.37883 1.56617 1.08238 0.424427 0.736595 0.269778 0.00187672 0.00187672 0.00187672 0.00187672 0.00187672 0.00187672 0.00187672 0.00187672 0.00187672 0.00187672 0.00187672 0.00187672 0.00187672 0.00187672 0.00187672 0.00187672 0.00187672 0.00187672 0.00187672 0.00187672 0.219025 0.24234 0.853849 0.616932 0.171445 1.31779 2.63001 4.86861 9.57753 39.3818 0.000709283 1 0.000487632 0 0 0 0 0 0 1.10825e-005 0.000598394 0.0230938 0.0398697 0.0221475 0.0266912 0.0600481 1 0.0845475 0.00018091 2.08742e-005 0 0 0 0 0.000461471 0.12443 0.16247 0.139054 1 0.0111628 
0.531602 0.563352 0.126629 0.179018 0.0868238 0.0254253 0.0807622 0.0888209 0.00187672 0.00187672 0.00187672 0.00187672 0.00187672 0.00187672 0.00187672 0.00187672 0.00187672 0.00187672 0.00187672 0.00187672 0.00187672 0.00187672 0.00187672 0.00187672 0.00187672 0.00187672 0.00187672 0.00187672 0.105954 0.217233 0.220511 0.18168 0.391915 0.418068 0.319596 0.84882 3.15476 3.74873 0.139985 1 0.00651181 3.80807e-005 0 0 0.000304646 0.00152323 7.61615e-005 0.00133283 0.665679 0.0492181 0.0373663 0.0554732 0.177449 0.479012 0.676708 0.881646 1 0.724444 0 0 0 0 0.0771356 0.289277 0.37201 0.240204 0.21643 1 
1.23871 1.22819 1.5255 1.1266 0.590542 0.321235 0.242362 0.499356 0.00187672 0.00187672 0.00187672 0.00187672 0.00187672 0.00187672 0.00187672 0.00187672 0.00187672 0.00187672 0.00187672 0.00187672 0.00187672 0.00187672 0.00187672 0.00187672 0.00187672 0.00187672 0.00187672 0.00187672 0.0960395 0.143019 0.116453 0.260564 0.673408 0.671678 1.41382 2.65635 8.59512 19.6713 0.0011382 1 0.256315 0.00341461 0.00277984 0.00604124 0.00669789 0.00111632 0.000262663 0.000328328 0.0147635 0.0161953 0.0236123 0.224363 1 0.0915855 0 0 0 0 0 5.18968e-005 0.0115211 0.0845399 0.415071 0.419845 0.677202 1 0.421143 0.000934143 
0.427378 0.274706 0.13194 0.197939 0.130582 0.0146323 0.0849144 0.0518799 0.00187672 0.00187672 0.00187672 0.00187672 0.00187672 0.00187672 0.00187672 0.00187672 0.00187672 0.00187672 0.00187672 0.00187672 0.00187672 0.00187672 0.00187672 0.00187672 0.00187672 0.00187672 0.00187672 0.00187672 0.0923983 0.0574205 0.0905825 0.0179793 0.13202 0.204882 0.143963 0.282402 0.440419 1.03107 0.0723291 0.585932 0.0225614 0.00464499 0.00995355 0.0431321 1 0.518248 0.51493 0.110816 0.624055 0.222292 1 0.462846 0.0938287 0.195844 0.124055 0.011335 0.00125945 0 0 0 0 0.000652316 0.0306588 0.283105 0.549902 0.505545 0.463796 1 
0.0509955 0.296541 0.0450576 0.19259 0.0615856 0.0906846 0.0488595 0.0519228 0.00187672 0.00187672 0.00187672 0.00187672 0.00187672 0.00187672 0.00187672 0.00187672 0.00187672 0.00187672 0.00187672 0.00187672 0.00187672 0.00187672 0.00187672 0.00187672 0.00187672 0.00187672 0.00187672 0.00187672 0.0210515 0.0638561 0.0443311 0.154497 0.133556 0.115621 0.110309 0.397928 0.322474 3.44353 0 1 0 0 0 0 0 0 0 0 0 0 0 0.0211982 0.16682 1 0.510599 0 0 0 0 0 0 0 0 0 0.0164888 0.260912 0.510184 1 
2.73567 0.851409 1.50904 0.928866 0.374903 0.282672 0.273212 0.184355 0.00187672 0.00187672 0.00187672 0.00187672 0.00187672 0.00187672 0.00187672 0.00187672 0.00187672 0.00187672 0.00187672 0.00187672 0.00187672 0.00187672 0.00187672 0.00187672 0.00187672 0.00187672 0.00187672 0.00187672 0.236669 0.261733 0.726349 0.142738 0.971765 0.922904 2.00829 0.776054 3.87103 8.83942 1 0.0900181 0.718935 0.469691 0.015124 0.11591 0.0284332 0.550998 0.583545 0.244404 0.0140065 0.0504848 0.0988148 0.178852 0.52101 0.673388 0.486994 0.481453 0.583808 1 0.457438 0.712812 0.391077 0.220082 0.276003 0.470362 1 0.389338 0.00335529 0 
0.138409 0.294749 0.20437 0.15567 0.0353504 0.0851383 0.057355 0.0248959 0.00187672 0.00187672 0.00187672 0.00187672 0.00187672 0.00187672 0.00187672 0.00187672 0.00187672 0.00187672 0.00187672 0.00187672 0.00187672 0.00187672 0.00187672 0.00187672 0.00187672 0.00187672 0.00187672 0.00187672 0.0634235 0.0449062 0.0409596 0.0303676 0.102527 0.118552 0.0833978 0.466477 1.07868 2.38943 0.610156 1 0.00210902 0 0 0 0 0 0 0 0 0 0.00161486 0.0916431 0.309245 0.524828 0.788857 0.993541 1 0.235769 0 0 0 0.00933852 0.0614786 0.873541 0.837743 0.427237 0.657588 1 
0.896248 0.341565 0.259172 0.19531 0.0880763 0.136538 0.0725271 0.0997553 0.00187672 0.00187672 0.00187672 0.00187672 0.00187672 0.00187672 0.00187672 0.00187672 0.00187672 0.00187672 0.00187672 0.00187672 0.00187672 0.00187672 0.00187672 0.00187672 0.00187672 0.00187672 0.00187672 0.00187672 0.115604 0.217667 0.0448875 0.121501 0.114937 0.182791 0.0895081 0.44953 0.774128 5.95415 0 1 0 0 0 0 0 0 0 0 0 0 0 0.0199601 0.193613 0.38024 0.850299 1 0.649701 0.462076 0 0 0 0 0 0 0.0133741 0.107757 0.241498 1 
0.289294 0.445616 0.110126 0.127304 0.135562 0.030498 0.0339457 0.027231 0.00187672 0.00187672 0.00187672 0.00187672 0.00187672 0.00187672 0.00187672 0.00187672 0.00187672 0.00187672 0.00187672 0.00187672 0.00187672 0.00187672 0.00187672 0.00187672 0.00187672 0.00187672 0.00187672 0.00187672 0.048524 0.091562 0.0731623 0.0423123 0.0725919 0.181759 0.201535 0.25957 0.888846 3.54928 0 1 0 0 0 0 0 0 0 0 0 0 0 0.0247423 0.106333 0.133137 0.255081 0.989985 1 0.0306333 0 0 0 0 0 0 0 0 0.0301039 1 
0.775393 0.586514 0.108033 0.0423238 0.289564 0.0632564 0.136013 0.0482919 0.00187672 0.00187672 0.00187672 0.00187672 0.00187672 0.00187672 0.00187672 0.00187672 0.00187672 0.00187672 0.00187672 0.00187672 0.00187672 0.00187672 0.00187672 0.00187672 0.00187672 0.00187672 0.00187672 0.00187672 0.0559745 0.102598 0.225688 0.0518029 0.096715 0.0783432 0.532987 0.47961 0.595908 8.76247 0 1 0 0 0 0 0 0 0 0 0 0 0.0145251 0.494972 0.660335 0.916201 0.917318 1 0.830168 0.243575 0 0 0 0 0 0 0.0706386 0.252943 0.298252 1 
0.792469 0.491558 0.702304 0.0641989 0.51573 0.184182 0.296569 0.239163 0.00187672 0.00187672 0.00187672 0.00187672 0.00187672 0.00187672 0.00187672 0.00187672 0.00187672 0.00187672 0.00187672 0.00187672 0.00187672 0.00187672 0.00187672 0.00187672 0.00187672 0.00187672 0.00187672 0.00187672 0.253997 0.28467 0.412019 0.208315 0.985509 0.671023 0.540285 1.33629 6.34657 38.5037 0.0298895 1 0.00837485 0.000397083 7.2197e-005 3.60985e-005 0.000180492 7.2197e-005 0.000252689 0.00046928 0.194832 0.27124 1 0.749396 0.233965 0.116286 0.0611638 0.0351366 0.012084 0.00232385 0.000278962 0.0194078 0.0147451 0.0106803 0.00761168 0.00820946 0.00936516 0.0156617 0.0618898 1 
0.251724 0.0676658 0.239706 0.285882 0.268265 0.100405 0.1097 0.0575441 0.00187672 0.00187672 0.00187672 0.00187672 0.00187672 0.00187672 0.00187672 0.00187672 0.00187672 0.00187672 0.00187672 0.00187672 0.00187672 0.00187672 0.00187672 0.00187672 0.00187672 0.00187672 0.00187672 0.00187672 0.0492731 0.107211 0.161064 0.168105 0.369195 0.637442 0.272154 0.905465 0.822258 4.60144 0.0247707 0.0609367 1 0.0231139 0.00432376 0.0027074 0.0419445 0.0852629 0.037944 0.0253768 0.653341 0.139516 0.0745173 0.0809537 0.0704379 0.138791 1 0.652615 0.0758771 0.00861209 0.0917793 0.031876 0.0151979 0.0435212 0.192046 0.326557 0.550873 1 0.854929 0.083687 
0.127909 0.0606108 0.0541614 0.0342903 0.0784628 0.0234556 0.0331023 0.0356794 0.00187672 0.00187672 0.00187672 0.00187672 0.00187672 0.00187672 0.00187672 0.00187672 0.00187672 0.00187672 0.00187672 0.00187672 0.00187672 0.00187672 0.00187672 0.00187672 0.00187672 0.00187672 0.00187672 0.00187672 0.0370488 0.0103182 0.108676 0.0109646 0.131293 0.0682333 0.137759 0.064582 0.0749724 1.78574 0.0215517 1 0.023399 0.0144704 0.018165 0.18319 0.0785099 0.11053 0.00985222 0.00954434 0.0116764 0.0658882 0.141785 0.477898 0.858215 1 0.544621 0.277731 0.201001 0.242702 0.00706215 0.0586158 0.175847 0.331215 0.338277 0.436441 0.321328 0.194209 0.507062 1 
0.911723 0.572018 0.316126 0.265929 0.124912 0.132984 0.0260357 0.0498635 0.00187672 0.00187672 0.00187672 0.00187672 0.00187672 0.00187672 0.00187672 0.00187672 0.00187672 0.00187672 0.00187672 0.00187672 0.00187672 0.00187672 0.00187672 0.00187672 0.00187672 0.00187672 0.00187672 0.00187672 0.0707523 0.0197812 0.0524307 0.0634523 0.136141 0.281097 0.417406 0.340943 3.01545 1.53483 0 0.00986193 0.878071 1 0.00107585 0 0 0 0 0 0.00137405 0.0145038 0.0290076 0.0596947 0.256641 1 0.229466 0.0155725 0.00198473 0.000152672 0 0 0 0.00893183 0.0712723 1 0.627962 0.184652 0.0251549 0.00236967 
0.119849 0.0967392 0.0904604 0.0499746 0.0481668 0.1297 0.0840721 0.0407805 0.00187672 0.00187672 0.00187672 0.00187672 0.00187672 0.00187672 0.00187672 0.00187672 0.00187672 0.00187672 0.00187672 0.00187672 0.00187672 0.00187672 0.00187672 0.00187672 0.00187672 0.00187672 0.00187672 0.00187672 0.0870111 0.07738 0.111268 0.131679 0.154696 0.064081 0.341453 0.191458 1.38835 3.37683 0.000726019 1 0.00326708 0 0 0 0 0 0 0 0 0 0.0158514 0.037817 0.035779 0.0536685 0.125 0.307971 0.928895 1 0 0 0 0 0.00616831 0.0600676 0.152886 0.350419 1 0.055221 
0.476853 0.439245 0.276867 0.0868217 0.0764111 0.051096 0.0209812 0.144318 0.00187672 0.00187672 0.00187672 0.00187672 0.00187672 0.00187672 0.00187672 0.00187672 0.00187672 0.00187672 0.00187672 0.00187672 0.00187672 0.00187672 0.00187672 0.00187672 0.00187672 0.00187672 0.00187672 0.00187672 0.045505 0.0893204 0.0273541 0.183087 0.209538 0.138449 0.185685 0.638712 0.510656 5.1173 0 1 0.171346 0 0 0 0 0 0 0 0 1.40317e-005 0.00102432 0.00632831 0.0117446 0.0132319 0.0165995 0.0695974 1 0.145341 0 0 0 0 0 0 0 9.26625e-005 0.192248 1 
1.60429 0.426688 0.512633 0.563018 0.791129 0.53025 0.0640573 0.211278 0.00187672 0.00187672 0.00187672 0.00187672 0.00187672 0.00187672 0.00187672 0.00187672 0.00187672 0.00187672 0.00187672 0.00187672 0.00187672 0.00187672 0.00187672 0.00187672 0.00187672 0.00187672 0.00187672 0.00187672 0.711382 0.570196 0.778646 0.25996 0.157643 0.776325 1.8303 2.82029 1.75196 48.9309 0 0.258187 1 0.0144707 0 0 0 0 0 0 0 0.00342075 0.0695553 0.214367 0.45268 1 0.165336 0 0 0 0 0 0 0.0139373 0.130081 0.643438 1 0.152149 0.00116144 0 
0.694527 0.321569 0.818886 1.45413 0.329046 0.453503 0.121533 0.301197 0.00187672 0.00187672 0.00187672 0.00187672 0.00187672 0.00187672 0.00187672 0.00187672 0.00187672 0.00187672 0.00187672 0.00187672 0.00187672 0.00187672 0.00187672 0.00187672 0.00187672 0.00187672 0.00187672 0.00187672 0.150844 0.242431 0.243103 1.23329 0.357291 1.35057 1.41899 0.712538 5.09984 12.1232 0.0016406 1 0 0 0 0 0 6.83585e-005 8.54482e-005 0.000222165 0.00346791 0.0108783 0.0158064 0.0123385 0.0120099 0.0249325 0.0743228 0.185588 0.373549 1 0 0 0.000128634 0.000257268 0.00493097 0.0402195 0.225195 0.421147 0.822185 1 
0.604168 1.00402 0.6946 0.783987 0.709771 0.70513 0.488359 0.448067 0.00187672 0.00187672 0.00187672 0.00187672 0.00187672 0.00187672 0.00187672 0.00187672 0.00187672 0.00187672 0.00187672 0.00187672 0.00187672 0.00187672 0.00187672 0.00187672 0.00187672 0.00187672 0.00187672 0.00187672 0.806193 0.125274 0.553438 0.380478 0.564324 1.76125 1.19234 1.74674 4.1539 21.3604 0.0072605 0.255933 1 0.0681681 0.00531092 0.00988235 0.0291092 0.0138487 0.00201681 0.00114286 0.00438031 0.0103066 0.0836125 0.173924 0.478485 1 0.440608 0.125354 0.0608091 0.04084 0.364867 0.0294511 0.0249888 0.0313848 0.0754128 0.113937 0.243939 0.670088 1 0.527294 
3.81155 2.84231 3.02225 0.581421 1.60043 3.11883 0.550707 2.01771 0.00187672 0.00187672 0.00187672 0.00187672 0.00187672 0.00187672 0.00187672 0.00187672 0.00187672 0.00187672 0.00187672 0.00187672 0.00187672 0.00187672 0.00187672 0.00187672 0.00187672 0.00187672 0.00187672 0.00187672 1.6986 3.25469 1.98275 1.09205 3.33498 2.64286 2.32204 1.50048 20.1825 227.877 0.0168945 0.0379651 1 0.0186029 0.00208808 0.00132878 0.00189825 0.00132878 0.000189825 0 0.0648691 0.0625244 0.0523642 0.161391 1 0.754982 0.113716 0.0113326 0.00156311 0.000390778 0.00254083 0.00362976 0.00580762 0.015971 0.0232305 0.0275862 0.107804 0.292922 0.586207 1 
1.1536 1.00274 0.558325 0.379239 0.935785 2.21385 0.608928 0.495529 0.00187672 0.00187672 0.00187672 0.00187672 0.00187672 0.00187672 0.00187672 0.00187672 0.00187672 0.00187672 0.00187672 0.00187672 0.00187672 0.00187672 0.00187672 0.00187672 0.00187672 0.00187672 0.00187672 0.00187672 0.712461 1.91721 1.04039 0.389186 0.684355 0.774716 1.18479 1.14018 2.60718 63.4267 0 1 0.195512 0.00892554 0 0 0 0 0 0 0 5.09528e-005 0.0017324 0.0131458 0.0254255 0.0330684 0.0528381 0.299297 1 0.018343 0 0 0 0 0 0.000775225 0.00261129 0.0118732 0.140969 1 
0.610772 0.278561 0.225662 0.3012 0.164781 0.614548 0.48765 0.0912766 0.00187672 0.00187672 0.00187672 0.00187672 0.00187672 0.00187672 0.00187672 0.00187672 0.00187672 0.00187672 0.00187672 0.00187672 0.00187672 0.00187672 0.00187672 0.00187672 0.00187672 0.00187672 0.00187672 0.00187672 0.148446 0.0758283 0.2712 0.0567413 0.0963306 1.20051 0.307808 0.534507 1.8758 20.9939 0.00706337 1 0.122389 0.00614869 0.00309975 0.00200722 0.00307434 0.00142284 0.000533564 0.00104172 0.026769 0.0288501 0.0318289 0.0346854 0.0347262 0.0506407 0.482943 1 0.067208 0.0822248 0.0143329 0.0619273 0.00855953 0.00539997 0.00571593 0.00896165 0.0175499 0.0390349 0.134942 1 
1.11745 0.223855 0.387332 0.0445378 0.155883 0.0855093 0.0512294 0.139096 0.00187672 0.00187672 0.00187672 0.00187672 0.00187672 0.00187672 0.00187672 0.00187672 0.00187672 0.00187672 0.00187672 0.00187672 0.00187672 0.00187672 0.00187672 0.00187672 0.00187672 0.00187672 0.00187672 0.00187672 0.10875 0.211403 0.0901868 0.0862126 0.0937593 0.529763 0.55767 0.901113 1.00151 5.33308 0.00201748 0.999412 1 0.0010928 0.000336247 0.000504371 0.000672495 0 0 0 0.000183655 0.0167126 0.0666667 0.18641 0.4 0.797062 1 0.956841 0.779431 0.0883379 0.0287431 0.0646314 0.0633323 0.0617083 0.128288 0.796362 1 0.759013 0.638194 0.331114 
0.286177 0.0639352 0.0719032 0.0137987 0.00467115 0.0166572 0.0157091 0.0224817 0.00187672 0.00187672 0.00187672 0.00187672 0.00187672 0.00187672 0.00187672 0.00187672 0.00187672 0.00187672 0.00187672 0.00187672 0.00187672 0.00187672 0.00187672 0.00187672 0.00187672 0.00187672 0.00187672 0.00187672 0.00824586 0.0125138 0.00415834 0.0257777 0.0282906 0.0864058 0.116658 0.182388 0.537957 1.72378 3.55297e-005 1 0.000355297 1.77648e-005 1.77648e-005 7.10593e-005 8.88241e-005 1.77648e-005 0 0 0.0083887 0.0185631 0.0310216 0.0253322 0.0309801 0.114452 0.617359 1 0.43588 0.054485 0 0 0.000114804 0.000631422 0.00223868 0.251765 1 0.93835 0.61512 0.424947 
0.471993 0.445017 0.522081 0.384509 0.440031 0.0999956 0.330302 0.174932 0.00187672 0.00187672 0.00187672 0.00187672 0.00187672 0.00187672 0.00187672 0.00187672 0.00187672 0.00187672 0.00187672 0.00187672 0.00187672 0.00187672 0.00187672 0.00187672 0.00187672 0.00187672 0.00187672 0.00187672 0.205552 0.242684 0.276282 0.160837 0.198991 0.0639022 0.77643 0.974648 2.62165 8.6452 0.000650724 1 0.00634456 0.00195217 0.00292826 0.0154547 0.111111 0.00146413 0 0.000162681 0.318732 0.0267094 0.0117521 0.00356125 0.000356125 0.0373932 0.10114 0.163462 0.827279 1 0 0 0 0 0 0 0.112057 0.37305 1 1 
0.38946 0.680071 0.300145 0.511869 0.350725 0.370117 0.258643 0.179949 0.00187672 0.00187672 0.00187672 0.00187672 0.00187672 0.00187672 0.00187672 0.00187672 0.00187672 0.00187672 0.00187672 0.00187672 0.00187672 0.00187672 0.00187672 0.00187672 0.00187672 0.00187672 0.00187672 0.00187672 0.405426 0.265481 0.548101 0.922638 0.714948 1.47919 1.06194 0.69214 3.02728 14.1017 0.000128257 0.0362234 1 0.00533182 0.00183224 0.00205211 0.00133754 0.000311481 3.66448e-005 0 0.00726006 0.00979945 0.00716239 0.00836698 0.0131202 0.0206082 0.0369189 0.116194 1 0.627263 0.011865 0.0166252 0.00774423 0.0115808 0.08 0.517087 0.761563 0.77222 1 0.882203 
1.04674 0.823987 0.147313 0.392234 0.2453 0.192361 0.122162 0.290243 0.00187672 0.00187672 0.00187672 0.00187672 0.00187672 0.00187672 0.00187672 0.00187672 0.00187672 0.00187672 0.00187672 0.00187672 0.00187672 0.00187672 0.00187672 0.00187672 0.00187672 0.00187672 0.00187672 0.00187672 0.393994 0.244576 0.0568607 0.337169 0.821434 0.308713 1.20191 1.93379 3.22297 14.7439 0.0115039 0.124625 1 0.000983236 0.000442456 0.000294971 0.020058 0.003343 0.000344133 0.00117988 0.0685892 0.0140296 0.0201871 0.031021 0.0534684 0.348012 1 0.296571 0.00896337 0.0014809 0.000917291 0.00321052 0.0210977 0.137441 0.496866 1 0.940682 0.682312 0.314172 0.0192631 
0.387639 0.479432 0.214859 0.2259 0.209482 0.237671 0.111336 0.11103 0.00187672 0.00187672 0.00187672 0.00187672 0.00187672 0.00187672 0.00187672 0.00187672 0.00187672 0.00187672 0.00187672 0.00187672 0.00187672 0.00187672 0.00187672 0.00187672 0.00187672 0.00187672 0.00187672 0.00187672 0.11054 0.261167 0.119879 0.132286 0.316635 0.510501 0.27759 0.778259 1.51598 14.6389 0.0727069 1 0 0 0 0 0 0 0 0 0 0 0.000522193 0.00469974 0.494517 1 0.669452 0.370235 0.363446 0.0997389 0 0 0 0 0 0.000560381 0.0627627 0.168114 0.380779 1 
5.83288 0.605233 0.525616 1.26535 0.782156 0.381916 0.761654 0.526744 0.00187672 0.00187672 0.00187672 0.00187672 0.00187672 0.00187672 0.00187672 0.00187672 0.00187672 0.00187672 0.00187672 0.00187672 0.00187672 0.00187672 0.00187672 0.00187672 0.00187672 0.00187672 0.00187672 0.00187672 1.30942 1.11891 0.484034 2.48053 1.40465 1.18161 4.47589 5.0562 9.61252 15.1076 0.114114 1 0.366076 0 0 0 0 0 0 0 0.00604534 0.146096 0.280101 0.238791 0.497733 0.775819 1 0.979849 0.149118 0.00957179 0 0 0.00149254 0.0114428 0.0771144 0.640796 0.974627 0.633333 0.694527 1 
1.63201 0.797321 0.143284 0.122095 0.408268 0.905084 0.17242 0.0831888 0.00187672 0.00187672 0.00187672 0.00187672 0.00187672 0.00187672 0.00187672 0.00187672 0.00187672 0.00187672 0.00187672 0.00187672 0.00187672 0.00187672 0.00187672 0.00187672 0.00187672 0.00187672 0.00187672 0.00187672 0.0781351 0.684831 0.436221 0.0813089 0.379831 0.5299 1.68462 0.60725 1.42184 35.2603 0 0.981915 1 0 0 0 0 0 0 0 0 0 0.000280466 0.00504838 0.0269247 0.0380031 0.0680129 0.083158 0.169261 1 0 0 0.00235942 0.00688164 0.0389304 0.102438 0.265435 1 0.832285 0.22965 
1.9956 0.757842 0.74526 0.325959 0.183234 0.138233 0.104386 0.0891465 0.00187672 0.00187672 0.00187672 0.00187672 0.00187672 0.00187672 0.00187672 0.00187672 0.00187672 0.00187672 0.00187672 0.00187672 0.00187672 0.00187672 0.00187672 0.00187672 0.00187672 0.00187672 0.00187672 0.00187672 0.0682298 0.174586 0.253473 0.0950874 0.166736 0.372687 0.168229 1.82291 4.45757 7.6767 0 1 0.000896448 0.00611 0.0375329 0.138136 0.00195803 1.17954e-005 0 0 0 0.000312142 0.00637291 0.0835761 0.112371 0.0813391 0.103501 0.132244 0.174592 1 0.237404 0.0943115 0.0203837 0.00013544 0 0.00681716 0.0794582 0.310655 0.517946 1 
0.251545 0.202101 0.442943 0.33013 0.205646 0.270593 0.101601 0.184302 0.00187672 0.00187672 0.00187672 0.00187672 0.00187672 0.00187672 0.00187672 0.00187672 0.00187672 0.00187672 0.00187672 0.00187672 0.00187672 0.00187672 0.00187672 0.00187672 0.00187672 0.00187672 0.00187672 0.00187672 0.144298 0.214349 0.172408 0.387914 0.440785 0.291573 0.204101 0.393383 0.56775 12.2462 0 0.836425 1 0.0168634 0 0 0 0 0 0 0 0.0328467 0.607664 1 0.636861 0.868613 0.644161 0.218978 0.00182482 0 0 0 0 0 0 0.0089841 0.0794748 0.156876 0.27367 1 
0.355156 0.267743 0.180303 0.30749 0.153408 0.197019 0.31913 0.256602 0.00187672 0.00187672 0.00187672 0.00187672 0.00187672 0.00187672 0.00187672 0.00187672 0.00187672 0.00187672 0.00187672 0.00187672 0.00187672 0.00187672 0.00187672 0.00187672 0.00187672 0.00187672 0.00187672 0.00187672 0.141804 0.208456 0.156071 0.314044 0.1619 0.229296 0.49369 0.678371 0.789829 3.60518 0.000616333 1 0 0 0 0 0 0 0 0 0 0 0.000515996 0.00361197 0.0139319 0.0227038 0.0345717 0.0526316 0.104231 1 0 0 0 0.00054407 0.00761697 0.0500544 0.156148 1 0.503808 0.0484222 
0.378754 0.456373 0.682059 0.314375 0.488481 0.253452 0.135654 0.166403 0.00187672 0.00187672 0.00187672 0.00187672 0.00187672 0.00187672 0.00187672 0.00187672 0.00187672 0.00187672 0.00187672 0.00187672 0.00187672 0.00187672 0.00187672 0.00187672 0.00187672 0.00187672 0.00187672 0.00187672 0.223759 0.183509 0.0256617 0.283556 0.207545 0.375587 0.596083 0.885383 1.18464 9.15396 0.0774194 1 0.200922 0.0299539 0.590323 0.654378 0.501843 0.0285714 0.00414747 0.00691244 1 0.368588 0.0797973 0.0509816 0.0338822 0.0484484 0.0484484 0.0544649 0.0820139 0.250475 0.129847 0.870153 1 0.126797 0.0775599 0.0753813 0.0705882 0.0976035 0.359477 0.118519 
0.382347 0.122059 0.256381 0.0720564 0.0458557 0.0724869 0.0408206 0.0483471 0.00187672 0.00187672 0.00187672 0.00187672 0.00187672 0.00187672 0.00187672 0.00187672 0.00187672 0.00187672 0.00187672 0.00187672 0.00187672 0.00187672 0.00187672 0.00187672 0.00187672 0.00187672 0.00187672 0.00187672 0.0429238 0.0793515 0.0131452 0.118267 0.0134921 0.0904964 0.241476 0.188054 0.687352 1.32728 0.019694 1 0.0016276 0.00423177 0.350586 0 0.00016276 0.151855 0.0154622 0.171224 0.000720721 0.00144144 0.00468468 0.0138739 0.0445045 0.0978378 0.293153 1 0.435856 0.00630631 0 0.000558815 0.028779 0.152836 0.0933222 0.253702 0.317686 0.278569 0.818385 1 
0.449029 0.358229 0.184574 0.116731 0.11277 0.0491207 0.143698 0.079622 0.00187672 0.00187672 0.00187672 0.00187672 0.00187672 0.00187672 0.00187672 0.00187672 0.00187672 0.00187672 0.00187672 0.00187672 0.00187672 0.00187672 0.00187672 0.00187672 0.00187672 0.00187672 0.00187672 0.00187672 0.101037 0.0720868 0.0835804 0.0788045 0.0286698 0.0717698 0.232915 0.524195 0.730135 5.50012 0 1 0 0 0 0 0 0 0 0 0 0.0390625 0.28125 0.539063 0.859375 0.65625 0.59375 0.5625 0.617188 1 0 0 0 0 0 0 0.196226 0.449057 0.841509 1 
0.201056 0.146222 0.0887889 0.0678464 0.136283 0.0413482 0.0431088 0.0226909 0.00187672 0.00187672 0.00187672 0.00187672 0.00187672 0.00187672 0.00187672 0.00187672 0.00187672 0.00187672 0.00187672 0.00187672 0.00187672 0.00187672 0.00187672 0.00187672 0.00187672 0.00187672 0.00187672 0.00187672 0.103664 0.0623601 0.0213853 0.0582296 0.0515986 0.0548687 0.368157 0.170768 1.41552 3.34004 8.87311e-005 1 0.00204082 0 0 0 0 0 0 0 0 0 0.011166 0.0334981 0.0267252 0.0408201 0.0933553 0.218378 0.641589 1 0 0 0 0.000134318 0.00402955 0.0492948 0.129214 0.315379 1 0.0189389 
0.344863 0.294116 0.233504 0.239539 0.115875 0.138836 0.170161 0.132127 0.00187672 0.00187672 0.00187672 0.00187672 0.00187672 0.00187672 0.00187672 0.00187672 0.00187672 0.00187672 0.00187672 0.00187672 0.00187672 0.00187672 0.00187672 0.00187672 0.00187672 0.00187672 0.00187672 0.00187672 0.219547 0.278564 0.398453 0.435112 0.222363 0.249396 0.74801 1.42053 3.34087 10.941 1 0.761655 0.0349088 0.00640263 0.00916959 0.00852611 0.0134809 0.0232296 0.0175992 0.12432 1 0.235518 0.00600504 0.00160135 0.000660555 6.00504e-005 0 0 0 0 0 0 0 4.31779e-005 0.00112263 0.00829016 0.326813 1 0.756908 0.589896 
0.527021 0.159416 0.171045 0.262942 0.179041 0.0761341 0.0559484 0.0300025 0.00187672 0.00187672 0.00187672 0.00187672 0.00187672 0.00187672 0.00187672 0.00187672 0.00187672 0.00187672 0.00187672 0.00187672 0.00187672 0.00187672 0.00187672 0.00187672 0.00187672 0.00187672 0.00187672 0.00187672 0.0365245 0.0492695 0.0801845 0.048796 0.0581592 0.131105 0.199185 0.448902 0.881034 2.26799 0.00625624 1 0.190882 0.0274875 0.00592346 0.00778702 0.0420632 0.00618968 0.000266223 0.000266223 0.024518 0.0494552 0.095767 0.178541 0.284367 0.471081 0.833613 1 0.699497 0.135583 0.395169 0.18252 0.171813 0.185259 0.203685 0.561504 1 0.935508 0.888446 0.291584 
3.42298 1.19111 0.338831 0.466224 0.438416 0.295341 0.219273 0.550922 0.00187672 0.00187672 0.00187672 0.00187672 0.00187672 0.00187672 0.00187672 0.00187672 0.00187672 0.00187672 0.00187672 0.00187672 0.00187672 0.00187672 0.00187672 0.00187672 0.00187672 0.00187672 0.00187672 0.00187672 0.16622 0.621398 0.868049 1.10512 2.10321 1.11443 2.24009 3.14656 2.20154 14.2112 1 0.678685 0.0730613 0.0404554 0.00612439 0.000517554 0.00103511 0.00120763 0.00439921 0.26102 0.0369777 0.047863 0.0902833 0.147431 0.20922 0.343685 0.629102 1 0.824076 0.293261 0.0881251 0.150694 0.104649 0.142763 0.363296 0.618418 0.930822 1 0.988544 0.890725 
2.73521 2.58517 0.629244 0.325914 0.0963888 0.395718 0.404387 0.423223 0.00187672 0.00187672 0.00187672 0.00187672 0.00187672 0.00187672 0.00187672 0.00187672 0.00187672 0.00187672 0.00187672 0.00187672 0.00187672 0.00187672 0.00187672 0.00187672 0.00187672 0.00187672 0.00187672 0.00187672 0.153482 0.196345 0.4528 0.122576 0.447587 0.402343 0.829031 1.16456 2.33236 25.7927 0.026966 1 0.00252391 0.000132837 0.000398512 0 0.0010627 0.00717322 0.00491498 0.00664187 0.0387662 0.0650271 0.0958733 0.119633 0.162568 0.195081 0.284702 0.363068 0.586078 1 0.0229983 0.209966 0.204855 0.243186 0.256814 0.28109 0.28109 0.298552 0.567291 1 
0.0756181 0.48978 0.308283 0.195451 0.24951 0.58423 0.381562 0.372435 0.00187672 0.00187672 0.00187672 0.00187672 0.00187672 0.00187672 0.00187672 0.00187672 0.00187672 0.00187672 0.00187672 0.00187672 0.00187672 0.00187672 0.00187672 0.00187672 0.00187672 0.00187672 0.00187672 0.00187672 0.42123 0.446393 0.279107 0.362208 0.191081 0.392427 0.174435 1.34001 1.15252 25.2193 0.00447141 1 0.000638774 0 0 0 0 0.000638774 0.00159693 0.00159693 0.0259046 0.0304276 0.0197368 0.0328947 0.138158 1 0.0505757 0.00123355 0 0 0 0 0.0305577 0.145149 0.346066 0.788388 1 0.0741024 0.0290298 0 
0.246291 0.159519 0.122979 0.100017 0.0564667 0.0731536 0.0658806 0.0490968 0.00187672 0.00187672 0.00187672 0.00187672 0.00187672 0.00187672 0.00187672 0.00187672 0.00187672 0.00187672 0.00187672 0.00187672 0.00187672 0.00187672 0.00187672 0.00187672 0.00187672 0.00187672 0.00187672 0.00187672 0.0568108 0.0227447 0.0735506 0.10254 0.083316 0.143293 0.183178 0.237594 0.88039 1.62328 0.11754 0.214167 1 0.266091 0.0417018 0.0291663 0.0204758 0.00362625 6.25215e-005 0.00343868 0.790843 1 0.414564 0.00693114 0 0 0 0 0 0 0 0 4.29553e-005 0.000687285 0.0431271 0.667397 1 0.434107 0.15146 0.0340206 
1.30712 0.69193 0.24747 0.280279 0.293447 0.98143 0.701476 0.594705 0.00187672 0.00187672 0.00187672 0.00187672 0.00187672 0.00187672 0.00187672 0.00187672 0.00187672 0.00187672 0.00187672 0.00187672 0.00187672 0.00187672 0.00187672 0.00187672 0.00187672 0.00187672 0.00187672 0.00187672 0.768753 0.869624 0.19641 0.22423 0.0979833 0.438747 1.19676 1.09161 2.57808 34.9263 0.00655548 1 0.00144606 0.000385616 0 9.64041e-005 0.000964041 0.00115685 0.00144606 0.00221729 0.0335209 0.0191548 0.0171196 0.0225069 0.128217 1 0.0386687 0.000359152 0 0 0 0 0.0392515 0.131219 0.340027 0.817663 1 0.056367 0.0162026 0.000228206 
0.752169 1.64133 0.626808 0.548891 0.679272 2.38952 1.13564 0.835807 0.00187672 0.00187672 0.00187672 0.00187672 0.00187672 0.00187672 0.00187672 0.00187672 0.00187672 0.00187672 0.00187672 0.00187672 0.00187672 0.00187672 0.00187672 0.00187672 0.00187672 0.00187672 0.00187672 0.00187672 1.28653 1.93332 0.518369 0.334346 0.901524 0.583264 0.573248 1.5681 2.82111 53.0498 0 0.000128938 1 0.00717755 0.000558731 0.000128938 4.29793e-005 0 0 0 0.00207699 0.00893104 0.0251315 0.0593326 0.0558017 0.0717945 0.232761 1 0.128981 0.0222238 0 0.00107207 0.0446694 0.170935 0.632877 1 0.930435 0.0138177 0 0 
0.784959 0.831539 0.150475 0.200772 0.25027 2.05041 0.275622 0.186105 0.00187672 0.00187672 0.00187672 0.00187672 0.00187672 0.00187672 0.00187672 0.00187672 0.00187672 0.00187672 0.00187672 0.00187672 0.00187672 0.00187672 0.00187672 0.00187672 0.00187672 0.00187672 0.00187672 0.00187672 0.317277 1.92593 0.201916 0.168232 0.192464 0.79827 0.699201 0.684115 0.906959 42.2574 0.0037677 1 0.00363778 0 0.000259842 0.000129921 0.000909445 0.000649604 0.000129921 0.000779525 0.0380382 0.0220136 0.0210424 0.0220136 0.0916154 1 0.0637747 0.000161865 0 0 0 0 0.0344037 0.153997 0.338794 0.851573 1 0.140564 0.0278506 0.000655308 
3.61091 0.412202 0.181037 0.263002 0.0333961 0.0847364 0.647479 0.375912 0.00187672 0.00187672 0.00187672 0.00187672 0.00187672 0.00187672 0.00187672 0.00187672 0.00187672 0.00187672 0.00187672 0.00187672 0.00187672 0.00187672 0.00187672 0.00187672 0.00187672 0.00187672 0.00187672 0.00187672 0.522666 0.430874 0.325605 0.759549 0.396379 1.06841 0.702756 1.76988 4.40942 7.7518 0.150454 0.261197 0.00959484 0.0061278 0.00649063 0.00524088 1 0.0214473 0.00665188 0.0114493 0.184422 0.0113534 0.0190352 0.0228197 0.0330434 0.0496498 0.0891324 0.0967578 0.131326 1 0.396057 0.0285108 0.0263876 0.0860783 1 0.319624 0.00928116 0.0145587 0.0469518 0.297483 
0.274287 0.255312 0.513841 0.700733 0.858456 1.01024 0.980946 0.721473 0.00187672 0.00187672 0.00187672 0.00187672 0.00187672 0.00187672 0.00187672 0.00187672 0.00187672 0.00187672 0.00187672 0.00187672 0.00187672 0.00187672 0.00187672 0.00187672 0.00187672 0.00187672 0.00187672 0.00187672 1.12206 1.38449 0.833155 0.714271 0.633174 0.510915 0.511324 1.44291 1.02549 66.7966 0 1 0.268312 0.000811312 0 0 0 0 0 0 0.0361659 0.162999 0.267704 0.538189 1 0.764036 0.000252908 0 0 0 0 0 0 0 0.000363394 0.00163527 0.00551148 0.0436073 0.275271 1 
0.703331 0.633301 0.868528 0.215584 0.529916 0.514658 0.0891108 0.144105 0.00187672 0.00187672 0.00187672 0.00187672 0.00187672 0.00187672 0.00187672 0.00187672 0.00187672 0.00187672 0.00187672 0.00187672 0.00187672 0.00187672 0.00187672 0.00187672 0.00187672 0.00187672 0.00187672 0.00187672 0.0806217 0.225466 0.0499669 0.324105 0.580259 0.138399 1.22394 1.95323 1.93754 7.85054 0.0510991 1 0.0119091 0.00314779 0.00209853 0.00283301 0.0147946 0.00965322 0.0024133 0.195006 0.0175567 0.0273592 0.0360644 0.0719824 0.30417 1 0.30417 0.0192392 0.00504755 0.00314557 0.0310983 0.0401901 0.0253125 0.016324 0.0200434 0.136481 0.303337 0.45139 1 0.522058 
0.445416 0.480312 0.213993 0.219882 0.143819 0.0833632 0.0549745 0.0297578 0.00187672 0.00187672 0.00187672 0.00187672 0.00187672 0.00187672 0.00187672 0.00187672 0.00187672 0.00187672 0.00187672 0.00187672 0.00187672 0.00187672 0.00187672 0.00187672 0.00187672 0.00187672 0.00187672 0.00187672 0.021634 0.049439 0.107351 0.121393 0.16449 0.0690867 0.298718 0.532344 1.0299 9.18931 0.000320564 1 0.582625 0 0 0 0 0 0 0 0.0276382 0.0306533 0.039531 0.0453936 0.0489112 0.104355 0.271357 1 0.0805695 0.00569514 0 0 0 0 0.00783015 0.0945641 0.110224 0.126939 0.147568 1 
0.183837 0.116778 0.226472 0.241708 0.126974 0.0215956 0.0516974 0.0189416 0.00187672 0.00187672 0.00187672 0.00187672 0.00187672 0.00187672 0.00187672 0.00187672 0.00187672 0.00187672 0.00187672 0.00187672 0.00187672 0.00187672 0.00187672 0.00187672 0.00187672 0.00187672 0.00187672 0.00187672 0.0793338 0.124533 0.0879183 0.0519041 0.0554183 0.255859 0.0511631 0.66771 1.9325 4.12028 0.00112002 1 0.00389767 8.96017e-005 0 0.0202052 0.301779 0.000582411 0.000134403 0 0.00773714 0.0142685 0.0365756 0.244373 0.304763 0.147006 0.251005 0.626407 1 0.320036 0 0 8.16993e-005 0.00130719 0.0163399 0.0868464 0.305556 0.39281 0.618464 1 
0.21561 0.172167 0.24304 0.136692 0.16402 0.219041 0.0562981 0.14058 0.00187672 0.00187672 0.00187672 0.00187672 0.00187672 0.00187672 0.00187672 0.00187672 0.00187672 0.00187672 0.00187672 0.00187672 0.00187672 0.00187672 0.00187672 0.00187672 0.00187672 0.00187672 0.00187672 0.00187672 0.227526 0.0785801 0.162728 0.201097 0.202616 0.140285 0.0931153 0.236667 2.98839 14.2356 0.000256888 1 0.683129 0 0 0 0 0 0 0 0.00101801 0.030462 0.0693814 0.0451057 0.0675803 0.163821 1 0.671809 0.00336727 7.83085e-005 0 0 0 0 8.82068e-005 0.0436623 0.290818 0.91144 1 0.0660669 
0.369271 0.400457 0.19648 0.0728207 0.169447 0.0546215 0.0906191 0.0804055 0.00187672 0.00187672 0.00187672 0.00187672 0.00187672 0.00187672 0.00187672 0.00187672 0.00187672 0.00187672 0.00187672 0.00187672 0.00187672 0.00187672 0.00187672 0.00187672 0.00187672 0.00187672 0.00187672 0.00187672 0.0942397 0.0597106 0.125521 0.0293506 0.219641 0.0599159 0.281128 0.384819 0.492461 2.86053 0.0410714 1 0.00875 0.0025 0.00178571 0.00375 0.0107143 0.12125 0.0208929 0.0141071 0.250174 0.202919 0.236275 0.289785 0.33148 0.487144 0.517026 0.482279 0.576789 1 0.0313418 0.0871694 0.128795 0.267385 0.274241 0.374633 0.364838 0.400588 0.429971 1 
0.220437 1.26162 1.14122 0.390947 0.389439 0.358753 0.0971283 0.110839 0.00187672 0.00187672 0.00187672 0.00187672 0.00187672 0.00187672 0.00187672 0.00187672 0.00187672 0.00187672 0.00187672 0.00187672 0.00187672 0.00187672 0.00187672 0.00187672 0.00187672 0.00187672 0.00187672 0.00187672 0.260953 0.211805 0.0813464 0.327186 0.415125 0.412206 0.981716 1.40861 3.06732 5.31452 0.000741249 1 0.0110364 0 2.74537e-005 5.49073e-005 0.191929 0.0610844 0.000384351 0.000329444 0.820449 0.0110056 0.0074554 0.0210349 0.0614183 0.176622 0.424159 0.612142 1 0.875743 0 0 0.00131521 0.145463 0.710302 0.724244 0.503814 0.400438 0.556423 1 
0.374894 0.658362 0.500709 0.567018 0.0474595 0.141053 0.0533261 0.197381 0.00187672 0.00187672 0.00187672 0.00187672 0.00187672 0.00187672 0.00187672 0.00187672 0.00187672 0.00187672 0.00187672 0.00187672 0.00187672 0.00187672 0.00187672 0.00187672 0.00187672 0.00187672 0.00187672 0.00187672 0.13003 0.0819755 0.0640809 0.406196 0.189643 0.218461 0.0720779 0.787248 1.44762 8.28682 0 1 0.159723 0.0349179 0.00276577 0.00155575 0.000518583 0 0 0 0.00626305 0.0153097 0.0354906 0.0862909 0.164231 0.375783 0.862909 1 0.835769 0.924148 0.159901 0.0840099 0.0377691 0.0356513 0.0370632 0.062125 0.116484 0.683022 1 0.233322 
0.196192 0.249003 0.394048 0.225757 0.225477 0.107738 0.0551982 0.0222973 0.00187672 0.00187672 0.00187672 0.00187672 0.00187672 0.00187672 0.00187672 0.00187672 0.00187672 0.00187672 0.00187672 0.00187672 0.00187672 0.00187672 0.00187672 0.00187672 0.00187672 0.00187672 0.00187672 0.00187672 0.0212078 0.112995 0.119677 0.0980938 0.32702 0.133259 0.14547 0.449951 1.39277 2.72196 0.0270145 0.593208 1 0.110883 0.0300401 0.011238 0.00625193 0.0171504 0.0052331 0.00447669 0.212164 0.261612 0.412377 0.559125 0.619799 0.7515 1 0.983743 0.52095 0.220921 0.0182241 0.0148924 0.0824502 0.305435 0.460421 0.687179 0.799855 1 0.993377 0.333092 
1.51169 1.27245 0.72995 0.537566 0.161382 0.190426 0.114401 0.204393 0.00187672 0.00187672 0.00187672 0.00187672 0.00187672 0.00187672 0.00187672 0.00187672 0.00187672 0.00187672 0.00187672 0.00187672 0.00187672 0.00187672 0.00187672 0.00187672 0.00187672 0.00187672 0.00187672 0.00187672 0.153672 0.00845325 0.0467467 0.296993 0.41075 0.69258 0.590561 1.2162 4.77849 5.89664 0 0.47155 1 0.12889 0.111914 0 0 0 0 0 0 0 0.00894521 0.119642 0.624301 1 0.982855 0.680954 0.417443 0.194186 0 0 0 0.000339155 0.0781753 0.119044 0.0942852 0.356452 1 0.199084 
0.0653112 0.0871777 0.0965364 0.142699 0.0893317 0.0743416 0.0912755 0.0267566 0.00187672 0.00187672 0.00187672 0.00187672 0.00187672 0.00187672 0.00187672 0.00187672 0.00187672 0.00187672 0.00187672 0.00187672 0.00187672 0.00187672 0.00187672 0.00187672 0.00187672 0.00187672 0.00187672 0.00187672 0.0270253 0.033304 0.0128631 0.149047 0.0803953 0.0202936 0.128281 0.334426 0.750841 2.38677 0.000872347 1 0.00872347 0 0 0 0 0 0 0 0 0 0 0 0 0.0108225 0.103896 0.220779 0.481061 1 0 0 0 0 0.000724638 0.0521739 0.364493 0.593478 0.505072 1 
0.786245 0.629781 0.351466 0.06278 0.0971249 0.0799285 0.0960674 0.110671 0.00187672 0.00187672 0.00187672 0.00187672 0.00187672 0.00187672 0.00187672 0.00187672 0.00187672 0.00187672 0.00187672 0.00187672 0.00187672 0.00187672 0.00187672 0.00187672 0.00187672 0.00187672 0.00187672 0.00187672 0.029306 0.0716939 0.116223 0.176975 0.151092 0.130223 0.183654 0.339902 3.8421 4.48976 0.000592803 1 0 0 0 0 0 0 0 0 0 0 0.00113101 0.0316682 0.0772856 0.124222 0.170594 1 0.146183 0.00970782 0.000290023 0.00744393 0.0198183 0.0159513 0.0147912 0.0156613 0.0201083 0.167343 1 0.37036 
0.416643 0.0782813 0.0730031 0.0890339 0.0841018 0.0847323 0.0313636 0.0286633 0.00187672 0.00187672 0.00187672 0.00187672 0.00187672 0.00187672 0.00187672 0.00187672 0.00187672 0.00187672 0.00187672 0.00187672 0.00187672 0.00187672 0.00187672 0.00187672 0.00187672 0.00187672 0.00187672 0.00187672 0.0522796 0.0383475 0.0771537 0.0330062 0.0694331 0.0742485 0.203583 0.29675 0.0596096 1.67751 1 0.394167 0.0771402 0.0649106 0.0686736 0.403575 0.273754 0.0940734 0.0263405 0.0686736 0.0233918 0.160819 0.586257 1 0.880117 0.603801 0.366959 0.146199 0.0540936 0.0131579 0.333969 1 0.787214 0.31584 0.0667939 0.0028626 0 0 0 0 
0.421042 0.552391 0.278737 0.23998 0.151759 0.0315244 0.0988814 0.054431 0.00187672 0.00187672 0.00187672 0.00187672 0.00187672 0.00187672 0.00187672 0.00187672 0.00187672 0.00187672 0.00187672 0.00187672 0.00187672 0.00187672 0.00187672 0.00187672 0.00187672 0.00187672 0.00187672 0.00187672 0.0914807 0.241447 0.248874 0.268243 0.198857 0.257632 0.1329 0.852196 0.849178 7.07514 0 0.000405351 1 0 0 0 0 0 0 0 0 0.000247862 0.0164828 0.0496964 0.0534143 0.0742347 0.251084 1 0.326063 0.0412691 0.000155255 0.0104021 0.0616364 0.174197 0.262847 0.784661 1 0.00512343 0 0 
0.691009 0.68541 0.257317 0.0440579 0.05865 0.188386 0.336094 0.315082 0.00187672 0.00187672 0.00187672 0.00187672 0.00187672 0.00187672 0.00187672 0.00187672 0.00187672 0.00187672 0.00187672 0.00187672 0.00187672 0.00187672 0.00187672 0.00187672 0.00187672 0.00187672 0.00187672 0.00187672 0.205957 0.131686 0.0992822 0.12851 0.0954185 0.43107 0.345389 0.559215 0.798386 18.6146 0.0342245 1 0.000930411 0.000118582 0.000191555 0.000282772 0.00165102 0.011019 0.0350455 0.0294356 0.126005 0.018269 0.00749132 0.00666463 0.00673607 0.00982854 0.014554 0.0174525 0.0356195 1 2.78456e-005 0.000111382 0.000157792 0.000436248 0.00222765 0.00403761 0.00992231 0.0329042 0.0826179 1 
0.777576 0.455215 0.546976 0.189763 0.385927 0.114844 0.14452 0.183655 0.00187672 0.00187672 0.00187672 0.00187672 0.00187672 0.00187672 0.00187672 0.00187672 0.00187672 0.00187672 0.00187672 0.00187672 0.00187672 0.00187672 0.00187672 0.00187672 0.00187672 0.00187672 0.00187672 0.00187672 0.0715126 0.347186 0.0648494 0.211449 0.08666 0.410931 0.28 0.897663 1.96467 9.774 0 0.00632721 1 0 0 0 0 0 0 0 0 0 0.00644884 0.0417025 0.0430997 0.0842648 0.306105 1 0.231513 0.0490112 0 0.0313949 0.234303 0.342183 0.33839 0.577539 0.993257 1 0.00168563 0 
0.257675 1.11007 0.32799 0.176234 0.548774 0.796863 0.211264 0.366794 0.00187672 0.00187672 0.00187672 0.00187672 0.00187672 0.00187672 0.00187672 0.00187672 0.00187672 0.00187672 0.00187672 0.00187672 0.00187672 0.00187672 0.00187672 0.00187672 0.00187672 0.00187672 0.00187672 0.00187672 0.268436 0.682648 0.631835 0.448729 0.294303 0.968298 0.811672 0.819144 1.03267 31.9285 0.00636032 1 0.768956 0.0481669 0.0345887 0.0441649 0.066033 0.0167941 0.00636032 0.00514543 0.137549 0.143392 0.257417 0.286785 0.584507 0.803566 0.784537 1 0.188193 0.000149835 0 0 0.00131847 0.136042 0.159056 0.219705 0.464821 0.639219 1 0.728515 
0.662568 0.496362 0.496115 0.334343 0.181896 0.157018 0.263709 0.130819 0.00187672 0.00187672 0.00187672 0.00187672 0.00187672 0.00187672 0.00187672 0.00187672 0.00187672 0.00187672 0.00187672 0.00187672 0.00187672 0.00187672 0.00187672 0.00187672 0.00187672 0.00187672 0.00187672 0.00187672 0.0845373 0.0686817 0.118178 0.0687708 0.103534 0.0568185 0.2202 0.938876 3.68959 6.2059 0.0261994 1 0.00503166 0 0.00060727 8.67528e-005 0.000520517 0.000347011 0.000173506 0.000347011 0.000769941 0.00600554 0.0194025 0.02664 0.0514321 0.0716046 0.0826917 0.107484 0.40114 1 0.117223 0.449165 0.452959 0.628225 0.469272 0.325114 0.319423 0.353566 0.403642 1 
0.168142 1.37597 0.323345 0.285703 0.155703 2.29354 0.177016 0.380833 0.00187672 0.00187672 0.00187672 0.00187672 0.00187672 0.00187672 0.00187672 0.00187672 0.00187672 0.00187672 0.00187672 0.00187672 0.00187672 0.00187672 0.00187672 0.00187672 0.00187672 0.00187672 0.00187672 0.00187672 0.221137 2.14126 0.175634 0.396428 0.316564 1.11851 0.150478 1.01687 0.405834 47.6156 0 0 1 0.00230106 0.000125513 0 0 0 0 0 0.000399441 0.00392783 0.0337527 0.0599827 0.0545237 0.069769 0.240863 1 0.10472 0.0179748 0 0.000760167 0.017959 0.105188 0.457811 1 0.585044 0.109939 0 0 
0.208917 0.135078 0.141899 0.400985 0.175397 0.206108 0.0873358 0.0498507 0.00187672 0.00187672 0.00187672 0.00187672 0.00187672 0.00187672 0.00187672 0.00187672 0.00187672 0.00187672 0.00187672 0.00187672 0.00187672 0.00187672 0.00187672 0.00187672 0.00187672 0.00187672 0.00187672 0.00187672 0.0581326 0.206621 0.239583 0.0266648 0.399803 1.11298 0.313486 1.70384 0.929556 7.78864 0.202296 1 0.158282 0 0 0 0 0 0 0 0 0 0 0.00108909 0.0734045 0.467218 0.583097 0.5758 0.497168 1 0 0.0335363 0.72968 0.351599 0.0351793 0.00947134 0.00976128 0.018846 0.653136 1 
0.65549 0.313664 0.129254 0.11102 0.199285 0.182141 0.096172 0.175197 0.00187672 0.00187672 0.00187672 0.00187672 0.00187672 0.00187672 0.00187672 0.00187672 0.00187672 0.00187672 0.00187672 0.00187672 0.00187672 0.00187672 0.00187672 0.00187672 0.00187672 0.00187672 0.00187672 0.00187672 0.109861 0.238779 0.115583 0.187587 0.090405 0.418135 0.438226 0.364933 0.514661 2.42892 0.582655 0 0 0 0 0 0.0287494 0.66459 0.0555822 1 0.0105105 0.0803303 0.18994 0.198949 0.374625 0.586336 0.444444 0.457958 1 0.275526 0.00152788 0.106188 0.333079 0.338426 0.256684 0.353705 0.449962 1 0.683728 0.194041 
0.0816358 0.448278 0.357683 0.502961 0.486694 0.712392 0.298764 0.165203 0.00187672 0.00187672 0.00187672 0.00187672 0.00187672 0.00187672 0.00187672 0.00187672 0.00187672 0.00187672 0.00187672 0.00187672 0.00187672 0.00187672 0.00187672 0.00187672 0.00187672 0.00187672 0.00187672 0.00187672 0.302269 0.675438 0.568735 0.589238 0.349422 0.530052 0.24 0.736616 0.744781 30.3436 0.0673759 0.0159574 0.00106383 0 0 0.176596 1 0.0400709 0.0258865 0.689007 0.244405 0.280215 0.359893 0.462847 0.388541 0.421665 0.508505 0.760967 1 0.641898 0.000652742 1 0.810052 0.578982 0.89295 0.214752 0.157963 0.055483 0 0 
1.48704 1.07673 1.24623 0.438576 0.617441 0.356226 0.580205 0.0149962 0.00187672 0.00187672 0.00187672 0.00187672 0.00187672 0.00187672 0.00187672 0.00187672 0.00187672 0.00187672 0.00187672 0.00187672 0.00187672 0.00187672 0.00187672 0.00187672 0.00187672 0.00187672 0.00187672 0.00187672 0.38519 0.327018 1.11153 0.492673 0.110853 0.902747 0.8456 0.46784 3.79664 16.3106 0.0103455 1 0.0583642 0.0234238 0.0204958 0.023619 0.0435292 0.0181534 0.00370876 0.00351357 0.77356 0.602094 0.628272 0.764398 0.962042 0.840314 0.722513 0.706806 0.767016 1 0 0.00560224 0.115546 0.19958 0.269608 0.527311 0.630952 0.579132 1 0.995798 
0.607043 0.530763 0.496991 0.0869517 0.243602 0.106966 0.132068 0.137251 0.00187672 0.00187672 0.00187672 0.00187672 0.00187672 0.00187672 0.00187672 0.00187672 0.00187672 0.00187672 0.00187672 0.00187672 0.00187672 0.00187672 0.00187672 0.00187672 0.00187672 0.00187672 0.00187672 0.00187672 0.175971 0.0487637 0.102666 0.293383 0.36745 0.679959 0.920023 0.573989 0.658166 11.1961 0.389775 1 0.269581 0.0216463 0.00455711 0.000427229 0 0 0 0 1 0.100547 0.0273598 0.0902873 0.345417 0.685705 0.454856 0.475376 0.597469 0.23632 0 0 0.00170104 0.0346587 0.052307 0.0810121 0.169892 0.235382 1 0.942377 
0.452246 2.14623 0.0926451 0.253763 0.280285 3.66385 0.342045 0.486411 0.00187672 0.00187672 0.00187672 0.00187672 0.00187672 0.00187672 0.00187672 0.00187672 0.00187672 0.00187672 0.00187672 0.00187672 0.00187672 0.00187672 0.00187672 0.00187672 0.00187672 0.00187672 0.00187672 0.00187672 0.34985 3.3886 0.302441 0.339038 0.105868 1.68245 0.418516 1.01018 0.640532 72.2318 0 0 1 0.0101593 8.43099e-005 4.2155e-005 0 0 0 0 0.000220799 0.00559358 0.0331935 0.0708766 0.0673438 0.0949437 0.344521 1 0.109443 0.0255391 0 0.00524965 0.0673122 0.205086 0.565212 1 0.919389 0.0335978 0 0 
1.06932 2.14045 1.38193 1.3954 1.66363 0.593468 1.53896 0.407946 0.00187672 0.00187672 0.00187672 0.00187672 0.00187672 0.00187672 0.00187672 0.00187672 0.00187672 0.00187672 0.00187672 0.00187672 0.00187672 0.00187672 0.00187672 0.00187672 0.00187672 0.00187672 0.00187672 0.00187672 1.7642 0.516763 1.03123 1.27929 0.398105 0.95852 2.18623 0.981035 7.31312 65.0066 0 1 0.0108728 0 0 0 0 0 0 0 0 0 0.017308 0.0510035 0.0637083 0.0922482 0.178236 1 0.475419 0.00515559 0 0 0 0 0.00928793 0.383591 0.673994 0.5613 0.538081 1 
0.346866 0.279541 0.215544 0.11863 0.0513662 0.0372874 0.0922541 0.107031 0.00187672 0.00187672 0.00187672 0.00187672 0.00187672 0.00187672 0.00187672 0.00187672 0.00187672 0.00187672 0.00187672 0.00187672 0.00187672 0.00187672 0.00187672 0.00187672 0.00187672 0.00187672 0.00187672 0.00187672 0.0238861 0.0213002 0.0336286 0.0770971 0.145798 0.0988024 0.327027 0.297095 0.477275 4.78548 0.232984 0.0944374 0.0302891 0.00633422 0.00552804 0.0881032 1 0.0203847 0.0717494 0.00506737 1 0.0503656 0.0613323 0.0808286 0.0962632 0.297522 0.847076 0.180341 0.0714866 0.0371649 0.00387522 0.017826 0.0424336 0.1025 0.195505 0.293935 0.341407 0.471033 0.147452 1 
0.192991 0.569313 0.308721 0.117247 0.289468 0.475206 0.837338 0.449241 0.00187672 0.00187672 0.00187672 0.00187672 0.00187672 0.00187672 0.00187672 0.00187672 0.00187672 0.00187672 0.00187672 0.00187672 0.00187672 0.00187672 0.00187672 0.00187672 0.00187672 0.00187672 0.00187672 0.00187672 0.684161 0.17933 0.237335 0.257099 0.348962 1.07132 0.879706 0.952698 3.9142 26.7454 0 0.99343 1 0.0276865 0.0145472 0.0229939 0.00140779 0 0 0 0.0762756 0.0494477 0.0468175 0.0394529 0.334035 1 0.56707 0.141504 0.0499737 0.00473435 0 0 0 0.000398406 0.0167331 0.0717131 0.142629 0.221116 0.296414 1 
0.136332 0.0469066 0.0405349 0.0604899 0.0875265 0.0369041 0.0696012 0.0557417 0.00187672 0.00187672 0.00187672 0.00187672 0.00187672 0.00187672 0.00187672 0.00187672 0.00187672 0.00187672 0.00187672 0.00187672 0.00187672 0.00187672 0.00187672 0.00187672 0.00187672 0.00187672 0.00187672 0.00187672 0.026271 0.0151492 0.0383273 0.0391777 0.0515513 0.336504 0.216546 0.234086 1.13959 2.67047 7.76056e-005 1 0 0 0 0 0 0 0 0 0 8.10734e-005 0.00458065 0.0258219 0.0237545 0.0140662 0.0114314 0.0152418 0.0358344 1 0 0 0 0.000278629 0.0419337 0.29061 0.446851 0.810114 1 0.103162 
2.31426 3.16142 0.965749 2.05039 0.2075 1.13325 0.899409 0.295084 0.00187672 0.00187672 0.00187672 0.00187672 0.00187672 0.00187672 0.00187672 0.00187672 0.00187672 0.00187672 0.00187672 0.00187672 0.00187672 0.00187672 0.00187672 0.00187672 0.00187672 0.00187672 0.00187672 0.00187672 0.153539 0.685472 0.709597 1.0895 1.01024 0.683567 0.858575 1.1823 2.75091 35.4008 0.00403035 1 0.136083 0.00379327 0.00355619 0.0125652 0.0308203 0.00616406 0.00237079 0.00142248 0.195084 0.159754 0.149002 0.218126 0.246544 0.271121 0.370968 0.465438 0.549923 1 0.00834725 0.0350584 0.0976628 0.219533 0.396494 0.503339 0.651085 0.696995 1 0.619366 
0.365287 0.0489929 0.046756 0.0724579 0.108827 0.0468035 0.0288923 0.0144326 0.00187672 0.00187672 0.00187672 0.00187672 0.00187672 0.00187672 0.00187672 0.00187672 0.00187672 0.00187672 0.00187672 0.00187672 0.00187672 0.00187672 0.00187672 0.00187672 0.00187672 0.00187672 0.00187672 0.00187672 0.0284467 0.0409389 0.0797343 0.0755594 0.0289715 0.0753403 0.187428 0.145173 0.476061 2.621 0.000882531 1 0 0 0 0 0 0 0 0 0 0 0 0.0010101 0.0455808 0.406313 0.394823 0.322096 0.346086 1 0 0 0 0 0.0430811 0.596592 0.797682 1 0.500341 0 
0.783146 0.430544 0.157566 0.0583925 0.0163148 0.047949 0.0416495 0.0528807 0.00187672 0.00187672 0.00187672 0.00187672 0.00187672 0.00187672 0.00187672 0.00187672 0.00187672 0.00187672 0.00187672 0.00187672 0.00187672 0.00187672 0.00187672 0.00187672 0.00187672 0.00187672 0.00187672 0.00187672 0.0159685 0.0228269 0.0451051 0.122549 0.131922 0.13464 0.0591442 0.478548 0.646898 3.81692 0 1 0.617238 0 0 0 0 0 0 0 0 0.00123946 0.0123946 0.0530491 0.163609 0.533961 1 0.908775 0.325483 0.027764 0 0 0 0 0.0956433 0.825732 1 0.760381 0.931926 0.543907 
1.15191 0.849263 0.380695 0.293536 0.275751 0.05099 0.3151 0.306815 0.00187672 0.00187672 0.00187672 0.00187672 0.00187672 0.00187672 0.00187672 0.00187672 0.00187672 0.00187672 0.00187672 0.00187672 0.00187672 0.00187672 0.00187672 0.00187672 0.00187672 0.00187672 0.00187672 0.00187672 0.161309 0.389749 0.17484 0.343885 0.127729 0.159512 0.67544 1.113 2.65068 15.7669 0.0943886 0.258352 1 0.0757379 0.057736 0.0462212 0.491891 0.12423 0.0421667 0.0449238 0.0142236 0.102331 0.232714 0.421573 0.879099 1 0.830107 0.813908 0.553536 0.406954 0.185673 0.322096 0.312088 0.373979 0.210166 0.233079 0.258362 0.400053 0.335001 1 
0.574632 0.20962 0.658917 0.0507879 0.279185 0.184256 0.160476 0.179958 0.00187672 0.00187672 0.00187672 0.00187672 0.00187672 0.00187672 0.00187672 0.00187672 0.00187672 0.00187672 0.00187672 0.00187672 0.00187672 0.00187672 0.00187672 0.00187672 0.00187672 0.00187672 0.00187672 0.00187672 0.176963 0.368141 0.243581 0.312518 0.407617 0.129334 0.636391 0.562114 1.72574 5.78917 0.00204556 1 0.0680614 0.0438401 0.14463 0.00148768 0 0 0 0 0 0.00921427 0.0209415 0.0541129 0.189479 0.54783 0.77735 1 0.914056 0.832468 0 0 0 0.0145036 0.147129 0.750299 0.886065 0.625299 0.629336 1 
0.11101 0.135039 0.0465566 0.0200578 0.00709818 0.017612 0.0084254 0.0271282 0.00187672 0.00187672 0.00187672 0.00187672 0.00187672 0.00187672 0.00187672 0.00187672 0.00187672 0.00187672 0.00187672 0.00187672 0.00187672 0.00187672 0.00187672 0.00187672 0.00187672 0.00187672 0.00187672 0.00187672 0.0356596 0.0222373 0.0379527 0.0142965 0.0720211 0.0237898 0.039552 0.126997 0.317485 2.41578 0.00732428 1 0 0 0 0 0 0 0 0.000236267 0 0 0.00991832 0.0312135 0.0641774 0.135356 0.223746 0.329347 0.484247 1 0 0.00480954 0.00827241 0.0173144 0.0236629 0.037322 0.0538669 0.116391 0.379184 1 
7.18545 9.5982 22.4458 10.6849 4.20118 6.21479 3.87178 6.92457 0.00187672 0.00187672 0.00187672 0.00187672 0.00187672 0.00187672 0.00187672 0.00187672 0.00187672 0.00187672 0.00187672 0.00187672 0.00187672 0.00187672 0.00187672 0.00187672 0.00187672 0.00187672 0.00187672 0.00187672 2.80328 6.97815 3.70303 11.0619 2.86971 8.15875 21.0591 9.16288 6.7816 61.0825 1 0.0864732 0.00282592 0.00037679 9.41974e-005 0.000282592 0.000659382 0.000282592 0.000753579 0.00791258 0.00392876 0.0303824 0.288109 0.746202 0.149031 0.173651 0.271084 1 0.329754 0.0246202 0.0763072 0.214411 1 0.163873 0.0790593 0.243933 0.963973 0.076057 0.024018 0.0790593 
0.153846 0.805439 0.121785 0.328622 0.445021 1.48221 0.456824 0.58863 0.00187672 0.00187672 0.00187672 0.00187672 0.00187672 0.00187672 0.00187672 0.00187672 0.00187672 0.00187672 0.00187672 0.00187672 0.00187672 0.00187672 0.00187672 0.00187672 0.00187672 0.00187672 0.00187672 0.00187672 0.563047 1.37569 0.468614 0.270491 0.121544 0.76394 0.119162 0.909104 0.959064 37.2147 0.0105474 0.0936192 1 0.0271095 0.00915272 0.00627615 0.00915272 0.0027894 0.00156904 0.00287657 0.0180361 0.0681363 0.0851703 0.0827655 0.0953908 0.233267 1 0.906413 0.143687 0.0250501 0.0341626 0.0798366 0.250279 0.413665 0.397698 0.569254 0.66023 0.881545 1 0.668028 
0.614861 2.23283 0.999945 0.53975 0.331142 0.594536 0.515837 0.257779 0.00187672 0.00187672 0.00187672 0.00187672 0.00187672 0.00187672 0.00187672 0.00187672 0.00187672 0.00187672 0.00187672 0.00187672 0.00187672 0.00187672 0.00187672 0.00187672 0.00187672 0.00187672 0.00187672 0.00187672 0.324271 0.520906 0.0557357 0.504934 0.705227 0.988748 0.511684 0.765304 1.72602 11.6909 0.629502 0.530843 0.0312261 0.0116858 0.0143678 0.340421 1 0.0224138 0.0268199 0.205364 0.0308958 0.0306735 0.0531229 0.0929095 0.146477 0.231385 0.467882 0.87375 1 0.282063 0.00100125 0.0142678 0.065582 0.15995 0.330663 0.527159 0.699124 0.581227 1 0.29612 
0.69338 0.322751 0.0858158 0.109556 0.0481814 0.118331 0.0805922 0.0786365 0.00187672 0.00187672 0.00187672 0.00187672 0.00187672 0.00187672 0.00187672 0.00187672 0.00187672 0.00187672 0.00187672 0.00187672 0.00187672 0.00187672 0.00187672 0.00187672 0.00187672 0.00187672 0.00187672 0.00187672 0.110763 0.073454 0.104761 0.0133633 0.0459257 0.0912543 0.155689 0.48368 0.8117 4.31593 0.00556695 0.0175798 0.711984 0 0 0.00644594 1 0 0 0.960738 0 0 0.00298954 0.0125561 0.0547085 0.101943 0.181465 0.832586 1 0.56293 0 0 0.0973591 0.906977 0.363027 1 0.545526 0.490737 0.23177 0 
0.085765 0.602491 0.110426 0.0707851 0.140619 0.801575 0.164645 0.331883 0.00187672 0.00187672 0.00187672 0.00187672 0.00187672 0.00187672 0.00187672 0.00187672 0.00187672 0.00187672 0.00187672 0.00187672 0.00187672 0.00187672 0.00187672 0.00187672 0.00187672 0.00187672 0.00187672 0.00187672 0.0899453 0.601415 0.160791 0.152003 0.083275 0.83707 0.0155396 0.818501 0.55276 27.2702 1 0.0822002 0.0372297 0.00753604 0.0054882 0.173165 0.242996 0.0511959 0.0271134 0.173083 0.000252898 0.00143309 0.011844 0.0372603 0.063941 0.115279 0.173277 0.348114 1 0.10019 0.000128419 0.11455 0.170605 0.160652 0.228715 0.20592 0.46995 1 0.456273 0.0151535 
0.41791 0.398212 0.2353 0.139294 0.397741 0.803623 0.233333 0.231258 0.00187672 0.00187672 0.00187672 0.00187672 0.00187672 0.00187672 0.00187672 0.00187672 0.00187672 0.00187672 0.00187672 0.00187672 0.00187672 0.00187672 0.00187672 0.00187672 0.00187672 0.00187672 0.00187672 0.00187672 0.246409 0.690849 0.445363 0.208415 0.265554 0.309108 0.427022 0.949611 0.650387 22.4893 0.0298741 1 0.000678426 0 0.00011697 7.0182e-005 0.000140364 0.00297104 0.0109952 0.00884293 0.0402151 0.105841 0.0441187 0.0390366 0.0379318 0.0697503 0.494218 0.798041 1 0.646093 0 3.09492e-005 0.00309492 0.00656123 0.00736591 0.0104299 0.0279471 0.0851722 0.253381 1 
0.996619 2.8491 0.829388 0.564561 0.281546 1.30894 0.320744 0.0914187 0.00187672 0.00187672 0.00187672 0.00187672 0.00187672 0.00187672 0.00187672 0.00187672 0.00187672 0.00187672 0.00187672 0.00187672 0.00187672 0.00187672 0.00187672 0.00187672 0.00187672 0.00187672 0.00187672 0.00187672 0.333543 1.40216 0.477655 0.678905 0.593969 2.71206 0.90932 1.19289 1.26257 63.4213 0.37576 1 0.000138198 0 0 0 0 0 0 0.000276396 0.000218364 0.0115733 0.0362485 0.065291 0.0641991 0.0944426 0.848564 1 0.053936 0 0 0 0 0 0.0141485 0.0528707 0.168963 0.239556 1 0.00752104 
0.674007 0.577548 0.54565 0.57388 0.556925 0.572624 0.51025 0.418873 0.00187672 0.00187672 0.00187672 0.00187672 0.00187672 0.00187672 0.00187672 0.00187672 0.00187672 0.00187672 0.00187672 0.00187672 0.00187672 0.00187672 0.00187672 0.00187672 0.00187672 0.00187672 0.00187672 0.00187672 0.49046 0.61975 0.766811 0.814599 0.843994 0.886223 0.880538 0.913088 1.00919 1.35206 0.16956 1 0.449688 0.0409574 0 0 0 0 0 0 1 0.0183792 0.016899 0.00407056 0.0146787 0.0281238 0.0690761 0.0405822 0.0112249 0.00259035 0 0.00243652 0.00461657 0.00564247 0.00577071 0.0288536 0.0444986 0.0366761 1 0.13465 
0.201928 1.30235 0.38664 0.274629 0.145254 0.195759 0.188965 0.119456 0.00187672 0.00187672 0.00187672 0.00187672 0.00187672 0.00187672 0.00187672 0.00187672 0.00187672 0.00187672 0.00187672 0.00187672 0.00187672 0.00187672 0.00187672 0.00187672 0.00187672 0.00187672 0.00187672 0.00187672 0.0876725 0.348575 0.282657 0.0686166 0.29506 0.906378 0.694016 0.924618 1.15942 17.9107 0 1 0.0179317 0 0 0 0 0 0 0 0 0 0.00259516 0.0376298 0.0934256 0.214533 0.901384 1 0.466695 0.112024 0 0 0 0.000655738 0.00196721 0.0557377 0.21541 0.291803 0.593443 1 
0.39982 0.173653 0.107864 0.10066 0.102528 0.080656 0.0485515 0.0447739 0.00187672 0.00187672 0.00187672 0.00187672 0.00187672 0.00187672 0.00187672 0.00187672 0.00187672 0.00187672 0.00187672 0.00187672 0.00187672 0.00187672 0.00187672 0.00187672 0.00187672 0.00187672 0.00187672 0.00187672 0.0695091 0.0699935 0.201589 0.12295 0.134926 0.159061 0.260859 0.933238 1.4242 4.07399 0.0558376 1 0 0 0 0 0 0 0.0262267 0.146785 0 0 0.00408163 0.0952381 0.194558 0.4 0.659864 0.685714 0.718367 1 0.14346 0.32384 0.0949367 0.00738397 0.00105485 0.14346 0.929325 1 0.418776 0.0021097 
0.547723 3.8855 0.203509 0.327749 0.336424 6.23511 0.454776 0.665397 0.00187672 0.00187672 0.00187672 0.00187672 0.00187672 0.00187672 0.00187672 0.00187672 0.00187672 0.00187672 0.00187672 0.00187672 0.00187672 0.00187672 0.00187672 0.00187672 0.00187672 0.00187672 0.00187672 0.00187672 0.540595 5.98831 0.441379 0.32049 0.229956 3.24456 0.598017 0.837083 1.25515 135.156 0.100418 1 0.134601 0.0129519 0.0172965 0.0643495 0.10009 0.0511517 0.00344291 0.00696778 0.477761 0.313241 0.161601 0.118324 0.102524 0.133436 0.228405 1 0.573072 0.0089301 0.0829215 0.316859 0.955244 0.242998 0.090335 0.218836 0.894563 0.695497 0.497803 1 
0.438374 0.160463 0.142758 0.275438 0.171873 0.0886266 0.127906 0.127208 0.00187672 0.00187672 0.00187672 0.00187672 0.00187672 0.00187672 0.00187672 0.00187672 0.00187672 0.00187672 0.00187672 0.00187672 0.00187672 0.00187672 0.00187672 0.00187672 0.00187672 0.00187672 0.00187672 0.00187672 0.0933985 0.106202 0.136063 0.264897 0.304293 0.722497 0.428414 0.122252 0.960923 5.07804 8.95817e-005 1 0.192421 0 0 0 0 0 0 0 0 0 0 0.00383275 0.0311847 0.0529617 0.093554 0.213415 1 0.766551 0 0.00244858 0.0874143 0.24143 0.199804 0.271792 0.398629 0.657933 1 0.400098 
1.50647 0.678412 1.16335 0.462425 0.653002 1.50603 0.485856 0.437179 0.00187672 0.00187672 0.00187672 0.00187672 0.00187672 0.00187672 0.00187672 0.00187672 0.00187672 0.00187672 0.00187672 0.00187672 0.00187672 0.00187672 0.00187672 0.00187672 0.00187672 0.00187672 0.00187672 0.00187672 0.339392 1.67191 0.673931 0.0339521 0.785959 2.21493 2.19667 2.75734 2.86031 71.6921 0 1 0.0525926 0 0 0 0 0 0 0 0 0 0.00437406 0.0444947 0.111011 0.188235 0.288084 0.455958 1 0.464404 0 0 0.019588 0.0489699 0.0592705 0.0921986 0.144883 0.727457 0.787065 1 
0.533137 0.218861 0.157231 0.0755312 0.0286575 0.0694115 0.0841457 0.082429 0.00187672 0.00187672 0.00187672 0.00187672 0.00187672 0.00187672 0.00187672 0.00187672 0.00187672 0.00187672 0.00187672 0.00187672 0.00187672 0.00187672 0.00187672 0.00187672 0.00187672 0.00187672 0.00187672 0.00187672 0.0707499 0.084591 0.0798813 0.0715087 0.0263396 0.113553 0.230753 0.343659 0.711213 1.22362 0.279399 0.00868412 0.00765891 0.0056688 0.107225 0.241527 1 0.00741768 0.00108551 0.00440236 1 0.148671 0.0169474 0.019383 0.270144 0.568805 0.601482 0.163893 0.00923483 0 0 0 0 0 0.0187315 0.394494 0.823663 0.164837 0.000871232 1 
0.781649 0.439593 0.248821 0.427492 0.0702612 0.141795 0.143168 0.0573422 0.00187672 0.00187672 0.00187672 0.00187672 0.00187672 0.00187672 0.00187672 0.00187672 0.00187672 0.00187672 0.00187672 0.00187672 0.00187672 0.00187672 0.00187672 0.00187672 0.00187672 0.00187672 0.00187672 0.00187672 0.0471272 0.0433974 0.211337 0.135075 0.204385 0.423804 0.321649 0.654877 0.731623 7.34539 1 2.75368e-005 0 0 0 0 0 0 0 0 0 0.000287522 0.00082149 0.00813275 0.0884334 0.302432 1 0.0915551 0 0 0 0 0 0.0106967 0.0549034 0.448883 1 0.985896 0.934021 0.00331314 