0.202128 0.315074 0.226364 0.134864 0.0413705 0.123789 0.0561715 0.0241106 0.00187672 0.00187672 0.00187672 0.00187672 0.00187672 0.00187672 0.00187672 0.00187672 0.00187672 0.00187672 0.00187672 0.00187672 0.00187672 0.00187672 0.00187672 0.00187672 0.00187672 0.00187672 0.00187672 0.00187672 0.134461 0.0385877 0.0510721 0.0967137 0.190654 0.178825 0.188965 0.414558 0.904328 2.00169 1 0.0566763 0.00480307 0.00160102 0.000960615 0 0.143132 0.241755 0.242395 0.410183 0.324622 0.937414 1 0.682256 0.44773 0.31293 0.19945 0.142366 0.110729 0.0584594 0.491834 0.972362 1 0.773241 0.395729 0.241206 0.10804 0.0439699 0.0389447 0.0571608 
1.02972 0.254054 0.356566 0.407007 0.421896 0.394138 0.113313 0.0507011 0.00187672 0.00187672 0.00187672 0.00187672 0.00187672 0.00187672 0.00187672 0.00187672 0.00187672 0.00187672 0.00187672 0.00187672 0.00187672 0.00187672 0.00187672 0.00187672 0.00187672 0.00187672 0.00187672 0.00187672 0.1574 0.087176 0.243307 0.451311 0.165175 0.312872 0.884916 1.03163 1.48022 6.54171 0.860435 1 0.236087 0 0 0 0 0 0 0.000155015 0.608428 1 0.482075 0.330573 0.0320416 0 0 0 0 0 0 0 0 5.85617e-005 0.0131764 0.600316 0.265577 0.04316 0.45397 1 
1.42643 1.51079 1.36643 0.349291 0.368657 0.404289 0.700018 0.163577 0.00187672 0.00187672 0.00187672 0.00187672 0.00187672 0.00187672 0.00187672 0.00187672 0.00187672 0.00187672 0.00187672 0.00187672 0.00187672 0.00187672 0.00187672 0.00187672 0.00187672 0.00187672 0.00187672 0.00187672 0.0765035 0.773226 0.275226 0.51304 0.655836 0.487815 1.48639 1.62617 3.60216 4.93481 1 0.0119873 0 0 0 0 0 0 0 0.00886918 0.0171821 0.420199 0.306033 0.175067 0.556701 1 0.316915 0.0189003 0.00133639 0.000381825 0 0.00180873 0.232421 1 0.73683 0.494461 0.176351 0.630115 0.0590097 0 
1.09607 0.199417 0.0868148 0.218083 0.155083 0.240508 0.10669 0.205164 0.00187672 0.00187672 0.00187672 0.00187672 0.00187672 0.00187672 0.00187672 0.00187672 0.00187672 0.00187672 0.00187672 0.00187672 0.00187672 0.00187672 0.00187672 0.00187672 0.00187672 0.00187672 0.00187672 0.00187672 0.137829 0.148241 0.16202 0.186115 0.275058 0.381251 0.439244 0.91549 1.61365 8.27385 1 0.0982648 0.0163928 0.00874039 0.0118751 0.0209105 0.0316977 0.0185687 0.0114695 0.0206708 0.807078 0.349365 0.40663 0.734529 1 0.669791 0.383805 0.194416 0.0170505 0.000203791 0 0.0540263 0.312339 0.952654 1 0.74455 0.434633 0.27872 0.160904 0.992806 
0.217601 0.229622 0.107822 0.391638 0.273751 0.25159 0.241429 0.134152 0.00187672 0.00187672 0.00187672 0.00187672 0.00187672 0.00187672 0.00187672 0.00187672 0.00187672 0.00187672 0.00187672 0.00187672 0.00187672 0.00187672 0.00187672 0.00187672 0.00187672 0.00187672 0.00187672 0.00187672 0.145507 0.118529 0.0930887 0.0734223 0.188411 0.23738 0.200048 0.424678 0.423213 3.20057 0.635652 1 0 0 0 0 0 0 0 0 0 0.017939 1 0.0827367 0.0243745 0.00060333 0 0 0 0 0 0 0 0.000322191 0.0445429 0.0192106 0.00221506 0.0145791 0.0462344 1 
0.340719 0.0771833 0.0335234 0.0955492 0.0754923 0.131326 0.133984 0.0873551 0.00187672 0.00187672 0.00187672 0.00187672 0.00187672 0.00187672 0.00187672 0.00187672 0.00187672 0.00187672 0.00187672 0.00187672 0.00187672 0.00187672 0.00187672 0.00187672 0.00187672 0.00187672 0.00187672 0.00187672 0.0735124 0.158491 0.0348765 0.0279669 0.158172 0.29608 0.437984 0.739547 0.679932 2.97808 1 0.0210406 0.00237618 0.00104062 0.00203116 0.0165832 0.102688 0.0398553 0.0436171 0.291024 0.367282 0.6523 0.365664 0.298965 0.365044 0.612676 0.629281 0.699397 1 0.34826 0.156967 0.883128 1 0.959927 0.847753 0.863885 0.678387 0.349222 0.112989 0.00830205 
1.41469 0.506397 1.12631 0.503924 0.390141 0.563041 0.692294 0.502415 0.00187672 0.00187672 0.00187672 0.00187672 0.00187672 0.00187672 0.00187672 0.00187672 0.00187672 0.00187672 0.00187672 0.00187672 0.00187672 0.00187672 0.00187672 0.00187672 0.00187672 0.00187672 0.00187672 0.00187672 0.151052 0.428419 0.626637 0.591853 0.313333 0.724201 0.962294 1.23436 1.13713 9.18306 0.023519 1 0.16222 0.41249 0.0112124 0.00452692 0.0107852 0.012464 0.00762981 0.00621327 0.145004 0.561136 0.619932 1 0.821085 0.607568 0.0560504 0.0409022 0.0475382 0.0364782 0.243439 0.343473 0.0459414 0.00159062 0.00359131 0.0933368 0.60549 1 0.0715653 0.329059 
0.192053 0.278801 0.306059 0.0862055 0.157744 0.113892 0.0362696 0.0270935 0.00187672 0.00187672 0.00187672 0.00187672 0.00187672 0.00187672 0.00187672 0.00187672 0.00187672 0.00187672 0.00187672 0.00187672 0.00187672 0.00187672 0.00187672 0.00187672 0.00187672 0.00187672 0.00187672 0.00187672 0.038252 0.111975 0.0259667 0.146558 0.0849986 0.172681 0.280068 0.249325 0.833849 2.60699 0.648215 0.108732 0.0160033 0.00295231 0.00369039 0.00416797 1 0.0356014 0.0168021 0.00644299 1 0.418307 0.0103127 0.0074977 0.0058802 0.211231 0.00966926 0.00751557 0.216432 0.00221624 0.0462254 0.00264942 0.00535114 0.0206725 0.954053 0.430078 0.205557 0.533946 0.500235 1 
1.50882 0.447437 0.104437 0.303972 0.0635025 0.145102 0.209284 0.147507 0.00187672 0.00187672 0.00187672 0.00187672 0.00187672 0.00187672 0.00187672 0.00187672 0.00187672 0.00187672 0.00187672 0.00187672 0.00187672 0.00187672 0.00187672 0.00187672 0.00187672 0.00187672 0.00187672 0.00187672 0.16908 0.114089 0.10632 0.253986 0.239745 0.403726 0.506423 0.820705 1.145 5.47052 0.106516 0 0 0 0 0 0.00125313 0.0758145 0.537594 1 0.828777 1 0.144604 0.0028777 0 0 0 0 0 0 0 0 0 0 0 0.00701754 0.178947 0.52807 1 0.695614 
1.8732 0.414268 0.475772 0.594375 0.182768 0.533152 0.0957887 0.29731 0.00187672 0.00187672 0.00187672 0.00187672 0.00187672 0.00187672 0.00187672 0.00187672 0.00187672 0.00187672 0.00187672 0.00187672 0.00187672 0.00187672 0.00187672 0.00187672 0.00187672 0.00187672 0.00187672 0.00187672 0.143853 0.171634 0.0819214 0.27426 0.195459 0.507206 1.3285 1.58983 1.66019 10.3365 1 0.262439 0 5.67191e-005 0.000723168 0 0 0 0 0.0124215 1 0.0213983 0.00605461 0.00271652 0.000886321 0.00109351 0.000736682 0.000460426 0 0.00113956 1 0.792032 0.472969 0.194762 0.0125182 0.00206344 0.000412689 0.000220101 0.00011005 0 
0.910477 0.46968 0.521944 0.398157 0.299644 0.430599 0.276357 0.110871 0.00187672 0.00187672 0.00187672 0.00187672 0.00187672 0.00187672 0.00187672 0.00187672 0.00187672 0.00187672 0.00187672 0.00187672 0.00187672 0.00187672 0.00187672 0.00187672 0.00187672 0.00187672 0.00187672 0.00187672 0.23689 0.216076 0.305195 0.434569 0.226766 0.609328 0.987789 0.573255 1.65288 4.17412 0.435507 1 0.119105 0.0311999 0.138162 0.202716 0.106257 0.290609 0.423316 0.675428 1 0.536683 0.114389 0.0533974 0.0364511 0.0264735 0.0147819 0.00520462 0.00147005 0.000193922 0.00483007 0.0531944 0.219244 1 0.682137 0.450214 0.586997 0.338582 0.893405 0.316592 
0.249574 0.441681 0.0789809 0.18587 0.0836631 0.130608 0.0423732 0.110012 0.00187672 0.00187672 0.00187672 0.00187672 0.00187672 0.00187672 0.00187672 0.00187672 0.00187672 0.00187672 0.00187672 0.00187672 0.00187672 0.00187672 0.00187672 0.00187672 0.00187672 0.00187672 0.00187672 0.00187672 0.0381149 0.0880734 0.0410435 0.109903 0.0457257 0.110122 0.0390143 0.315642 0.13405 3.90753 1 0.852649 0.00478892 7.36757e-005 7.36757e-005 0 7.36757e-005 0.000221027 0 0.00051573 0.0407112 1 0.800384 0.334579 0.238004 0.0908173 0.0287908 0.00888979 0.00222245 0.000505102 0.000723764 0.00482509 0.00675513 0.0247286 0.0907117 0.501447 1 0.914958 0.39421 0.104343 
0.178023 0.41884 0.0658316 0.17355 0.13387 0.0701639 0.175004 0.0317535 0.00187672 0.00187672 0.00187672 0.00187672 0.00187672 0.00187672 0.00187672 0.00187672 0.00187672 0.00187672 0.00187672 0.00187672 0.00187672 0.00187672 0.00187672 0.00187672 0.00187672 0.00187672 0.00187672 0.00187672 0.0815429 0.00823155 0.243142 0.0633361 0.191314 0.182113 0.16602 0.609499 0.428897 2.11648 0.549035 0.159394 0.0636217 0.0555414 0.186017 1 0.919452 0.163902 0.10632 0.107425 1 0.0815407 0.00593024 0.00103499 0.000167837 5.59456e-005 5.59456e-005 0 2.79728e-005 0 0.00614362 0.0599345 0.0356785 0.0164285 0.0255757 0.0580686 0.109766 0.224493 0.235278 1 
0.491277 0.543948 0.398331 0.117052 0.133855 0.0362058 0.104248 0.0402351 0.00187672 0.00187672 0.00187672 0.00187672 0.00187672 0.00187672 0.00187672 0.00187672 0.00187672 0.00187672 0.00187672 0.00187672 0.00187672 0.00187672 0.00187672 0.00187672 0.00187672 0.00187672 0.00187672 0.00187672 0.0666544 0.0356426 0.0543406 0.0986598 0.151956 0.173401 0.0776009 0.499658 0.416097 6.70562 0.81836 1 0.39838 0.268778 0.000490918 0 0 0 0 0.00883652 0.0222298 0.183311 0.421683 0.79104 1 0.69015 0.22948 0.0502736 0.0430917 0.0277018 0 0.00440678 0.061017 0.420678 1 0.711864 0.642034 0.447797 0.14678 0.0108475 
1.95543 2.54223 1.57654 2.26313 0.111221 1.06395 0.226642 0.18934 0.00187672 0.00187672 0.00187672 0.00187672 0.00187672 0.00187672 0.00187672 0.00187672 0.00187672 0.00187672 0.00187672 0.00187672 0.00187672 0.00187672 0.00187672 0.00187672 0.00187672 0.00187672 0.00187672 0.00187672 0.800541 0.266192 0.578273 0.2204 0.534827 1.20444 2.27338 1.81691 7.93949 13.9358 1 0.372 0 0 0 0 0 0.00215846 0.0267947 0.0179003 0.107792 0.677478 1 0.950738 0.841727 0.565297 0.332398 0.124131 0.0347519 0.00768199 0 0.020995 0.158717 0.434733 0.92435 1 0.943177 0.669101 0.188384 0.0108398 
0.804225 1.06022 0.4135 0.267749 0.174546 0.11399 0.174123 0.153293 0.00187672 0.00187672 0.00187672 0.00187672 0.00187672 0.00187672 0.00187672 0.00187672 0.00187672 0.00187672 0.00187672 0.00187672 0.00187672 0.00187672 0.00187672 0.00187672 0.00187672 0.00187672 0.00187672 0.00187672 0.0439819 0.127509 0.178838 0.324042 0.472339 0.487378 0.74248 0.659926 0.732099 6.79435 1 0.518937 0.0170244 0.00527708 0.00505566 0.00232487 0.0083769 0.0041946 0.00188203 0.00966849 0.0351228 1 0.357066 0.0609976 0.0757223 0.167907 0.348441 0.667891 0.797068 0.341062 0.206645 0.253077 1 0.914045 0.241541 0.0732624 0.0591562 0.0714951 0.637865 0.651264 
2.32216 4.49724 1.32277 0.750235 0.717523 0.888143 1.46331 0.930731 0.00187672 0.00187672 0.00187672 0.00187672 0.00187672 0.00187672 0.00187672 0.00187672 0.00187672 0.00187672 0.00187672 0.00187672 0.00187672 0.00187672 0.00187672 0.00187672 0.00187672 0.00187672 0.00187672 0.00187672 0.65196 0.549499 1.43006 0.439521 0.959079 3.08065 1.02963 0.933471 4.06121 18.6981 0.394212 1 0.513307 0.862608 0.676979 0.0073187 0.0189621 0.0073187 0.00765136 0.0266134 0.243891 0.00678733 0.107692 0.403167 0.840724 0.909502 1 0.538914 0.256109 0.116742 0.448485 1 0.755995 0.137549 0.113307 0.320158 0.00869565 0 0 0 
1.08356e-006 2.1993 2.95515e-007 0.224153 9.85052e-008 0.587266 9.85052e-008 0.199026 0.00187672 0.00187672 0.00187672 0.00187672 0.00187672 0.00187672 0.00187672 0.00187672 0.00187672 0.00187672 0.00187672 0.00187672 0.00187672 0.00187672 0.00187672 0.00187672 0.00187672 0.00187672 0.00187672 0.00187672 0 0.344667 9.85052e-008 0.247025 9.85052e-008 0.752401 2.95515e-007 0.381134 1.08356e-006 17.354 1 0.772389 0 0 0 0 0 0 0 0 0 0.189403 0.432253 0.0950741 1 0.000238468 0 0 0 0 0 0 0 0 0 0 0 0.29511 1 0.728499 
1.26575 0.613795 0.121323 0.536285 0.593329 0.408933 0.178352 0.102988 0.00187672 0.00187672 0.00187672 0.00187672 0.00187672 0.00187672 0.00187672 0.00187672 0.00187672 0.00187672 0.00187672 0.00187672 0.00187672 0.00187672 0.00187672 0.00187672 0.00187672 0.00187672 0.00187672 0.00187672 0.179909 0.140007 0.0747195 0.241672 0.348936 0.40363 0.730721 1.61909 3.17453 5.74374 0.176368 0.217715 0.158605 0.120739 0.681889 1 0.31271 0.128541 0.0334854 0.0738718 1 0.150455 0.0766235 0.0758652 0.112264 0.129153 0.0904109 0.03178 0.00141321 0 0 0.000152114 0.0968208 0.482279 0.314953 0.268102 0.603286 1 0.731594 0.183298 
0.572433 0.328312 0.17049 0.181203 0.212682 0.177592 0.126936 0.137255 0.00187672 0.00187672 0.00187672 0.00187672 0.00187672 0.00187672 0.00187672 0.00187672 0.00187672 0.00187672 0.00187672 0.00187672 0.00187672 0.00187672 0.00187672 0.00187672 0.00187672 0.00187672 0.00187672 0.00187672 0.0802126 0.102042 0.130388 0.123208 0.100117 0.210789 0.0462257 0.241109 0.388076 3.79198 1 0.00349966 0.000881859 0.000611052 0.000715208 0.000694377 0.000527726 0.000291638 0.000638827 0.0136306 0.0696748 0.25884 0.645132 0.931605 0.905109 0.960375 0.586785 0.658735 0.647028 1 0.00718371 0.0180285 0.0790802 0.605509 1 0.759237 0.260513 0.0866003 0.0890345 0.00607548 
0.477126 0.145531 0.238722 0.11645 0.0414268 0.0605408 0.0787972 0.101924 0.00187672 0.00187672 0.00187672 0.00187672 0.00187672 0.00187672 0.00187672 0.00187672 0.00187672 0.00187672 0.00187672 0.00187672 0.00187672 0.00187672 0.00187672 0.00187672 0.00187672 0.00187672 0.00187672 0.00187672 0.105509 0.0783642 0.0732871 0.110592 0.164674 0.0656807 0.194829 0.188026 1.02614 3.65574 1 0.0668529 0.011053 0.006715 0.0256715 0.63014 0.817091 0.173104 0.135191 0.378833 1 0.761728 0.609592 0.300194 0.0849851 0.0361383 0.0215993 0.0149051 0.00868155 0.00444537 0.0673087 0.262614 0.462133 0.583509 0.922861 1 0.65794 0.689939 0.701675 0.1291 
1.07078 0.505771 0.541787 0.221591 0.458916 0.241747 0.109007 0.286902 0.00187672 0.00187672 0.00187672 0.00187672 0.00187672 0.00187672 0.00187672 0.00187672 0.00187672 0.00187672 0.00187672 0.00187672 0.00187672 0.00187672 0.00187672 0.00187672 0.00187672 0.00187672 0.00187672 0.00187672 0.0993523 0.423451 0.224526 0.276429 0.691875 0.326315 0.626905 0.796788 0.71318 3.73871 1 0.707862 0.316648 0.312594 0.430524 0.606712 0.193156 0.05477 0.0272436 0.121324 0.422284 1 0.654073 0.392325 0.151654 0.0290979 0.00178962 0.000132564 0 0 0.00421124 1 0.202174 0.109051 0.0118526 0.0291051 0.00210562 0 0 0 
0.581482 0.19936 0.169814 0.27411 0.339313 0.267115 0.169234 0.0827824 0.00187672 0.00187672 0.00187672 0.00187672 0.00187672 0.00187672 0.00187672 0.00187672 0.00187672 0.00187672 0.00187672 0.00187672 0.00187672 0.00187672 0.00187672 0.00187672 0.00187672 0.00187672 0.00187672 0.00187672 0.234803 0.154322 0.0425914 0.0399738 0.0994241 0.192976 0.28147 0.812401 1.79934 1.9487 0 0.0445811 0.219062 1 0 0 0 0 0 0 0 0 0 0 0.0488998 0.205379 0.462103 0.848411 1 0.699266 0 0.00330579 0.0644628 0.413223 0.975207 1 0.246281 0.014876 0 0 
1.10161 2.57706 0.463953 0.712365 0.17355 0.221259 0.123664 0.166386 0.00187672 0.00187672 0.00187672 0.00187672 0.00187672 0.00187672 0.00187672 0.00187672 0.00187672 0.00187672 0.00187672 0.00187672 0.00187672 0.00187672 0.00187672 0.00187672 0.00187672 0.00187672 0.00187672 0.00187672 0.0990089 0.124495 0.4272 0.348096 0.394687 1.22477 0.363339 1.24312 1.64874 7.95299 1 0.0358868 0.00507021 0.00149528 0.00553426 0.0723063 0.242803 0.0110685 0.00395304 0.0498084 0.0638788 0.362784 0.424095 0.371849 0.416444 0.720746 1 0.578525 0.237646 0.0606823 0.612043 1 0.184059 0.0083317 0.00178381 0.000761383 0.000261045 4.35076e-005 4.35076e-005 0 
0.855218 0.551885 0.410832 0.209871 0.311523 0.218426 0.163983 0.203182 0.00187672 0.00187672 0.00187672 0.00187672 0.00187672 0.00187672 0.00187672 0.00187672 0.00187672 0.00187672 0.00187672 0.00187672 0.00187672 0.00187672 0.00187672 0.00187672 0.00187672 0.00187672 0.00187672 0.00187672 0.269005 0.191469 0.399811 0.25387 0.568336 0.319539 0.567221 0.942067 0.658305 4.55025 1 0.408141 0.0593811 0.0175634 0.0334541 0.054363 0.0197937 0.0186786 0.0234179 0.517703 1 0.704966 0.747896 0.497896 0.249158 0.0429293 0.00462963 0.00210438 0 0 0.00130095 1 0.019948 0 0 0 0 0 0 0.652862 
0.16142 0.25041 0.306527 0.372068 0.211299 0.20421 0.0794802 0.06693 0.00187672 0.00187672 0.00187672 0.00187672 0.00187672 0.00187672 0.00187672 0.00187672 0.00187672 0.00187672 0.00187672 0.00187672 0.00187672 0.00187672 0.00187672 0.00187672 0.00187672 0.00187672 0.00187672 0.00187672 0.134163 0.135875 0.0918061 0.159141 0.334919 0.358217 0.646697 0.37346 0.521381 3.09793 1 0.598064 0.000468457 5.20508e-005 0 0 0 0 0 0.125442 0.00157715 0.0294401 0.603259 0.590029 0.113993 0.359853 1 0.184702 0.012442 0.00280382 0 0.00108063 0.00598504 0.025852 0.319701 0.784705 0.421031 0.0770574 0.117872 1 
0.471092 5.12399 3.99926 1.58522 1.75322 3.40894 18.9624 0.000142543 0.00187672 0.00187672 0.00187672 0.00187672 0.00187672 0.00187672 0.00187672 0.00187672 0.00187672 0.00187672 0.00187672 0.00187672 0.00187672 0.00187672 0.00187672 0.00187672 0.00187672 0.00187672 0.00187672 0.00187672 0 301.921 1 0.471092 5.12399 3.99926 1.58522 1.75322 3.40894 18.9624 0 8.53606e-005 0.0118224 0.159368 1 0.0854033 0 0 0 0 0.0113571 1 0.0402143 0 0 0 0 0 0 0 0 0 0 0 0 0 0.00158113 0.04897 0.27959 1 
0.300277 0.806897 0.3885 0.372444 0.334455 0.0268709 0.309166 0.12452 0.00187672 0.00187672 0.00187672 0.00187672 0.00187672 0.00187672 0.00187672 0.00187672 0.00187672 0.00187672 0.00187672 0.00187672 0.00187672 0.00187672 0.00187672 0.00187672 0.00187672 0.00187672 0.00187672 0.00187672 0.2146 0.232596 0.441191 0.132644 0.607818 0.282874 0.647176 1.24572 0.426702 8.28909 1 0.140149 0.0214414 0.00942841 0.016471 0.115251 0.134292 0.0798165 0.146748 0.295378 0.588019 1 0.346644 0.0136503 0.000943497 1.52177e-005 0 0 0 0 0 0.0223856 0.457776 0.57311 1 0.599012 0.431334 0.358515 0.0803361 0.0241299 
1.19935 0.152083 2.16233 0.2963 1.41733 1.86347 0.998557 0.932034 0.00187672 0.00187672 0.00187672 0.00187672 0.00187672 0.00187672 0.00187672 0.00187672 0.00187672 0.00187672 0.00187672 0.00187672 0.00187672 0.00187672 0.00187672 0.00187672 0.00187672 0.00187672 0.00187672 0.00187672 1.24658 0.749052 0.818088 1.04225 0.419375 2.38005 3.60326 4.25181 0.9184 18.0447 0.250875 1 0.762381 0.343672 0.24012 0.408954 0.51901 0.0867934 0.0442721 0.0495248 1 0.0706725 0.0823156 0.0393258 0.0119687 0.00146556 0.00024426 8.142e-005 8.142e-005 0 0.00625404 0.253397 0.210697 0.0830278 0.0271727 0.0420531 0.107613 0.854863 1 0.609877 
0.998106 0.230003 0.447948 0.321437 0.0982725 0.233618 0.229083 0.0895564 0.00187672 0.00187672 0.00187672 0.00187672 0.00187672 0.00187672 0.00187672 0.00187672 0.00187672 0.00187672 0.00187672 0.00187672 0.00187672 0.00187672 0.00187672 0.00187672 0.00187672 0.00187672 0.00187672 0.00187672 0.110931 0.0653797 0.145517 0.222596 0.221746 0.118165 0.178611 0.767255 0.735917 2.96504 1 0.0567949 0.000180087 0 0 0 0 0 0 0.00234113 0 0.000632743 0.0370987 0.0251765 0.192154 1 0.308845 0.00323032 0 0 0 0 0 0 0 0.0706583 0.964238 1 0.282786 0.0761522 
18.4545 27.9513 13.4335 6.21289 23.2748 1.58282 6.23261 11.4941 0.00187672 0.00187672 0.00187672 0.00187672 0.00187672 0.00187672 0.00187672 0.00187672 0.00187672 0.00187672 0.00187672 0.00187672 0.00187672 0.00187672 0.00187672 0.00187672 0.00187672 0.00187672 0.00187672 0.00187672 3.00977 10.1183 5.58214 20.2227 20.0247 14.4903 18.9197 51.6117 79.6071 163.288 1 0.0484488 0.0209404 0.0129486 0.0458239 0.0317914 0.0370587 0.0139271 0.0058005 0.0229032 0.920873 0.0934385 0.308637 1 0.154856 0.102883 0.0753883 0.0377794 0.0324536 0.0128555 1 0.0600675 0.0206725 0.0152714 0.0117598 0.011268 0.0172644 0.300234 0.388463 0.000457279 
0.574748 0.30376 0.152572 0.0868821 0.0409307 0.0172576 0.0386932 0.0427469 0.00187672 0.00187672 0.00187672 0.00187672 0.00187672 0.00187672 0.00187672 0.00187672 0.00187672 0.00187672 0.00187672 0.00187672 0.00187672 0.00187672 0.00187672 0.00187672 0.00187672 0.00187672 0.00187672 0.00187672 0.174839 0.203011 0.264599 0.305824 0.299891 0.352568 0.344773 0.409687 0.866846 3.23062 0.622184 1 0.00652387 0.00131109 0.00345939 0.0166809 0.262613 0.109042 0.125075 0.30212 0.139711 0.372864 1 0.594401 0.492145 0.449798 0.196992 0.0595005 0.0213348 0.00652975 0.216993 0.411902 0.260135 0.308837 0.340879 0.203565 0.163321 1 0.150465 0.000867576 
0.646358 0.298919 0.425789 0.988695 0.542462 0.186314 0.106315 0.132616 0.00187672 0.00187672 0.00187672 0.00187672 0.00187672 0.00187672 0.00187672 0.00187672 0.00187672 0.00187672 0.00187672 0.00187672 0.00187672 0.00187672 0.00187672 0.00187672 0.00187672 0.00187672 0.00187672 0.00187672 0.255645 0.187955 0.425942 0.391937 0.280729 0.320775 0.994005 2.86212 6.18655 8.82307 1 0.44355 0.00150867 0.000251446 0 0 0.000251446 0.00125723 0.00150867 0.00980639 0.00732064 0.0292826 0.128355 0.45632 0.695461 0.864324 1 0.900927 0.621767 0.310883 0.238733 0.361855 0.524494 1 0.677335 0.423579 0.22273 0.200196 0.120836 0.0179621 
0.224854 0.135991 0.217122 0.188043 0.125736 0.06677 0.0608738 0.0526097 0.00187672 0.00187672 0.00187672 0.00187672 0.00187672 0.00187672 0.00187672 0.00187672 0.00187672 0.00187672 0.00187672 0.00187672 0.00187672 0.00187672 0.00187672 0.00187672 0.00187672 0.00187672 0.00187672 0.00187672 0.0595614 0.116067 0.0637975 0.179551 0.0696117 0.140511 0.347756 0.312563 0.889033 5.03149 0.00061529 0.925165 1 0.1479 0.00184587 0 0 0 0 0 0.38719 1 0.211265 0.0934664 0.0359833 0.00849694 0.000386225 0.000193112 0 6.43708e-005 0 8.33681e-005 0.00141726 0.0338474 0.254606 0.300875 0.215256 0.220342 1 0.223343 
0.49053 0.199169 0.186519 0.17968 0.0968046 0.0952265 0.110986 0.0730695 0.00187672 0.00187672 0.00187672 0.00187672 0.00187672 0.00187672 0.00187672 0.00187672 0.00187672 0.00187672 0.00187672 0.00187672 0.00187672 0.00187672 0.00187672 0.00187672 0.00187672 0.00187672 0.00187672 0.00187672 0.0616037 0.108906 0.0864142 0.109649 0.186575 0.22619 0.33834 0.346981 0.9129 4.04246 1 0.398749 0.000539142 0 0 0 0 0 0.000862627 0.025124 0.115506 0.436709 1 0.533861 0.897468 0.821835 0.292722 0.0579114 0.018038 0.00379747 0.000264201 0.00501982 0.10251 0.838045 1 0.401849 0.163276 0.127081 0.146103 0.708058 
0.5364 0.57565 0.168587 0.243939 0.230799 0.114469 0.169304 0.0798374 0.00187672 0.00187672 0.00187672 0.00187672 0.00187672 0.00187672 0.00187672 0.00187672 0.00187672 0.00187672 0.00187672 0.00187672 0.00187672 0.00187672 0.00187672 0.00187672 0.00187672 0.00187672 0.00187672 0.00187672 0.0920528 0.132051 0.14622 0.21212 0.277886 0.276427 0.604798 0.670779 0.783655 5.78018 1 0.13243 0.000107831 0 8.08734e-005 0.000134789 0.000660466 0.000188705 0.000512198 0.00839736 0.0250703 0.390184 0.579962 1 0.462144 0.140356 0.0422632 0.00793998 0.00140669 0.000156299 0.00139762 0.11823 0.299528 0.518955 1 0.701214 0.222353 0.139457 0.129542 0.57141 
0.081413 0.524076 0.0651718 0.352181 0.0398042 0.266073 0.0367647 0.200743 0.00187672 0.00187672 0.00187672 0.00187672 0.00187672 0.00187672 0.00187672 0.00187672 0.00187672 0.00187672 0.00187672 0.00187672 0.00187672 0.00187672 0.00187672 0.00187672 0.00187672 0.00187672 0.00187672 0.00187672 0.0305472 0.242864 0.0478924 0.317313 0.0418758 0.449737 0.0689101 0.900317 0.0939108 4.30291 0.00501756 0 0 0 0 0 0 0 0 1 0 0.00387774 0.0364963 0.105155 0.151004 0.265283 0.444571 1 0.278057 0 0 0 0 0 0.00953971 0.134271 0.426902 0.814453 1 0.0033389 
0.168348 0.110386 0.0537379 0.0816583 0.0778476 0.0334203 0.0136694 0.0579023 0.00187672 0.00187672 0.00187672 0.00187672 0.00187672 0.00187672 0.00187672 0.00187672 0.00187672 0.00187672 0.00187672 0.00187672 0.00187672 0.00187672 0.00187672 0.00187672 0.00187672 0.00187672 0.00187672 0.00187672 0.0586687 0.0302656 0.0188395 0.093373 0.0710392 0.0525328 0.176652 0.120543 1.16475 2.24374 0.0600981 1 0.345934 0.060865 0.0247076 0.00969677 0.00832717 0.0016983 0.000739584 0.0830526 0.881732 1 0.399879 0.17871 0.161941 0.0411976 0.0186837 0.00962212 0.00780046 0.00462422 0.178239 0.709486 1 0.771187 0.577632 0.412976 0.217976 0.121162 0.198468 0.0201575 
0.170362 0.209903 0.239984 0.205409 0.24648 0.298092 0.0603839 0.0399248 0.00187672 0.00187672 0.00187672 0.00187672 0.00187672 0.00187672 0.00187672 0.00187672 0.00187672 0.00187672 0.00187672 0.00187672 0.00187672 0.00187672 0.00187672 0.00187672 0.00187672 0.00187672 0.00187672 0.00187672 0.164268 0.20656 0.0805798 0.166552 0.0665201 0.157506 0.113826 0.429981 0.611548 2.27298 1 0.00394089 0.000315271 0 0 0 0 0 0 0.00508374 0.0024149 0.00954462 0.0837167 0.257935 0.471596 0.974931 1 0.127185 0.0134545 0.00367985 0.00496079 0.0328052 0.275404 0.757401 0.691631 0.81469 1 0.272844 0.145943 0.102896 
0.548781 0.0502631 0.256121 0.134857 0.0976816 0.18536 0.196197 0.0883052 0.00187672 0.00187672 0.00187672 0.00187672 0.00187672 0.00187672 0.00187672 0.00187672 0.00187672 0.00187672 0.00187672 0.00187672 0.00187672 0.00187672 0.00187672 0.00187672 0.00187672 0.00187672 0.00187672 0.00187672 0.114223 0.0790025 0.14993 0.157045 0.0911895 0.0863575 0.677057 0.673162 0.580102 3.44007 0.0662397 0.0114055 0.00736971 0.0110546 0.100632 1 0.468328 0.122127 0.0880856 0.12318 1 0.0924414 0.00124856 0.000144065 0 0 0 0 0 0 0 0 0 0.0077193 0.0554386 0.328421 1 0.946386 0.63214 0.226807 
0.0935726 0.455955 0.243952 0.178731 0.261265 0.107312 0.220114 0.0530596 0.00187672 0.00187672 0.00187672 0.00187672 0.00187672 0.00187672 0.00187672 0.00187672 0.00187672 0.00187672 0.00187672 0.00187672 0.00187672 0.00187672 0.00187672 0.00187672 0.00187672 0.00187672 0.00187672 0.00187672 0.0298694 0.086341 0.159748 0.0194671 0.187886 0.256037 0.655145 0.458432 0.663166 3.90564 1 0.282175 0.0129842 0.00165342 0.000996912 0.000802393 0.000243149 4.86299e-005 0.000729448 0.0538819 0.335562 0.313215 0.539504 0.753827 0.673588 1 0.890023 0.230952 0.0746085 0.0358965 0.000713619 0.0144371 0.131745 0.541637 0.63073 0.320141 0.154197 0.0995773 0.16254 1 
1.57576 2.07406 1.39107 0.315642 0.570112 0.663932 0.549933 0.691133 0.00187672 0.00187672 0.00187672 0.00187672 0.00187672 0.00187672 0.00187672 0.00187672 0.00187672 0.00187672 0.00187672 0.00187672 0.00187672 0.00187672 0.00187672 0.00187672 0.00187672 0.00187672 0.00187672 0.00187672 0.551644 0.656758 0.736963 0.676374 0.611293 0.541182 0.141786 1.02851 4.56085 22.1556 1 0.00211221 0.000289343 0.000173606 0.000347212 0.00752293 0.0129337 0.00413761 0.00324065 0.0756633 0.0163543 0.0453152 0.197479 0.749642 1 0.396525 0.0898807 0.0414991 0.0225554 0.00810903 0.156466 0.275928 0.966709 1 0.710755 0.310371 0.458899 0.935723 0.0809219 0.000384123 
0.148178 0.388256 0.108842 0.0814223 0.155726 0.0966998 0.0901868 0.10709 0.00187672 0.00187672 0.00187672 0.00187672 0.00187672 0.00187672 0.00187672 0.00187672 0.00187672 0.00187672 0.00187672 0.00187672 0.00187672 0.00187672 0.00187672 0.00187672 0.00187672 0.00187672 0.00187672 0.00187672 0.0483247 0.112561 0.133293 0.201837 0.288585 0.28926 0.122711 0.303374 0.990915 2.85986 1 0.117617 0.0350202 0.0431285 0.0475454 0.0978041 0.0511421 0.0134402 0.00826603 0.0735109 0.592918 0.3493 0.459923 0.369887 0.497941 0.865084 1 0.724815 0.505627 0.324183 1 0.236594 0.446067 0.803817 0.633905 0.284036 0.153068 0.065214 0.0162262 0.00401793 
0.205219 0.0781756 0.132195 0.106787 0.0740208 0.035677 0.0211273 0.031966 0.00187672 0.00187672 0.00187672 0.00187672 0.00187672 0.00187672 0.00187672 0.00187672 0.00187672 0.00187672 0.00187672 0.00187672 0.00187672 0.00187672 0.00187672 0.00187672 0.00187672 0.00187672 0.00187672 0.00187672 0.0748551 0.11356 0.0824292 0.0333374 0.106677 0.0856626 0.173874 0.169961 0.355528 1.80351 0.624789 1 0.00548061 0.00126476 0.00084317 0.0029511 0.00337268 0.00126476 0.0029511 0.0126476 0.325608 0.609502 0.544612 0.728853 1 0.808806 0.374276 0.121669 0.032445 0.0023175 0 0 0 0.0170455 0.297078 0.614448 1 0.895292 0.334416 0.0292208 
0.589741 0.604338 0.235824 0.38581 0.296105 0.185372 0.203815 0.0442135 0.00187672 0.00187672 0.00187672 0.00187672 0.00187672 0.00187672 0.00187672 0.00187672 0.00187672 0.00187672 0.00187672 0.00187672 0.00187672 0.00187672 0.00187672 0.00187672 0.00187672 0.00187672 0.00187672 0.00187672 0.0564275 0.0654543 0.103484 0.040555 0.275035 0.333387 0.401692 0.928234 0.760733 5.28457 1 0.0158166 0 0 0 0 0.000786897 0.0288791 0.0145913 0.740706 0 0.000901036 1 0.618325 0.246176 0.861927 0.591058 0.0564649 0.0401605 0.0114131 0.0594922 0.0254493 0.039953 0.139172 1 0.0719455 0.385961 0.692543 0.000633217 0 
0.430318 0.347687 0.18411 0.302069 0.143098 0.0526907 0.314472 0.0774322 0.00187672 0.00187672 0.00187672 0.00187672 0.00187672 0.00187672 0.00187672 0.00187672 0.00187672 0.00187672 0.00187672 0.00187672 0.00187672 0.00187672 0.00187672 0.00187672 0.00187672 0.00187672 0.00187672 0.00187672 0.420749 0.521061 0.601624 0.20087 0.359415 0.342388 0.458317 0.985049 1.07399 6.36611 0.197047 1 0.837811 0.211812 0.150755 0.252331 0.390542 0.0459591 0.035746 0.0237567 1 0.526624 0.504279 0.445325 0.35103 0.444849 0.456894 0.31981 0.247227 0.139937 0 0.00173798 0.0194488 0.0824299 0.121659 0.173136 0.267069 0.343954 0.335761 1 
0.586402 0.381686 0.290316 0.11314 0.361972 0.0612269 0.204841 0.161547 0.00187672 0.00187672 0.00187672 0.00187672 0.00187672 0.00187672 0.00187672 0.00187672 0.00187672 0.00187672 0.00187672 0.00187672 0.00187672 0.00187672 0.00187672 0.00187672 0.00187672 0.00187672 0.00187672 0.00187672 0.12726 0.0986802 0.214189 0.194027 0.150759 0.341515 0.311859 0.547722 0.852747 8.65383 0.871431 1 0.00349656 0.000524485 0.00012238 0.000157345 0.00068183 0.00131121 0.00391615 0.0127625 0.162006 1 0.860273 0.799307 0.759741 0.479177 0.295632 0.1792 0.116986 0.0671135 0.10517 0.195971 0.198462 0.207343 0.231533 0.33089 0.445231 0.528702 0.668821 1 
0.386826 0.674816 0.267371 0.158443 0.172013 0.131052 0.100559 0.160557 0.00187672 0.00187672 0.00187672 0.00187672 0.00187672 0.00187672 0.00187672 0.00187672 0.00187672 0.00187672 0.00187672 0.00187672 0.00187672 0.00187672 0.00187672 0.00187672 0.00187672 0.00187672 0.00187672 0.00187672 0.131298 0.0894215 0.0566234 0.162583 0.228377 0.392875 0.232396 0.153802 0.939815 2.65262 0.289812 1 0.122471 0.042295 0.0525929 0.0319971 0.0448694 0.0198602 0.020228 0.0485473 1 0.510406 0.447451 0.24922 0.0931322 0.0421436 0.0150884 0.00364204 0.00416233 0.000520291 0 0.000914495 0.00320073 0.0086877 0.0283493 0.0800183 0.169639 0.252858 0.535894 1 
0.893645 6.02088 0.92558 0.54579 0.323637 0.712771 0.382515 0.295641 0.00187672 0.00187672 0.00187672 0.00187672 0.00187672 0.00187672 0.00187672 0.00187672 0.00187672 0.00187672 0.00187672 0.00187672 0.00187672 0.00187672 0.00187672 0.00187672 0.00187672 0.00187672 0.00187672 0.00187672 0.276418 1.34528 0.600143 0.621332 0.784926 3.28819 1.09921 1.24112 2.47808 68.4938 0.113027 0.0278196 0.024896 0.0279101 0.0821327 0.105311 0.027247 0.0294472 0.128519 1 1 0.146189 0.0175257 0.00461698 0.0114011 0.067276 0.152784 0.663102 0.380901 0.00122491 0.00435012 0.000285614 0 0 0.000131822 0.00105457 0.0123912 0.0515863 0.0719308 1 
0.061037 0.119813 0.130901 0.0503435 0.0548105 0.0178609 0.0350942 0.0396125 0.00187672 0.00187672 0.00187672 0.00187672 0.00187672 0.00187672 0.00187672 0.00187672 0.00187672 0.00187672 0.00187672 0.00187672 0.00187672 0.00187672 0.00187672 0.00187672 0.00187672 0.00187672 0.00187672 0.00187672 0.0243004 0.0522876 0.01057 0.126933 0.126709 0.132568 0.230931 0.266818 0.0829311 1.8069 0 0 0 0.118167 1 0.224238 0.00348918 0 0 0 0.459165 1 0.268905 0.0217786 0.00030248 0 0 0 0 0 0 0 0 0 0 0 0.0383142 0.458297 1 0.208665 
0.660104 0.317655 0.165092 0.193851 0.215064 0.15993 0.240033 0.15875 0.00187672 0.00187672 0.00187672 0.00187672 0.00187672 0.00187672 0.00187672 0.00187672 0.00187672 0.00187672 0.00187672 0.00187672 0.00187672 0.00187672 0.00187672 0.00187672 0.00187672 0.00187672 0.00187672 0.00187672 0.0714357 0.0838074 0.125694 0.13988 0.207709 0.228469 0.563778 0.397012 0.710363 4.24189 0.366734 0.023014 0.014272 0.0207292 0.0944402 1 0.0936124 0.0298685 0.0400013 0.114408 1 0.727466 0.439119 0.270466 0.212565 0.302396 0.241151 0.0480477 0.0163605 0.00960954 0.0707897 0.38918 0.218695 0.246237 0.207352 0.117637 0.15336 0.196499 0.360002 1 
0.133876 0.100083 0.0577601 0.149161 0.101774 0.066644 0.083049 0.129458 0.00187672 0.00187672 0.00187672 0.00187672 0.00187672 0.00187672 0.00187672 0.00187672 0.00187672 0.00187672 0.00187672 0.00187672 0.00187672 0.00187672 0.00187672 0.00187672 0.00187672 0.00187672 0.00187672 0.00187672 0.0400267 0.0736091 0.108638 0.0486747 0.221232 0.092268 0.168755 0.0619574 0.163193 1.84086 0.0443019 1 0.0250535 0.0061106 0.00183318 0.00122212 0.00152765 0.00458295 0.00458295 0.00336083 0.0523187 0.107015 0.128419 0.0677765 0.0844233 0.233056 0.577883 0.876338 0.89893 1 0 0 0.000962464 0.3282 0.279115 0.80077 1 0.755534 0.27719 0 
0.482933 1.23535 1.77645 0.313765 0.268149 0.252308 0.157157 0.0938246 0.00187672 0.00187672 0.00187672 0.00187672 0.00187672 0.00187672 0.00187672 0.00187672 0.00187672 0.00187672 0.00187672 0.00187672 0.00187672 0.00187672 0.00187672 0.00187672 0.00187672 0.00187672 0.00187672 0.00187672 0.299389 0.207166 0.352899 0.589451 0.42914 0.518184 0.798715 2.58452 3.13352 5.82333 0 0 0 0 0 1 0.682014 0.0544477 0.000391007 9.77517e-005 0.0012906 0.0047322 0.0456012 0.266294 0.40783 0.596042 0.794149 1 0.696709 0.0094644 0 0 0 0 0.00468632 0.0743764 0.594256 0.884807 1 0.128042 
0.935355 0.0254478 0.0121409 0.116546 0.0525058 0.197574 0.117535 0.11272 0.00187672 0.00187672 0.00187672 0.00187672 0.00187672 0.00187672 0.00187672 0.00187672 0.00187672 0.00187672 0.00187672 0.00187672 0.00187672 0.00187672 0.00187672 0.00187672 0.00187672 0.00187672 0.00187672 0.00187672 0.018147 0.0631114 0.144672 0.0869315 0.0974983 0.257336 0.366277 0.459528 0.548258 2.93251 0.0444759 1 0.540075 0.314081 0.15598 0.44578 0.962518 0.0187804 0.00345749 0.00440044 0.00916072 0.038933 0.143069 0.318335 0.465176 0.571198 0.617001 0.617001 0.928331 1 0.673567 1 0.40592 0.217108 0.133942 0.0848262 0.0480484 0.026397 0.0199312 0.0244988 
0.414457 0.2535 0.118864 0.0873118 0.0386748 0.0573945 0.157997 0.10698 0.00187672 0.00187672 0.00187672 0.00187672 0.00187672 0.00187672 0.00187672 0.00187672 0.00187672 0.00187672 0.00187672 0.00187672 0.00187672 0.00187672 0.00187672 0.00187672 0.00187672 0.00187672 0.00187672 0.00187672 0.0732497 0.139207 0.184695 0.207057 0.218503 0.147626 0.114582 0.668366 0.924791 5.07486 1 0.300145 0.00538845 0.000321699 0.000241274 0 0.000402123 0.000160849 0.000321699 0.0231623 0.289321 0.555717 0.432966 0.745212 1 0.735345 0.449797 0.27278 0.141904 0.0594893 0.0193201 0.129127 0.416483 0.700905 1 0.552702 0.198337 0.108584 0.171925 0.747371 
1.6166 0.567772 0.538511 0.740001 0.217809 0.535052 0.485055 0.381875 0.00187672 0.00187672 0.00187672 0.00187672 0.00187672 0.00187672 0.00187672 0.00187672 0.00187672 0.00187672 0.00187672 0.00187672 0.00187672 0.00187672 0.00187672 0.00187672 0.00187672 0.00187672 0.00187672 0.00187672 0.279096 0.232984 0.053224 0.526021 0.490122 0.988086 0.96241 1.00081 2.88065 4.54748 1 0.598633 0.0525372 0.0267727 0.0216198 0.0215078 0.115604 0.0486166 0.0206116 0.0345021 0.220213 0.183333 0.234397 0.563121 0.453901 0.384752 0.395035 0.575887 1 0.774113 1 0.352102 0.563245 0.703812 0.326686 0.0725318 0.0969697 0.173607 0.0975562 0 
0.651522 0.0835525 0.304432 0.116104 0.166197 0.0529056 0.185624 0.0659958 0.00187672 0.00187672 0.00187672 0.00187672 0.00187672 0.00187672 0.00187672 0.00187672 0.00187672 0.00187672 0.00187672 0.00187672 0.00187672 0.00187672 0.00187672 0.00187672 0.00187672 0.00187672 0.00187672 0.00187672 0.0314257 0.0595237 0.0719377 0.248931 0.25491 0.0967052 0.355813 0.197543 0.982343 6.5063 1 0.266132 0.0123596 0.00321027 0.00128411 0.000642055 0.000160514 0.000321027 0.0011236 0.029374 0.00550964 0.0165289 0.0865014 0.277135 0.716253 1 0.915152 0.628099 0.390634 0.20551 0.0213542 0.0411458 0.0786458 0.177604 0.332292 0.620833 0.877604 0.621354 0.494792 1 
0.538003 0.439877 0.331418 0.526404 0.398701 0.146972 0.160937 0.0657783 0.00187672 0.00187672 0.00187672 0.00187672 0.00187672 0.00187672 0.00187672 0.00187672 0.00187672 0.00187672 0.00187672 0.00187672 0.00187672 0.00187672 0.00187672 0.00187672 0.00187672 0.00187672 0.00187672 0.00187672 0.257132 0.349728 0.299104 0.607934 0.48857 0.351005 0.286188 1.19176 0.722345 8.32056 0.00509091 1 0 0.00290909 0.0276364 0.932364 0.911273 0.00145455 0.0261818 0 0.39476 1 0.88821 0.000873362 0.00611354 0.0270742 0.11179 0.227948 0.341485 0.421834 0 0 0 0 0.00529101 0.0566893 0.357521 1 0.745276 0.856387 
1.49175 1.31703 0.178417 0.239516 1.0475 0.91358 0.490845 0.959473 0.00187672 0.00187672 0.00187672 0.00187672 0.00187672 0.00187672 0.00187672 0.00187672 0.00187672 0.00187672 0.00187672 0.00187672 0.00187672 0.00187672 0.00187672 0.00187672 0.00187672 0.00187672 0.00187672 0.00187672 0.779686 0.738925 1.18341 1.03338 0.986819 0.849731 1.14798 0.422155 2.27974 9.93318 1 0.524196 0.00132462 0.000353232 0 0 0.000529848 0.00123631 0.00176616 0.0181031 0.0151967 0.134328 0.476798 1 0.995658 0.779376 0.538399 0.279783 0.172592 0.10692 0.0239103 0.215827 0.593314 1 0.82628 0.380237 0.146636 0.0774439 0.242065 0.202285 
0.844506 0.179258 0.855326 0.217533 0.313912 0.316106 0.279922 0.157133 0.00187672 0.00187672 0.00187672 0.00187672 0.00187672 0.00187672 0.00187672 0.00187672 0.00187672 0.00187672 0.00187672 0.00187672 0.00187672 0.00187672 0.00187672 0.00187672 0.00187672 0.00187672 0.00187672 0.00187672 0.0550767 0.158806 0.406949 0.170544 0.664775 0.521647 0.593951 0.775548 1.52422 4.22724 1 0.4487 0.0476473 0.0249424 0.0244159 0.116288 0.558736 0.0294176 0.0144784 0.22027 0.158993 1 0.418034 0.268281 0.23148 0.269874 0.629759 0.472519 0.355584 0.785566 0.791535 0.980488 1 0.241033 0.292109 0.67231 0.393974 0.582927 0.311334 0.151506 
0.696601 2.8217 1.15196 1.49766 0.562584 0.814169 0.732695 0.841606 0.00187672 0.00187672 0.00187672 0.00187672 0.00187672 0.00187672 0.00187672 0.00187672 0.00187672 0.00187672 0.00187672 0.00187672 0.00187672 0.00187672 0.00187672 0.00187672 0.00187672 0.00187672 0.00187672 0.00187672 0.491761 1.52095 1.43182 0.879449 1.12449 1.47587 2.52855 3.53418 11.4791 12.2845 1 0.240065 0.00134544 0.000192206 0.00096103 0.00836096 0.00922589 0.00571813 0.00629475 0.0311854 0.127158 0.319673 0.955462 1 0.5197 0.292924 0.211095 0.0799842 0.0262222 0.00975096 0.0924407 0.308087 0.50879 1 0.716525 0.367565 0.253003 0.170964 0.353794 0.202461 
0.233789 0.300658 0.218568 0.0666984 0.163075 0.103749 0.106711 0.0390699 0.00187672 0.00187672 0.00187672 0.00187672 0.00187672 0.00187672 0.00187672 0.00187672 0.00187672 0.00187672 0.00187672 0.00187672 0.00187672 0.00187672 0.00187672 0.00187672 0.00187672 0.00187672 0.00187672 0.00187672 0.158023 0.0741539 0.106818 0.103331 0.184835 0.0659276 0.603176 1.23151 0.237387 2.88564 1 0.0109387 0.00286393 0.0015306 0.00591152 0.0105101 0.040578 0.0380201 0.0175713 0.0601084 0.0951611 0.0897344 0.0995229 0.165196 0.378596 0.450433 0.356828 0.478365 1 0.34446 0.435317 0.485418 1 0.929057 0.376511 0.0590438 0.0515321 0.169715 0.501586 0.156409 
0.580366 0.403031 0.31602 0.25763 0.141425 0.215115 0.155586 0.127425 0.00187672 0.00187672 0.00187672 0.00187672 0.00187672 0.00187672 0.00187672 0.00187672 0.00187672 0.00187672 0.00187672 0.00187672 0.00187672 0.00187672 0.00187672 0.00187672 0.00187672 0.00187672 0.00187672 0.00187672 0.159107 0.162393 0.239788 0.226042 0.269188 0.391155 0.500914 0.615242 0.898371 5.5301 1 0.334719 0 0 0 0 0 0 0 0 0.000616751 0.0188726 0.703466 0.859381 0.703466 1 0.482299 0.151474 0.00111015 0 0 0 0 0.00811739 0.381049 1 0.182407 0.126444 0.724789 0.0580706 
0.300548 0.132843 0.0559333 0.189952 0.0536258 0.0723536 0.0604197 0.0424615 0.00187672 0.00187672 0.00187672 0.00187672 0.00187672 0.00187672 0.00187672 0.00187672 0.00187672 0.00187672 0.00187672 0.00187672 0.00187672 0.00187672 0.00187672 0.00187672 0.00187672 0.00187672 0.00187672 0.00187672 0.0569019 0.0657817 0.0799446 0.0124936 0.123959 0.103258 0.0979913 0.288663 0.886361 1.77952 1 0.102322 0.0141029 0.00981068 0.0292021 0.104315 0.0551085 0.0439181 0.0630796 0.3446 0.608555 1 0.691029 0.447761 0.37775 0.240806 0.0907832 0.0469303 0.0309278 0.00446222 0.0590667 0.350856 0.773774 0.809214 0.738925 0.74808 0.940047 1 0.863851 0.522741 
1.00489 1.0921 0.573749 0.626238 0.219013 0.163819 0.421331 0.527464 0.00187672 0.00187672 0.00187672 0.00187672 0.00187672 0.00187672 0.00187672 0.00187672 0.00187672 0.00187672 0.00187672 0.00187672 0.00187672 0.00187672 0.00187672 0.00187672 0.00187672 0.00187672 0.00187672 0.00187672 0.382421 0.580881 0.796239 0.570654 0.489931 0.220759 0.421241 1.00036 3.66124 5.12421 1 0.112364 0.0199872 0.0167764 0.0383555 0.0766041 0.0349441 0.00664901 0.00339808 0.00791994 0.128662 0.350589 0.432921 0.703534 1 0.74334 0.475989 0.761945 0.76871 0.275627 0.535391 0.783285 0.234426 0.440809 1 0.722465 0.52094 0.996003 0.639752 0.180862 
1.43477 0.76181 0.472526 1.20564 0.362612 0.536177 0.0417603 0.342009 0.00187672 0.00187672 0.00187672 0.00187672 0.00187672 0.00187672 0.00187672 0.00187672 0.00187672 0.00187672 0.00187672 0.00187672 0.00187672 0.00187672 0.00187672 0.00187672 0.00187672 0.00187672 0.00187672 0.00187672 0.124144 0.226635 0.191826 0.0847144 0.198806 1.21566 0.840133 2.40944 3.81971 3.88662 0.0103698 0.0160901 0.0497691 0.137071 1 0.351289 0.0677862 0.0204949 0.00122358 0.00247775 1 0.99817 0.369659 0.0710495 0.0188489 0.00768597 0.00402599 0.00196724 0.00173849 0.0010065 0.0496202 0.313622 0.802229 1 0.56797 0.198694 0.139845 0.253922 0.400795 0.117626 
0.857163 0.244195 0.635371 0.4368 0.639428 0.481584 0.350193 0.154221 0.00187672 0.00187672 0.00187672 0.00187672 0.00187672 0.00187672 0.00187672 0.00187672 0.00187672 0.00187672 0.00187672 0.00187672 0.00187672 0.00187672 0.00187672 0.00187672 0.00187672 0.00187672 0.00187672 0.00187672 0.221439 0.191459 0.197743 0.224986 0.134626 0.066241 0.446691 0.738687 0.44228 7.59904 1 0.0661966 0.00854352 0.00216729 0.00720859 0.00468009 0.0107422 0.00420894 0.00413041 0.0594434 0.259413 0.657652 0.943145 1 0.20847 0.0428092 0.00410901 0.000796646 8.38574e-005 0 8.74585e-005 0.0133811 1 0.693108 0.239549 0.151172 0.169757 0.653927 0.307941 0.0213836 
0.166919 0.171731 0.251254 0.0875036 0.0559375 0.173067 0.0473894 0.0995921 0.00187672 0.00187672 0.00187672 0.00187672 0.00187672 0.00187672 0.00187672 0.00187672 0.00187672 0.00187672 0.00187672 0.00187672 0.00187672 0.00187672 0.00187672 0.00187672 0.00187672 0.00187672 0.00187672 0.00187672 0.0379157 0.132052 0.107732 0.081818 0.218965 0.142067 0.297124 0.223048 0.521563 2.6608 1 0.08736 0 0 0 0 0 0 0 0.0529352 0 0.00129149 0.0554049 0.840243 0.944595 1 0.193853 0.0118817 0.00348702 0.00361617 0.000144571 0.00534914 0.0163366 0.0560937 0.39974 1 0.682088 0.254301 0.275553 0.739193 
0.430877 0.22705 0.110668 0.0812721 0.0545208 0.00448109 0.0315657 0.0643133 0.00187672 0.00187672 0.00187672 0.00187672 0.00187672 0.00187672 0.00187672 0.00187672 0.00187672 0.00187672 0.00187672 0.00187672 0.00187672 0.00187672 0.00187672 0.00187672 0.00187672 0.00187672 0.00187672 0.00187672 0.0542297 0.0531472 0.046008 0.00567705 0.0875966 0.147247 0.13197 0.28193 0.598395 1.68694 1 0.701681 0.0290801 0.0114738 0.0294758 0.104253 0.111375 0.0825915 0.081998 0.178635 1 0.837273 0.734177 0.226933 0.0846424 0.0616135 0.0831173 0.202532 0.241574 0.116364 0 0.0123351 0.146443 0.227768 0.168244 0.219449 0.32315 0.703815 1 0.578313 
0.462542 0.351014 0.254399 0.0272806 0.176549 0.209558 0.0568973 0.0656999 0.00187672 0.00187672 0.00187672 0.00187672 0.00187672 0.00187672 0.00187672 0.00187672 0.00187672 0.00187672 0.00187672 0.00187672 0.00187672 0.00187672 0.00187672 0.00187672 0.00187672 0.00187672 0.00187672 0.00187672 0.0862151 0.145809 0.17407 0.174504 0.25114 0.108333 0.371679 0.29465 1.58024 8.21267 1 0.000493866 7.90186e-005 0 0 0 0 0.000197546 0.00859327 0.397424 0.189717 1 0.891634 0.32469 0.0106567 0.000169693 0 0 0 0 0 0 0.000133316 0.0104653 0.0731236 0.192941 0.660779 1 0.432176 0.00383282 
0.23759 0.182242 0.229739 0.238445 0.0904191 0.251507 0.0973383 0.104476 0.00187672 0.00187672 0.00187672 0.00187672 0.00187672 0.00187672 0.00187672 0.00187672 0.00187672 0.00187672 0.00187672 0.00187672 0.00187672 0.00187672 0.00187672 0.00187672 0.00187672 0.00187672 0.00187672 0.00187672 0.144582 0.0872163 0.110476 0.286206 0.149764 0.349263 0.220663 0.492808 0.124999 3.66575 1 0.678269 0.00715834 0.00308662 0.00302095 0.00348066 0.00774939 0.00597623 0.003612 0.00538517 0.0541186 0.222097 0.523475 1 0.717177 0.397807 0.708603 0.0513073 0.00126511 0.000702839 0 0.00251649 0.0761069 0.104468 0.215534 0.195538 0.0889614 0.030742 0.0650888 1 
0.645053 0.676807 0.281067 0.245585 0.540009 0.478025 0.198759 0.149948 0.00187672 0.00187672 0.00187672 0.00187672 0.00187672 0.00187672 0.00187672 0.00187672 0.00187672 0.00187672 0.00187672 0.00187672 0.00187672 0.00187672 0.00187672 0.00187672 0.00187672 0.00187672 0.00187672 0.00187672 0.281444 0.0816887 0.423814 0.524831 0.367282 0.161741 0.662767 0.870487 0.935045 3.44003 1 0.000294442 0 0 0 0 0 0 0 0 0.000196541 0.0204403 0.571934 0.667649 1 0.407429 0.00314465 0 0 0 0 0 0 0.00100587 0.0400671 0.207712 1 0.469405 0.227997 0.331936 
0.285765 0.958861 0.086922 0.248599 0.20726 0.147651 0.218464 0.120132 0.00187672 0.00187672 0.00187672 0.00187672 0.00187672 0.00187672 0.00187672 0.00187672 0.00187672 0.00187672 0.00187672 0.00187672 0.00187672 0.00187672 0.00187672 0.00187672 0.00187672 0.00187672 0.00187672 0.00187672 0.108521 0.128301 0.335447 0.252361 0.180841 0.189052 0.497501 0.428342 0.212956 8.36406 1 0.00780971 0 0 0 0 0 0 0 0 0 0.000644745 0.0644745 1 0.823017 0.378304 0.235332 0.123952 0.0541586 0.0274017 0 0.000811249 0.00689562 0.055841 0.137912 0.245809 0.273121 0.337074 1 0.228231 
0.287555 0.263719 0.146962 0.197714 0.0336775 0.0633755 0.0483827 0.0264637 0.00187672 0.00187672 0.00187672 0.00187672 0.00187672 0.00187672 0.00187672 0.00187672 0.00187672 0.00187672 0.00187672 0.00187672 0.00187672 0.00187672 0.00187672 0.00187672 0.00187672 0.00187672 0.00187672 0.00187672 0.0215282 0.0117603 0.019386 0.0502699 0.132726 0.0439251 0.341557 0.226779 0.487824 1.76678 1 0.0377199 0.0214443 0.00267595 0.00109971 0.00183284 0.000659824 0.000623167 0.00058651 0.00590176 0.120702 0.0647033 0.162919 0.208327 0.191208 0.267228 0.297548 0.337009 0.711882 1 0.323776 0.452914 0.644988 1 0.311305 0.160956 0.125408 0.141725 0.17366 0.0754079 
1.16626 0.390712 0.571778 0.624242 0.157197 0.401028 0.38655 0.0742092 0.00187672 0.00187672 0.00187672 0.00187672 0.00187672 0.00187672 0.00187672 0.00187672 0.00187672 0.00187672 0.00187672 0.00187672 0.00187672 0.00187672 0.00187672 0.00187672 0.00187672 0.00187672 0.00187672 0.00187672 0.131599 0.139622 0.411791 0.277905 0.184954 0.693552 1.06014 0.403158 2.80629 7.27332 1 0.475392 0.0722035 0.020639 0.158828 0.273566 0.47655 0.0756764 0.0092611 0.186479 1 0.18693 0.0322432 0.00731918 0.00494902 0.00447201 0.00190806 0.000730428 0.000149067 4.47201e-005 0.0210496 0.512532 1 0.171398 0.0579169 0.0969744 0.614536 0.873378 0.0222258 0.000405581 
0.493579 0.253506 0.526683 0.159928 0.160719 0.128573 0.174143 0.150672 0.00187672 0.00187672 0.00187672 0.00187672 0.00187672 0.00187672 0.00187672 0.00187672 0.00187672 0.00187672 0.00187672 0.00187672 0.00187672 0.00187672 0.00187672 0.00187672 0.00187672 0.00187672 0.00187672 0.00187672 0.0399969 0.0626637 0.187099 0.110693 0.17768 0.381326 0.296229 0.229652 1.14187 5.34597 1 0.384851 0.0283007 0.00595296 0.00614602 0.00193069 0.000595296 0.000305692 0.000370049 0.0427647 0.0185179 0.33062 0.537645 0.0437247 0.0350588 0.0357508 0.0513691 0.108966 0.418663 1 0.0164221 0.278948 1 0.997453 0.242074 0.113814 0.0910059 0.193872 0.277731 0.264768 
3.88543 3.18717 2.24563 1.34414 1.58183 1.12992 0.949932 0.654448 0.00187672 0.00187672 0.00187672 0.00187672 0.00187672 0.00187672 0.00187672 0.00187672 0.00187672 0.00187672 0.00187672 0.00187672 0.00187672 0.00187672 0.00187672 0.00187672 0.00187672 0.00187672 0.00187672 0.00187672 1.28449 1.03656 1.25396 1.97737 2.25358 2.21439 1.9355 4.24628 0.332571 7.77221 0.184898 1 0.0180393 0.00284831 0.00331293 0.000868634 0.00183827 0.00153526 0.00141406 0.00432297 0.0652126 0.191108 0.630791 1 0.206196 0.0906401 0.0150153 0.0037995 0.00138828 0.000438404 0 0.0914992 0.586475 0.0822985 0.0572364 0.143091 0.287029 0.575299 1 0.583484 
0.170841 0.520976 0.580038 0.435338 0.426383 0.198982 0.217219 0.111348 0.00187672 0.00187672 0.00187672 0.00187672 0.00187672 0.00187672 0.00187672 0.00187672 0.00187672 0.00187672 0.00187672 0.00187672 0.00187672 0.00187672 0.00187672 0.00187672 0.00187672 0.00187672 0.00187672 0.00187672 0.280556 0.614536 0.29858 0.203854 0.380055 0.249108 0.336108 0.801755 1.10013 8.29514 1 0.310423 0.0978429 0.0863494 0.0555903 0.0409682 0.178758 0.0621439 0.0226577 0.381953 0.889327 0.671847 0.230812 0.104441 0.185927 0.288317 0.223476 0.227183 0.244222 1 0.618286 0.0451077 0.0174987 0.0157974 0.0242551 0.0687309 0.293151 0.736888 1 0.481553 
0.216518 0.22993 0.093609 0.0217293 0.0775552 0.0307533 0.0219665 0.0238408 0.00187672 0.00187672 0.00187672 0.00187672 0.00187672 0.00187672 0.00187672 0.00187672 0.00187672 0.00187672 0.00187672 0.00187672 0.00187672 0.00187672 0.00187672 0.00187672 0.00187672 0.00187672 0.00187672 0.00187672 0.0256217 0.0394082 0.0334807 0.0330161 0.0641521 0.0229013 0.0848224 0.195278 0.967213 3.28663 1 0.129777 0.00154093 0.000184911 0.000647189 0.00163338 0.00511588 0.00671844 0.0147621 0.0663831 0.13963 0.375525 0.546146 1 0.868884 0.854921 0.632989 0.0901351 0.00817346 0.0017028 0.000461808 0.174933 0.823682 1 0.568579 0.162372 0.603953 0.33555 0.00655768 0.000461808 
0.331682 0.32148 0.300295 0.00630164 0.175997 0.135416 0.113544 0.112594 0.00187672 0.00187672 0.00187672 0.00187672 0.00187672 0.00187672 0.00187672 0.00187672 0.00187672 0.00187672 0.00187672 0.00187672 0.00187672 0.00187672 0.00187672 0.00187672 0.00187672 0.00187672 0.00187672 0.00187672 0.0427603 0.177222 0.101503 0.163623 0.24614 0.0669407 0.395323 0.322205 0.56784 2.21474 1 0.342623 0.0120938 0.00352298 0.0245557 0.158902 0.380692 0.0594174 0.0228205 0.0398044 1 0.318925 0.15269 0.159886 0.160309 0.153484 0.0853923 0.0215333 0.00343897 0.000634887 0.000604961 0.014141 0.0719903 0.129235 0.185496 0.300817 0.307244 0.273064 0.657592 1 
0.407103 0.361223 0.21285 0.154368 0.19899 0.0950116 0.195871 0.0193837 0.00187672 0.00187672 0.00187672 0.00187672 0.00187672 0.00187672 0.00187672 0.00187672 0.00187672 0.00187672 0.00187672 0.00187672 0.00187672 0.00187672 0.00187672 0.00187672 0.00187672 0.00187672 0.00187672 0.00187672 0.134525 0.0174597 0.184244 0.0707867 0.221084 0.218921 0.274448 0.569513 0.426616 3.18514 1 0.00629524 3.7696e-005 0 0 0 0 0 0.00018848 0.0373945 0.000109987 0.00362956 0.0199076 0.188737 0.688627 0.676969 1 0.304883 0.0798504 0.0373955 0.0455846 0.475873 0.473393 0.400916 0.494946 0.476254 0.528896 1 0.590883 0.795155 
0.422494 0.177997 0.144158 0.140614 0.122768 0.0510707 0.0301089 0.0400349 0.00187672 0.00187672 0.00187672 0.00187672 0.00187672 0.00187672 0.00187672 0.00187672 0.00187672 0.00187672 0.00187672 0.00187672 0.00187672 0.00187672 0.00187672 0.00187672 0.00187672 0.00187672 0.00187672 0.00187672 0.0379713 0.0352806 0.0323887 0.0192606 0.0908256 0.0942771 0.12324 0.438162 1.2874 3.13211 1 0.624672 0.0500052 0.00503725 0.00472243 0.00561444 0.0327422 0.178403 0.430843 0.554885 0.309659 0.763768 1 0.444803 0.2337 0.40176 0.292505 0.0360172 0.000443094 0 0 0 0.0533105 0.730936 0.564098 0.159532 0.183961 0.210217 0.238299 1 
0.287118 0.5958 0.104966 0.17978 0.145563 0.0579832 0.0573563 0.0660653 0.00187672 0.00187672 0.00187672 0.00187672 0.00187672 0.00187672 0.00187672 0.00187672 0.00187672 0.00187672 0.00187672 0.00187672 0.00187672 0.00187672 0.00187672 0.00187672 0.00187672 0.00187672 0.00187672 0.00187672 0.0766281 0.0396677 0.0615522 0.0219232 0.0859252 0.101745 0.127756 0.224894 0.475551 4.89543 1 0.00378144 0 0 0 0 0 0 0 0.000493232 0.00387993 0.0220543 0.120686 0.328364 0.868695 1 0.801103 0.413723 0.129671 0.0357362 0.000272257 0.0615301 0.266267 0.264906 0.338143 0.744351 0.919684 1 0.505581 0.888375 
1.30365 0.708159 0.451934 0.453644 0.211735 0.258416 0.124524 0.0104596 0.00187672 0.00187672 0.00187672 0.00187672 0.00187672 0.00187672 0.00187672 0.00187672 0.00187672 0.00187672 0.00187672 0.00187672 0.00187672 0.00187672 0.00187672 0.00187672 0.00187672 0.00187672 0.00187672 0.00187672 0.142465 0.0740106 0.160639 0.131363 0.169404 0.473411 0.305727 0.924989 1.3217 4.98918 1 0.118223 0.116717 0.0158133 0.0112952 0.0353916 0.0384036 0.0135542 0.0301205 0.0444277 0.674907 1 0.639061 0.0234858 0 0 0 0 0 0 0 0 0 0 0.0148064 0.0216401 0.0615034 0.484055 1 0.571754 
0.525201 0.247437 0.253121 0.107078 0.133302 0.0597587 0.0673458 0.0610131 0.00187672 0.00187672 0.00187672 0.00187672 0.00187672 0.00187672 0.00187672 0.00187672 0.00187672 0.00187672 0.00187672 0.00187672 0.00187672 0.00187672 0.00187672 0.00187672 0.00187672 0.00187672 0.00187672 0.00187672 0.138166 0.141703 0.137154 0.171205 0.215751 0.181037 0.262624 0.310878 0.512969 0.910295 1 0.064196 0.000586265 0 0 0 0 0 0 0 0.042678 1 0.525909 0.00160583 0.000123525 0.000123525 0 0 0 0 0 0 5.63126e-005 0.000112625 0.000112625 0.000619439 0.0248339 1 0.368228 0.0378984 
0.0944979 0.226752 0.347617 0.460475 0.216548 0.102635 0.232809 0.0722851 0.00187672 0.00187672 0.00187672 0.00187672 0.00187672 0.00187672 0.00187672 0.00187672 0.00187672 0.00187672 0.00187672 0.00187672 0.00187672 0.00187672 0.00187672 0.00187672 0.00187672 0.00187672 0.00187672 0.00187672 0.0726049 0.088642 0.0926155 0.267723 0.19547 0.489092 0.670909 0.169125 1.37045 2.64072 1 0.349983 0.00185421 0.000579441 0.000231777 0.170588 0.0272337 0.00440375 0.00405609 0.00880751 0.0500575 0.100978 0.300345 0.85702 1 0.510069 0.417146 0.335731 0.159666 0.0814154 0 0.0154525 0.24209 0.824503 0.614422 0.601913 0.509198 1 0.95585 0.21376 
0.255523 0.257898 0.305349 0.350451 0.257275 0.210706 0.225307 0.271742 0.00187672 0.00187672 0.00187672 0.00187672 0.00187672 0.00187672 0.00187672 0.00187672 0.00187672 0.00187672 0.00187672 0.00187672 0.00187672 0.00187672 0.00187672 0.00187672 0.00187672 0.00187672 0.00187672 0.00187672 0.099626 0.18157 0.267 0.352585 0.455715 0.576236 0.73444 1.19083 1.53186 2.37255 1 0.0760935 0.00471839 0.0014979 0.00224685 0.0062163 0.00689035 0.00629119 0.00449371 0.00816357 0.351289 0.212629 0.605155 1 0.525 0.321907 0.312113 0.283247 0.165464 0.0396907 0.00018018 0.0147748 0.0299099 0.094955 0.376937 1 0.68 0.15027 0.072973 0.266306 
0.439815 0.295522 0.382643 0.0423466 0.253092 0.151507 0.106494 0.175181 0.00187672 0.00187672 0.00187672 0.00187672 0.00187672 0.00187672 0.00187672 0.00187672 0.00187672 0.00187672 0.00187672 0.00187672 0.00187672 0.00187672 0.00187672 0.00187672 0.00187672 0.00187672 0.00187672 0.00187672 0.0306308 0.198715 0.11392 0.180725 0.291846 0.0542173 0.483135 0.382913 0.677018 2.43117 1 0.628814 0.00301537 0.000295625 0.000157667 0 0 7.88333e-005 0.00220733 0.0437328 0.0971207 0.751369 1 0.298095 0.0367576 0.0234221 0.0118945 0.00521366 0.00235793 0.00154576 0.00650096 0.0451562 0.528585 1 0.246144 0.0311026 0.0265774 0.0293818 0.540504 0.259783 
0.104824 0.406812 0.385784 0.156821 0.0774757 0.120703 0.116565 0.0771061 0.00187672 0.00187672 0.00187672 0.00187672 0.00187672 0.00187672 0.00187672 0.00187672 0.00187672 0.00187672 0.00187672 0.00187672 0.00187672 0.00187672 0.00187672 0.00187672 0.00187672 0.00187672 0.00187672 0.00187672 0.0719723 0.228908 0.300461 0.110849 0.143108 0.182547 0.350448 0.815103 0.51584 3.3904 0.228553 0.00477523 0.00197596 0.00576321 0.00428124 0.0757451 1 0.00905648 0.00543389 0.182118 0.017288 0.158833 0.306861 0.437601 0.446245 0.287412 0.517558 1 0.950837 0.310103 0.152574 0.282475 0.601323 1 0.782239 0.379783 0.232404 0.210203 0.29948 0.413321 
0.172193 0.299019 0.0802102 0.0585227 0.0254348 0.0345205 0.0329584 0.0503221 0.00187672 0.00187672 0.00187672 0.00187672 0.00187672 0.00187672 0.00187672 0.00187672 0.00187672 0.00187672 0.00187672 0.00187672 0.00187672 0.00187672 0.00187672 0.00187672 0.00187672 0.00187672 0.00187672 0.00187672 0.0237209 0.0473308 0.080119 0.0862815 0.0562426 0.0926822 0.063741 0.137335 0.424231 2.69458 1 0.244866 0.00469092 0.000312728 0.000625456 0.000104243 0 0 0.000104243 0.0118837 0.029909 0.096554 0.341352 0.810793 0.958387 1 0.453836 0.155072 0.0552666 0.0191808 0.000418936 0.0247172 0.295769 0.693339 0.644323 1 0.939254 0.420612 0.281525 0.774194 
7.40803 17.6227 12.5836 0.498628 2.03494 0.822189 2.57142 2.16254 0.00187672 0.00187672 0.00187672 0.00187672 0.00187672 0.00187672 0.00187672 0.00187672 0.00187672 0.00187672 0.00187672 0.00187672 0.00187672 0.00187672 0.00187672 0.00187672 0.00187672 0.00187672 0.00187672 0.00187672 1.15091 1.75182 1.98349 2.39253 6.93112 3.72677 2.46848 0.842462 16.6417 97.0706 1 0.280233 0.000453756 0 0.000154941 0 0 0 0 0.000320949 0.0160168 0.0149649 0.0256201 0.351895 0.974855 0.943738 1 0.341104 0.126608 0.0625742 0.00132097 0.0083074 0.0313216 0.133711 0.489432 1 0.622967 0.147508 0.060236 0.903364 
0.774596 2.41833 0.338748 0.681865 0.661827 0.158995 0.25262 0.590387 0.00187672 0.00187672 0.00187672 0.00187672 0.00187672 0.00187672 0.00187672 0.00187672 0.00187672 0.00187672 0.00187672 0.00187672 0.00187672 0.00187672 0.00187672 0.00187672 0.00187672 0.00187672 0.00187672 0.00187672 0.975775 0.366221 0.096541 0.405646 0.253865 0.829827 0.446342 1.38772 0.0700455 12.378 1 0.684265 0.0807572 0.00521014 0.00104203 0.000347343 0.00104203 0.0171935 0.116881 0.611671 0.303997 1 0.249302 0.00494305 0 0 0 0 0 0 0 0 0 0 0.0014647 0.0634704 0.190802 0.0777268 0.0825115 1 
0.662138 0.297766 0.229679 0.151994 0.130068 0.116988 0.0953317 0.0863587 0.00187672 0.00187672 0.00187672 0.00187672 0.00187672 0.00187672 0.00187672 0.00187672 0.00187672 0.00187672 0.00187672 0.00187672 0.00187672 0.00187672 0.00187672 0.00187672 0.00187672 0.00187672 0.00187672 0.00187672 0.206521 0.227121 0.266221 0.285676 0.32478 0.344034 0.411931 0.557082 0.783298 2.23087 1 0.065668 0.0148247 0.00808367 0.0127497 0.0265868 0.0257046 0.0118398 0.00983134 0.0742954 0.566527 0.360546 0.242024 0.159578 0.136569 0.134501 0.19335 0.45453 1 0.414569 0.097381 0.581364 0.929567 1 0.999957 0.551126 0.385303 0.242273 0.0864502 0.00158009 
3.13481 8.60794 1.7826 0.710257 0.797079 0.98774 0.71584 0.39265 0.00187672 0.00187672 0.00187672 0.00187672 0.00187672 0.00187672 0.00187672 0.00187672 0.00187672 0.00187672 0.00187672 0.00187672 0.00187672 0.00187672 0.00187672 0.00187672 0.00187672 0.00187672 0.00187672 0.00187672 0.734187 0.633089 1.00511 1.00153 1.56239 3.64614 2.50762 1.82794 6.56513 95.4899 1 0.348638 0.000330679 0.00170427 0.000661359 0.000534174 0.00307786 0.00132272 0.000890291 0.0199425 0.0140472 0.0451353 0.659182 0.735866 1 0.46304 0.0982153 0.018365 0.0105354 0.0133564 0.0530957 0.0373002 0.0403451 0.141652 0.269031 0.434408 0.723928 0.566671 0.167851 1 
0.389407 0.622141 0.456194 0.196147 0.187889 0.242211 0.0331658 0.12186 0.00187672 0.00187672 0.00187672 0.00187672 0.00187672 0.00187672 0.00187672 0.00187672 0.00187672 0.00187672 0.00187672 0.00187672 0.00187672 0.00187672 0.00187672 0.00187672 0.00187672 0.00187672 0.00187672 0.00187672 0.160516 0.240016 0.168196 0.252201 0.269501 0.36485 0.281365 0.256624 1.21603 3.09231 0.101414 0.0544294 0.0215215 0.0175488 0.0487362 0.321415 1 0.213682 0.0434497 0.0575576 0.529104 0.778088 1 0.396688 0.194027 0.0946262 0.0351483 0.0125457 0.0059935 0.00157456 0.761983 1 0.189729 0.0905779 0.0350051 0.0138155 0.0189685 0.0407801 0.124162 0.394429 
0.70649 0.953345 0.793485 0.652757 0.485659 0.447415 0.359458 0.260965 0.00187672 0.00187672 0.00187672 0.00187672 0.00187672 0.00187672 0.00187672 0.00187672 0.00187672 0.00187672 0.00187672 0.00187672 0.00187672 0.00187672 0.00187672 0.00187672 0.00187672 0.00187672 0.00187672 0.00187672 0.259371 0.421224 0.242228 0.339061 0.818438 0.492367 0.911811 1.57307 2.56919 10.8543 0.876349 1 0 0 0 0 0 0 0 0.0978901 0 0 0.00610465 0.0430233 0.107267 0.290407 0.0572674 0.381395 0.406686 1 0 0 0 0 0 0.000151999 0.00334397 0.0354157 0.184223 1 
0.267074 0.500317 0.483275 0.278425 0.489809 0.127249 0.249012 0.180378 0.00187672 0.00187672 0.00187672 0.00187672 0.00187672 0.00187672 0.00187672 0.00187672 0.00187672 0.00187672 0.00187672 0.00187672 0.00187672 0.00187672 0.00187672 0.00187672 0.00187672 0.00187672 0.00187672 0.00187672 0.129945 0.0768161 0.074539 0.336107 0.0831802 0.671166 0.393496 0.655352 0.783117 3.01882 0.722661 1 0 0 0 0 0 0 0 0.000781318 0 0 0 0.00447814 0.193989 1 0.172148 0.0459903 0.0981071 0.083766 0 0.0165012 0.0716407 0.0617146 0.0576274 0.0809576 0.203676 1 0.0198269 0 
0.569029 0.132145 0.260952 0.550418 0.314807 0.0978293 0.264044 0.0979629 0.00187672 0.00187672 0.00187672 0.00187672 0.00187672 0.00187672 0.00187672 0.00187672 0.00187672 0.00187672 0.00187672 0.00187672 0.00187672 0.00187672 0.00187672 0.00187672 0.00187672 0.00187672 0.00187672 0.00187672 0.329805 0.192368 0.360069 0.243238 0.201292 0.286639 0.545734 1.19646 0.848564 9.89693 0.000253501 0.00348565 1 0.263483 0.00221814 6.33754e-005 0.000221814 0.00427784 0.00364408 0.000348565 0.0180807 0.232267 0.506794 0.621376 0.813202 1 0.736493 0.316786 0.0655825 0.00427945 0 0.0795598 1 0.0887091 0.0659683 0.185441 0.675529 0.487105 0.0849301 0.00669628 
0.609496 0.257673 0.134577 0.416855 0.00844555 0.151578 0.0626675 0.0977447 0.00187672 0.00187672 0.00187672 0.00187672 0.00187672 0.00187672 0.00187672 0.00187672 0.00187672 0.00187672 0.00187672 0.00187672 0.00187672 0.00187672 0.00187672 0.00187672 0.00187672 0.00187672 0.00187672 0.00187672 0.0742893 0.0809096 0.178937 0.0556456 0.150916 0.291786 0.132566 0.570279 0.535322 1.5044 0.0380789 1 0.0015389 3.57884e-005 0 0 0 0 0 0 0.0158475 0.0389297 0.0751033 0.197634 0.282958 0.516537 1 0.853927 0.321429 0.0318098 0 0 0.000285095 0.000399133 0.00108336 0.0033071 0.0237199 0.167636 0.459973 1 
0.0237562 0.449858 0.127767 0.169642 0.0779113 0.201377 0.0243054 0.0894952 0.00187672 0.00187672 0.00187672 0.00187672 0.00187672 0.00187672 0.00187672 0.00187672 0.00187672 0.00187672 0.00187672 0.00187672 0.00187672 0.00187672 0.00187672 0.00187672 0.00187672 0.00187672 0.00187672 0.00187672 0.0690213 0.210845 0.132651 0.080222 0.0777715 0.170477 0.0996358 0.35232 0.494156 2.86928 1 0.0679002 0.0384637 0.00499019 0.00891505 0.00745725 0.0243342 0.0145781 0.0214186 0.0727782 0.88838 1 0.718884 0.392441 0.156651 0.0589104 0.0397165 0.0422265 0.0140263 0.00265761 0.0129799 0.191682 0.114077 0.0215722 0.0211152 0.0352834 0.0682815 0.143236 0.447258 1 
0.219498 1.03361 0.454927 0.728395 0.470902 0.359218 0.21426 0.320325 0.00187672 0.00187672 0.00187672 0.00187672 0.00187672 0.00187672 0.00187672 0.00187672 0.00187672 0.00187672 0.00187672 0.00187672 0.00187672 0.00187672 0.00187672 0.00187672 0.00187672 0.00187672 0.00187672 0.00187672 0.278595 0.37671 0.424949 0.46532 0.880044 1.01777 0.436438 0.19541 0.0504682 8.54625 1 0.0213745 0.000713076 0.000240663 0.00155985 0.040057 0.197781 0.0208129 0.00774579 0.0113914 0.0189017 0.0965676 0.244941 0.510814 1 0.194399 0.00643311 0.0012781 0.000397631 0.00012781 0.000208847 0.386733 0.0757463 0.0181044 0.0183655 0.0288862 0.040425 0.0632938 0.274425 1 
0.313185 0.420659 0.313295 0.186619 0.19304 0.161207 0.212648 0.106747 0.00187672 0.00187672 0.00187672 0.00187672 0.00187672 0.00187672 0.00187672 0.00187672 0.00187672 0.00187672 0.00187672 0.00187672 0.00187672 0.00187672 0.00187672 0.00187672 0.00187672 0.00187672 0.00187672 0.00187672 0.145632 0.203672 0.131924 0.261324 0.207956 0.252585 0.479171 0.846198 0.719211 2.57187 1 0.0313776 0.000595238 4.2517e-005 4.2517e-005 0 0 4.2517e-005 0 0.00246599 0.0128684 0.0309257 0.113325 0.396638 0.532794 0.648194 0.685347 0.895392 1 0.351806 0.12469 0.811106 0.674765 0.534953 1 0.93059 0.909023 0.885473 0.142538 0.0188399 
0.200302 0.0503545 0.0856294 0.211479 0.161182 0.14872 0.0798744 0.0581874 0.00187672 0.00187672 0.00187672 0.00187672 0.00187672 0.00187672 0.00187672 0.00187672 0.00187672 0.00187672 0.00187672 0.00187672 0.00187672 0.00187672 0.00187672 0.00187672 0.00187672 0.00187672 0.00187672 0.00187672 0.0887121 0.070661 0.0647117 0.251368 0.0426515 0.129492 0.222998 0.321499 0.288924 2.50898 1 0.625345 0.0386062 0.00795939 0.0114064 0.00708198 0.0272625 0.201868 0.357358 0.298696 1 0.463066 0.474271 0.34127 0.148712 0.0491444 0.0247853 0.00127885 0.000121795 0 0.000211562 0.00513037 0.0630983 0.167398 0.123605 0.0914476 0.0904427 0.153118 0.479135 1 
0.165254 0.587809 0.407764 0.200284 0.296738 0.0343874 0.209212 0.0436731 0.00187672 0.00187672 0.00187672 0.00187672 0.00187672 0.00187672 0.00187672 0.00187672 0.00187672 0.00187672 0.00187672 0.00187672 0.00187672 0.00187672 0.00187672 0.00187672 0.00187672 0.00187672 0.00187672 0.00187672 0.0656812 0.0773678 0.112128 0.0784019 0.306427 0.183011 0.810803 0.834702 1.57844 5.97243 1 0.22829 0 0 0 0 4.69733e-005 6.26311e-005 0.000250525 0.00803244 0.015908 0.0651215 0.179397 0.608615 1 0.716516 0.774845 0.712405 0.369995 0.132686 0.00179893 0.0427593 0.224313 0.602159 0.915865 1 0.761226 0.568878 0.764893 0.582855 
0.178015 0.567603 0.300785 0.204338 0.215617 0.129966 0.185047 0.441813 0.00187672 0.00187672 0.00187672 0.00187672 0.00187672 0.00187672 0.00187672 0.00187672 0.00187672 0.00187672 0.00187672 0.00187672 0.00187672 0.00187672 0.00187672 0.00187672 0.00187672 0.00187672 0.00187672 0.00187672 0.204338 0.215617 0.129966 0.185047 0.441813 0.218565 0.287964 0.636654 0.537221 1.92249 0.0594262 0.00204918 0 0.0819672 0.0409836 1 0.788934 0.163934 0.0122951 0.0348361 0.379913 1 0.30131 0.157205 0.170306 0.209607 0.235808 0.179039 0.358079 0.0960699 1 0.115086 0.096423 0.116641 0.105754 0.0995334 0.0544323 0.066874 0.00311042 0 
0.292415 0.0857228 0.0511967 0.159068 0.197093 0.341014 0.0637871 0.143109 0.00187672 0.00187672 0.00187672 0.00187672 0.00187672 0.00187672 0.00187672 0.00187672 0.00187672 0.00187672 0.00187672 0.00187672 0.00187672 0.00187672 0.00187672 0.00187672 0.00187672 0.00187672 0.00187672 0.00187672 0.0406169 0.0782187 0.445456 0.152752 0.206571 0.17977 0.568239 1.17286 1.86672 2.78446 0.0301388 0.00117086 4.33651e-005 4.33651e-005 0.000130095 0.00563747 1 0.0851258 0.0406765 0.0508673 0.248746 0.771565 0.578017 0.369654 0.3319 0.380406 0.51589 0.694863 0.963441 1 0.0174491 0.409236 1 0.527427 0.180758 0.130628 0.147691 0.118673 0.0779909 0.0885954 
1.56504 1.69854 0.840895 0.539755 0.670747 0.233512 0.448183 0.273823 0.00187672 0.00187672 0.00187672 0.00187672 0.00187672 0.00187672 0.00187672 0.00187672 0.00187672 0.00187672 0.00187672 0.00187672 0.00187672 0.00187672 0.00187672 0.00187672 0.00187672 0.00187672 0.00187672 0.00187672 0.565755 0.669846 0.641823 1.00626 0.78571 0.385619 0.419478 1.65114 4.13114 7.37484 1 0.232116 0 0 0 0 0 0 0 0.000738095 0 0.0367025 0.228996 1 0.99722 0.218762 0.0373342 0.0157928 0.0200253 0.0150979 0.0257726 0.0940814 0.116889 0.504505 0.665982 0.460714 0.400388 1 0.907971 0.5857 
0.645269 0.494565 0.00751954 0.599769 0.328977 0.488811 0.00201486 0.937919 0.00187672 0.00187672 0.00187672 0.00187672 0.00187672 0.00187672 0.00187672 0.00187672 0.00187672 0.00187672 0.00187672 0.00187672 0.00187672 0.00187672 0.00187672 0.00187672 0.00187672 0.00187672 0.00187672 0.00187672 0.645269 0.494565 0.00751954 0.599769 0.328977 0.488811 0.00201486 0.937919 0.678687 2.73194 0.303247 0.000409855 4.55394e-005 6.83091e-005 9.10788e-005 0.000273236 1 0.0223371 0.0566738 0.556378 0.128417 0.381112 0.197041 0.30372 0.41996 0.412531 0.36662 0.336906 1 0.693905 0 0.000653547 0.00495607 0.00864135 0.0148864 0.0278302 0.0614334 0.149771 0.278193 1 
0.462325 0.537769 0.0599285 0.12749 0.171622 0.232063 0.174468 0.023696 0.00187672 0.00187672 0.00187672 0.00187672 0.00187672 0.00187672 0.00187672 0.00187672 0.00187672 0.00187672 0.00187672 0.00187672 0.00187672 0.00187672 0.00187672 0.00187672 0.00187672 0.00187672 0.00187672 0.00187672 0.0822408 0.0574689 0.0411256 0.0190112 0.256758 0.129217 0.454661 0.524621 0.290955 3.37674 0.667916 1 0.389767 0.244256 0.187062 0.204823 0.0780512 0.0291673 0.0175982 0.0288415 1 0.0865847 0.0171649 0.00310362 0 0 0 0 0 0 0 0.0219327 0.378067 0.126819 0.148751 0.121607 0.430402 0.67405 0.89316 1 
0.0685029 0.0721043 0.0731904 0.0256639 0.0474407 0.0605044 0.0901707 0.0959779 0.00187672 0.00187672 0.00187672 0.00187672 0.00187672 0.00187672 0.00187672 0.00187672 0.00187672 0.00187672 0.00187672 0.00187672 0.00187672 0.00187672 0.00187672 0.00187672 0.00187672 0.00187672 0.00187672 0.00187672 0.0476635 0.0852339 0.0173099 0.0843184 0.133859 0.191741 0.0448093 0.37143 0.118601 1.69706 0.17621 1 0.00296429 0.000329365 0.000517574 0.000799887 0 0 4.70522e-005 0.00042347 0.079638 0.215724 0.285973 0.59276 1 0.420023 0.144344 0.0633484 0.0265837 0.00701357 0 0.00353714 0.0887654 0.109314 0.158834 0.570827 1 0.855651 0.596429 0.845376 
1.07626 0.904677 0.458698 0.352198 0.499655 0.689067 0.409342 0.116164 0.00187672 0.00187672 0.00187672 0.00187672 0.00187672 0.00187672 0.00187672 0.00187672 0.00187672 0.00187672 0.00187672 0.00187672 0.00187672 0.00187672 0.00187672 0.00187672 0.00187672 0.00187672 0.00187672 0.00187672 0.147098 0.16219 0.396481 0.610506 0.307468 0.0511287 1.41213 0.0891791 3.316 7.80846 1 0.215159 0.117171 0.0628732 0.123761 0.0356347 0.159412 0.0325105 0.0153603 0.101583 1 0.402869 0.603806 0.449902 0.269606 0.236881 0.215041 0.124636 0.0929381 0.130969 1 0.365509 0.322385 0.214626 0.128236 0.140807 0.0953308 0.021491 0.00981287 0.0237009 
0.313396 0.426593 0.21552 0.0813419 0.0628878 0.0359132 0.0260442 0.0496279 0.00187672 0.00187672 0.00187672 0.00187672 0.00187672 0.00187672 0.00187672 0.00187672 0.00187672 0.00187672 0.00187672 0.00187672 0.00187672 0.00187672 0.00187672 0.00187672 0.00187672 0.00187672 0.00187672 0.00187672 0.0115378 0.0657676 0.0686789 0.0711914 0.103333 0.103506 0.228778 0.512089 0.630377 3.99594 1 0.0259431 0.00193125 0 0 0 0 0 0 0.359405 0.16421 0.908715 0.529092 0.534264 1 0.979054 0.608482 0.315749 0.210499 0.111973 0.099458 0.517344 0.658266 0.93794 1 0.778862 0.349322 0.263144 0.483198 0.752575 
0.700889 0.408081 0.63793 0.431979 0.187825 0.172311 0.204169 0.247723 0.00187672 0.00187672 0.00187672 0.00187672 0.00187672 0.00187672 0.00187672 0.00187672 0.00187672 0.00187672 0.00187672 0.00187672 0.00187672 0.00187672 0.00187672 0.00187672 0.00187672 0.00187672 0.00187672 0.00187672 0.23396 0.301141 0.373999 0.279736 0.464616 0.693739 0.613434 0.731184 2.6652 6.39947 0.640335 0.366611 0.0376569 0.0107113 0.00317992 0.0122176 0.0587448 0.025272 0.014728 1 0.356601 0.533384 0.364947 0.341047 0.319613 0.308991 0.274848 0.313354 0.566009 1 0.0976906 0.17632 0.234604 0.347691 0.524377 0.805169 1 0.457111 0.271628 0.83706 
0.608213 0.337347 0.20189 0.172082 0.196469 0.0434051 0.0978202 0.202086 0.00187672 0.00187672 0.00187672 0.00187672 0.00187672 0.00187672 0.00187672 0.00187672 0.00187672 0.00187672 0.00187672 0.00187672 0.00187672 0.00187672 0.00187672 0.00187672 0.00187672 0.00187672 0.00187672 0.00187672 0.104721 0.0820842 0.0734058 0.114553 0.0640342 0.111247 0.351653 0.117775 0.322371 2.52128 1 0.404554 0 0 0 0 0 0 0 0 0 0 0.00109025 0.117262 1 0.25633 0.0450636 0.0440945 0.0270139 0.00763174 0 0 0 0.00120627 0.00294867 0.026672 0.0611178 0.190457 1 0.379306 
0.742547 0.850188 0.391375 0.122539 0.0300654 0.148756 0.222593 0.0418723 0.00187672 0.00187672 0.00187672 0.00187672 0.00187672 0.00187672 0.00187672 0.00187672 0.00187672 0.00187672 0.00187672 0.00187672 0.00187672 0.00187672 0.00187672 0.00187672 0.00187672 0.00187672 0.00187672 0.00187672 0.25168 0.215825 0.271784 0.322905 0.283699 0.472418 0.302859 0.243456 1.63455 5.66978 1 0.139146 0.000145794 5.83175e-005 0.000204111 0.000116635 0.000524858 0.00069981 0.000728969 0.0148127 0.00193865 0.0232638 0.386589 1 0.727563 0.914015 0.740905 0.431178 0.15053 0.0562208 0.0507976 0.165092 1 0.832585 0.105622 0.0883537 0.0579216 0.0432089 0.159827 0.567679 
0.462816 0.775856 0.912258 0.855074 0.35381 0.446765 0.152185 0.18654 0.00187672 0.00187672 0.00187672 0.00187672 0.00187672 0.00187672 0.00187672 0.00187672 0.00187672 0.00187672 0.00187672 0.00187672 0.00187672 0.00187672 0.00187672 0.00187672 0.00187672 0.00187672 0.00187672 0.00187672 0.241517 0.400355 0.31958 0.628701 0.735893 0.702851 1.38306 0.335031 2.82299 6.77069 1 0.549108 0.00413146 0.00112676 0.000751174 0.00469484 0.084507 0.265728 0.141408 0.139155 0.114834 0.376861 0.544101 0.83992 1 0.191008 0.138316 0.0933562 0.0269187 0.00715922 0.0208562 0.665569 0.765825 0.530187 0.153677 1 0.353458 0.224662 0.186242 0.367728 
2.53883 55.34 1.81 0.365772 1.39477 9.99084 0.759171 0.554105 0.00187672 0.00187672 0.00187672 0.00187672 0.00187672 0.00187672 0.00187672 0.00187672 0.00187672 0.00187672 0.00187672 0.00187672 0.00187672 0.00187672 0.00187672 0.00187672 0.00187672 0.00187672 0.00187672 0.00187672 1.06589 5.28698 0.787439 0.902392 1.65174 18.2787 1.35012 1.31855 5.42382 481.862 1 0.252135 0.00143644 0 0 0 0 0 0 0.00913734 0.00017191 0.187554 1 0.569881 0.155235 0.198728 0.508166 0.856971 0.9541 0.68764 0 0.00956697 0.0874455 0.469285 1 0.982209 0.697214 0.344747 0.745216 0.975831 
0.538577 0.163384 0.258394 0.0811493 0.0663648 0.0623845 0.0499488 0.0107841 0.00187672 0.00187672 0.00187672 0.00187672 0.00187672 0.00187672 0.00187672 0.00187672 0.00187672 0.00187672 0.00187672 0.00187672 0.00187672 0.00187672 0.00187672 0.00187672 0.00187672 0.00187672 0.00187672 0.00187672 0.0438275 0.06051 0.0211694 0.183601 0.10406 0.0737055 0.163696 0.175966 0.979157 1.60887 1 0.0253138 0.00425441 0.000850883 0.00361625 0.17943 0.594554 0.216231 0.108488 0.171985 0.46637 1 0.66286 0.233394 0.138003 0.179223 0.145244 0.0866175 0.0451191 0.0183818 0.11633 1 0.748318 0.175017 0.0102064 0.000927859 0 0.00510322 0.026212 0.431106 
1.67207 0.596796 0.246069 0.552969 0.334803 0.11345 0.117013 0.118035 0.00187672 0.00187672 0.00187672 0.00187672 0.00187672 0.00187672 0.00187672 0.00187672 0.00187672 0.00187672 0.00187672 0.00187672 0.00187672 0.00187672 0.00187672 0.00187672 0.00187672 0.00187672 0.00187672 0.00187672 0.201768 0.151356 0.154889 0.0917031 0.36957 0.39907 0.756981 0.623617 1.33934 7.32626 0.736207 1 0.58 0.786897 0.621379 0.143103 0.0424138 0.0237931 0.0455172 0.0462069 1 0.124276 0.00299343 0 0 0 0 0 0 0 0 0 0 0 0 0.000315623 0.00757496 0.0613361 0.158969 1 